10
10 10 100
100 100 100 100 100 100 100 100 100 100
100 100 100 100 100 100 100 100 100 100
100 100 100 100 100 100 100 100 100 100
100 100 100 100 100 100 100 100 100 100
100 100 100 100 100 100 100 100 100 100
100 100 100 100 100 100 100 100 100 100
100 100 100 100 100 100 100 100 100 100
100 100 100 100 100 100 100 100 100 100
100 100 100 100 100 100 100 100 100 100
100 100 100 100 100 100 100 100 100 100
5 5 100
89 78 3 84 61
34 77 41 53 84
32 26 69 7 5
38 4 95 84 17
2 46 75 68 64
8 10 5
76 76 78 77 77 76 79 79 79 76
79 76 78 79 78 77 78 77 78 79
79 77 0 79 77 76 78 0 77 78
76 76 79 77 76 78 0 0 79 78
76 77 76 77 0 79 78 0 79 76
78 78 78 76 77 79 78 0 79 79
76 79 78 79 76 78 77 78 77 78
76 79 76 79 76 79 79 79 78 76
7 8 3
17 26 8 25 17 9 16 0
18 0 30 16 7 15 20 2
18 13 23 29 33 4 13 1
1 24 18 3 1 0 16 29
8 7 27 1 19 28 1 7
11 62 19 4 32 33 8 27
20 27 7 18 23 26 3 10
5 7 2
73 73 76 77 76 73 75
73 76 76 75 75 75 77
74 77 0 78 0 77 76
77 73 74 75 77 77 76
78 78 78 73 77 77 76
9 5 20
59 0 0 62 62
0 0 60 59 60
61 59 60 62 61
59 60 62 59 59
62 62 60 60 59
62 62 59 59 61
60 59 62 59 61
61 61 59 62 59
62 60 62 61 62
10 9 11
83 82 81 82 80 81 81 81 82
82 81 83 80 81 81 81 81 80
81 83 80 82 82 80 83 81 82
82 81 83 80 80 81 83 82 81
83 82 83 80 83 80 82 83 80
80 80 83 81 82 82 83 82 83
83 83 81 83 80 83 80 81 83
82 80 82 80 81 83 80 82 81
82 80 81 81 80 83 83 81 82
80 82 81 81 83 81 83 81 82
9 5 16
0 0 53 52 0
0 0 53 0 0
0 0 0 0 54
52 52 51 54 53
52 51 52 52 52
53 53 53 54 52
51 54 51 52 53
53 51 54 52 51
52 51 54 51 53
10 10 37
89 72 12 46 15 18 48 50 40 82
34 75 98 32 8 21 90 12 45 66
55 42 88 88 71 19 66 69 64 61
30 94 55 52 66 3 32 21 28 86
15 16 32 64 59 18 71 69 66 38
99 58 7 47 14 40 24 6 38 84
65 32 66 47 95 54 66 51 67 51
95 26 57 44 45 73 21 86 6 65
41 94 54 47 63 80 100 48 46 86
14 68 68 71 4 56 96 96 39 77
5 5 1
100 100 100 100 100
100 100 50 100 100
100 50 50 50 100
100 100 50 100 100
100 100 100 100 100
