10
20 20 526283788199542
629223695500799 415224277950725 715891239706639 403136270877885 139666674405599 84287392547853 395593380912742 804166365852205 257139262843150 565525496204713 762705034372473 912255827159205 498737237365170 865516869676292 541492903764950 533148792793362 473657660602212 549203509118910 249628810833617 747918350432673
446200799844855 651691067748642 399232209150371 19456015819343 130087993211954 508207748389636 532346378735330 993783822416760 278417058338410 733309621367499 182701343852319 614967727108903 114632206684212 298037421433262 320854678077666 605370143985258 651568109042836 859671235650514 407617930766386 739475741040051
173405435430518 490422292247437 889758022984698 785804796724680 278356618502706 739330844143970 944143220837281 749056770742571 786213885122803 363181397603544 339040593749645 368868119917463 162429161082810 644262654607690 197861352360919 370668433868145 816675907394014 569694296391468 16236537897302 594731057785899
206278842733169 656339298368609 552457886943626 295918844247303 231434910440998 334874781611637 779522454712551 948735863895189 360575680953873 147603468070220 707944633518576 577949409027882 669026046061411 734228148643105 313039385279591 122292035316277 793730889916832 526462700770017 484175412711591 781992838989371
279964788910474 277392288861878 963622251040869 57525502463959 643140200393279 8174644103199 635639481569120 952260959677622 908122140699225 632192258605577 483255960990334 677201258146474 338673363831842 845400787290435 757012448984083 710814369014035 895099918077935 292856586838644 218799496160585 71301466790680
457973868270030 848727748029276 114946503340194 741726032821933 226978593175616 422983531513297 271840991981943 582071685299147 387344674324208 515876721577734 64117383545500 263342828649999 630813997945183 896959390134837 312498180887839 970731799899696 921325675060789 405306955815834 460498577701268 14137333781564
372232288901995 62076448122511 411274847137149 249649372662812 167488519112204 234780838292118 117590033943223 520640864477995 450688415971717 470874467409325 483400346201626 310987146339343 360543989407143 843010670154877 410199401012984 781136317140772 426529219363431 339738745304602 325716652704175 468991563214324
570605711478618 100969903322030 177742110650626 944405460720534 539968508333053 541922759390573 257157521968420 583643966315897 839413557613989 830638902482817 679888359748986 450553188124393 93213928543992 387228210113602 892179628289621 314310816548608 274379504668090 85182467311353 717663093880841 279991487919282
225190181792242 595264044941593 448334600845044 795305439839413 690026279302925 721418251072160 353716579188986 73654789536835 360931220098581 868085580474697 494349247709384 217618011520357 198698454528755 103813952386377 756911288456986 230125753358512 640387053555874 797398054634308 116391179147031 448706388955866
533421269612023 455736821680878 916033861976280 189427503494811 109564020860810 653529223957412 615579730587614 209750687956052 904283209888697 180942121588969 293604294334488 650116007191115 585987882402595 774714662622523 879017750239671 417125945591712 849692120296054 28272159629759 534828487064252 904616985522959
396454954040287 799678821975457 302065109652140 691137203148320 542102443718255 694349698110027 402911997157148 270573481774439 110820386290984 36169240535810 520180773897866 809839021582168 540921040611630 522803527066222 416030183333141 449806118101399 87228049913135 431781314944733 491464409770962 870865557592758
271286184578911 427080809799870 32972243167302 668230098209171 476399436918448 71325905888089 346121359347438 62742338574196 289835573931578 753247179077242 803101211345641 644285859758859 310642561974144 657703038295000 226847548829999 541029459357468 742040161527707 369589125402671 931998905750087 580980061454742
774853946422892 445502428829353 905308026311723 664777240770907 151786740404361 83643091436672 517190802986640 900702280127970 491424553900625 75014166294308 639506812551898 169948769933924 592349058256886 449486071549342 477927004228985 173324852683152 176591955937415 701109524300496 418385921527527 237965324584339
777484370039339 890262710338092 899346907545164 268630309679041 769786516018728 620108604909142 992854786956679 776390317848529 4575596291081 4034061062800 331742868245245 669098717193142 942163023538959 798779096500739 597084264546731 125225215841505 563214497935823 89672665268422 879766042032226 945877602470345
805699906007772 876894542651094 916137919293543 630732449649244 944376763495425 426359568385499 822731519644864 603926998205105 245816981748355 427448063474279 837150739497929 184081854404623 496929377283518 826008181665509 427265314496708 581532616258469 515600569742155 630043480585438 506588192286372 27600292098101
134658038787303 357871781521064 491828265368721 115546137194058 557211320075450 224067476098203 628272993742522 957691281124208 636405398084385 761307298402035 526430185339324 227142617766111 441338647890972 951169624959648 660940980181684 511927878145170 937088382706421 455270389378128 652722094391733 439344528407946
527979699457143 134485107433044 588222401289027 517861798094373 143932974032576 28312811998475 525957622208837 811549501790927 155364615865403 365453793972118 536088875539968 375079431159241 662455965157518 935096559421273 675434293951282 514435616980805 209569328362330 387283653481380 535600218796370 632281221899063
992118513702889 374453528389617 931564252070059 949516935459658 351407026714374 316624853026147 676420867103164 389399667570582 758508356920995 962814572389104 841442630626907 990177825021059 143259297945697 75569020388514 419868864090157 637342184237099 196957135891362 6301450435969 226683820153123 159463095016220
500416675001260 500274389894302 991449587915914 836277246825832 507977020843513 944042970067826 466123197868600 866274312636008 759539321197813 204169857481793 136672136799000 621856900632971 736728851058900 967690037042645 976462501074019 390236656278752 23443567067593 22477019297563 235329239747401 479633306416325
285185422579040 926520149993583 291840479063685 810704891963460 921167619840059 666308973790923 217829624438693 419072788748763 562036762030841 416496121203660 614341420395186 284400692343949 311535928603290 279894292092166 783158980038481 529732346710259 213489404809237 553749023896164 255290949512409 735079281453866
20 20 17
805235688009620 846229621827590 880595473805671 746546743323489 746546743323487 572739505091538 539388553443618 539388553443620 539388553443614 761138900012202 409620776997067 409620776997063 592086849916872 46597586819723 819071398677297 28556874787132 27763047384346 555509248599439 555509248599448 772861845264895
120665658462441 120665658462443 880595473805675 805996136548322 805996136548305 383692372351211 413557491582500 410380959535887 539388553443601 906644317655774 242611174355815 242611174355810 592086849916883 592086849916893 132080626423946 878775911647302 555509248599427 555509248599441 772861845264918 772861845264902
120665658462431 120665658462432 828666643332402 828666643332417 828666643332428 105852251789254 413557491582510 410380959535879 883143100625812 906644317655782 242611174355819 242611174355827 592086849916894 888793908488568 22541138834016 163168894574151 163168894574134 163168894574122 163168894574119 288172820894231
130166865113069 828666643332381 828666643332394 168929934441537 828666643332441 168390241873805 168390241873788 145895984343671 883143100625808 883143100625802 499739186946678 622891753405967 592086849916881 275490319306067 567358176160136 4553582459739 163168894574119 360289985760439 136615667552598 615942861898442
558614423074301 828666643332398 828666643332402 612280291978994 828666643332427 168390241873779 168390241873787 90362149950870 655701149478551 499739186946649 499739186946664 499739186946672 592086849916873 495501082267299 495501082267309 495501082267296 495501082267288 500888666826352 274511138867329 615942861898444
828666643332387 828666643332383 828666643332389 612280291978991 612280291979001 168390241873765 168390241873793 908337768459397 655701149478563 253023244083379 565607672054671 565607672054685 880394482713773 495501082267301 495501082267295 495501082267294 495501082267279 500888666826350 875433081653762 200029357669654
283549355960952 828666643332383 101527514821381 928631582223140 168390241873801 168390241873797 168390241873790 484586625625864 655701149478577 253023244083371 880394482713787 493553880175916 880394482713757 495501082267299 495501082267305 356659554922001 14304038319663 779439556298143 305567682407548 961385631847284
775129198216444 530158336688782 569228791840561 251975602796993 336894430466571 168390241873812 339813603242538 253023244083367 253023244083378 253023244083363 880394482713777 880394482713782 880394482713766 880394482713753 495501082267307 495501082267323 642511408907690 116055387301738 116055387301751 72197314863843
59449664665028 530158336688790 487905176530349 183517279951236 183517279951244 183517279951232 900967612836462 673314911759309 253023244083390 253023244083378 253023244083388 668990724993272 880394482713752 495501082267317 495501082267304 495501082267315 495501082267311 976575727203721 699934249609580 699934249609573
57701150757177 57701150757170 895090457574640 401498968443717 157146199660154 183517279951223 184426058773149 662553448861073 253023244083390 201858352607908 201858352607908 668990724993281 668990724993266 495501082267329 495501082267301 495501082267307 379201784224505 947119273720536 768857610253870 997301296777613
401865673376768 574809848369725 236527925851114 782486216539554 157146199660157 966887485967435 253023244083375 253023244083390 253023244083374 201858352607902 201858352607912 119098845655796 840356270621927 462565756422303 462565756422286 462565756422276 379201784224510 102683592425969 16647413380457 689187702429254
401865673376781 242417068545449 236527925851114 269222971359807 298429099591498 966887485967444 253023244083373 253023244083376 253023244083363 201858352607895 208339119532282 119098845655794 911835064918979 422636123526857 976223416834726 304554478346557 304554478346544 820571965992020 740694796100409 17880382649537
242417068545444 242417068545442 549728675101066 549728675101083 549728675101098 147215075815598 4853364440357 253023244083372 253023244083369 208339119532252 208339119532267 208339119532253 208339119532260 235664210498525 558048685120523 500152842775621 458402056790394 820571965992022 712401833492429 15303238921823
759679294137668 759679294137653 629336853600117 549728675101088 19929092944309 679380508797619 4853364440371 253023244083380 253023244083393 788533741596848 147729073642923 208339119532263 208339119532267 208550497865323 558048685120511 500152842775611 500152842775619 163156520754181 881838992807195 15303238921821
798757483412095 601258373631822 601258373631854 601258373631860 886666764557373 4853364440352 4853364440366 4853364440374 294397282972561 181573526334144 55764333246409 675528872267015 429600000704798 636607511380744 510755679362966 69375382771434 306722134590211 192963208497248 606973663574932 299318374885130
741785214300653 601258373631816 601258373631832 601258373631848 886666764557382 886666764557377 418844477335134 4853364440385 634814289992835 181573526334160 181573526334172 619612300020831 87838332201456 636607511380757 453696399412204 453696399412211 306722134590196 192963208497245 153815060130504 447513124843366
741785214300649 601258373631883 601258373631867 601258373631853 601258373631870 886666764557381 418844477335120 45677645566624 634814289992829 95220419906569 349475688904993 349475688905007 920149823608805 453696399412209 453696399412217 453696399412207 306722134590187 202203518918301 202203518918290 202203518918294
842490520551726 601258373631889 408883636298065 601258373631869 234827170912660 886666764557376 886666764557373 886666764557372 634814289992824 961784426007926 961784426007917 948994683781408 948994683781400 948994683781406 771962570831996 356096024036403 356096024036398 202203518918305 202203518918295 202203518918305
749346196133131 749346196133145 685185057775000 150539092948161 150539092948153 958696501401414 958696501401402 958696501401408 961784426007894 961784426007909 961784426007913 948994683781388 948994683781387 948994683781401 948994683781369 948994683781361 356096024036391 159296653345679 159296653345664 845065993393199
749346196133116 329232541367573 685185057774996 816771093375928 138037303223951 958696501401402 958696501401398 961784426007911 961784426007894 961784426007904 835136660369934 948994683781372 948994683781386 948994683781375 948994683781364 70626404597130 356096024036389 159296653345680 159296653345669 159296653345662
20 20 55
13334998693466 67664613634641 636503780766357 636503780766320 636503780766275 90003407457527 839509004776336 211065116049261 794162586540310 487725826123586 304805136053638 239009598879333 304367069749465 497363951699654 748423895590453 748423895590513 748423895590474 16283017204391 748423895590483 748423895590471
13334998693484 4060965520136 452058072600922 452058072600854 452058072600884 810632765668705 839509004776332 794162586540244 794162586540275 487725826123601 277998940202457 239009598879292 304367069749481 748423895590503 748423895590472 748423895590483 748423895590497 748423895590502 748423895590496 748423895590498
65574304814995 371694306647304 452058072600922 452058072600879 452058072600934 452058072600985 794162586540202 794162586540244 794162586540216 220344627825995 277998940202425 191996306384994 940378310341428 475551923937914 748423895590449 748423895590490 748423895590492 748423895590543 748423895590523 748423895590549
718580626513378 854525384989312 972710907389755 972710907389798 16198613542773 408582285296073 408582285296111 727376447826521 485430024647574 483555959965947 483555959965921 518980488605844 33989593778439 748423895590475 748423895590462 748423895590491 748423895590505 93703571987369 748423895590528 748423895590507
697318094253778 854525384989285 378322173599982 972710907389819 639988931208572 408582285296048 408582285296101 408582285296146 408582285296197 3136080878684 575068245561420 895877356730542 443448639773707 748717074845838 748423895590503 748423895590450 748423895590401 93703571987381 800353300397637 487972217177347
568643732707806 378322173600048 378322173600030 242976224237932 471279012411218 408582285296116 408582285296086 408582285296130 408582285296145 3136080878677 1927371657928 740767533284720 748717074845802 748717074845804 22783918724568 658912793657237 605920928550894 158417013961139 24336582126343 793554943224699
671116296446237 671116296446280 471279012411200 471279012411204 471279012411211 249617039734870 408582285296036 408582285296113 842093772063291 1927371657904 1927371657952 1927371657911 852544409900553 748717074845841 748717074845896 748717074845909 748717074845927 556676223194613 863118415586876 793554943224681
517941370057648 471279012411130 471279012411174 454628593309354 471279012411213 954098596123121 408582285296112 408582285296163 408582285296134 1927371658004 1927371657968 1927371657898 1927371657868 229270565503499 748717074845946 748717074845971 748717074845961 927646721626176 498772567888259 456516149629936
445297178618924 212633256182069 553866442113928 553866442113975 408582285296124 408582285296084 408582285296075 150786102284866 150786102284851 75884184526678 987612296144073 36797693589531 859416976981888 859416976981883 859416976981938 763664089038932 763664089038985 927646721626223 498772567888279 498772567888258
15840598945992 212633256182103 846056898848699 408582285296079 408582285296079 408582285296050 408582285296084 783241097898492 918962158367069 163208254098920 36797693589512 36797693589489 859416976981906 859416976981939 554144860107022 927646721626202 927646721626234 927646721626270 498772567888328 833254318638035
272889997749172 357542029603047 357542029603039 380567761922017 417439816116467 876617586392007 408582285296067 887265544226733 918962158367060 36797693589463 36797693589467 36080298641886 533373006556311 554144860107024 554144860107075 402191087522527 972055076361366 471463809934897 851490746583208 28917954831609
250524032480870 922464910752012 885874564609697 187945349104891 417439816116494 686474017988661 686474017988621 686474017988587 275341195968753 618276899431453 556675744901578 36080298641858 533373006556343 554144860107062 653526737599510 972055076361214 972055076361343 972055076361333 298958208411036 592776046823876
250524032480837 617184877620187 779949944188559 779949944188524 948071378900068 133570175255075 686474017988664 686474017988575 203208555524475 444014477790139 556675744901621 36080298641871 36080298641860 554144860107057 666025062034433 972055076361231 972055076361277 972055076361288 298958208411025 592776046823895
886212478386261 617184877620200 617184877620230 617184877620199 979894417660144 15407698126319 517782920412294 517782920412253 517782920412202 517782920412217 655604235358953 655604235358992 655604235359004 655604235359010 33851608143788 517924028882791 972055076361332 517924028882910 737820240240575 737820240240605
97253705738409 97253705738372 617184877620205 617184877620193 617184877620150 381607683105074 517782920412254 809864152676619 788348913824100 599051961911814 655604235358996 655604235358976 655604235358955 655604235359006 517924028882785 517924028882801 517924028882841 517924028882878 737820240240697 737820240240660
748548424408383 617184877620147 617184877620160 617184877620138 95494829869883 95494829869843 915596546013478 218599414153892 915596546013375 589641532530483 589641532530516 655604235358984 793915232350382 793915232350358 605741781123008 744982070455795 517924028882838 517924028882919 737820240240650 730569839158400
748548424408432 748548424408447 617184877620121 617184877620132 684048316478709 95494829869798 915596546013446 915596546013413 915596546013337 915596546013343 915596546013387 915596546013435 793915232350330 201324585465138 605741781123047 916734293525127 717147100498681 717147100498696 737820240240704 730569839158345
420332378473978 617184877620070 617184877620101 684048316478718 684048316478694 95494829869852 915596546013317 915596546013366 915596546013389 915596546013375 517118104852678 741512998299728 224709966723615 224709966723580 224709966723600 522052695756618 297352563094135 683331559655484 864201428008828 812695763774344
617184877620081 617184877620111 201678795326211 93178445545749 684048316478683 879991462193713 930314454532214 969040375770843 969040375770852 969040375770858 517118104852624 517118104852583 2511585385570 2511585385545 562455251985262 562455251985221 852014015046787 864201428008775 864201428008785 812695763774293
783360274093403 783360274093456 5729658261265 5729658261227 684048316478730 26897397752163 701155175209588 969040375770801 201757886897057 874679605038020 874679605038053 517118104852613 517118104852638 2511585385597 562455251985245 562455251985257 561903667411724 577871400984905 812695763774316 812695763774269
20 20 2
658571731003777 858869418039688 858869418039687 745092859008876 745092859008877 787531665388257 787531665388259 787531665388260 976755434650191 261664735553970 189963618948667 621716879637147 196528244925756 196528244925755 196528244925756 196528244925756 512728402888146 512728402888146 512728402888144 512728402888142
449322580167539 858869418039687 858869418039688 586511601444071 134153617516568 134153617516568 915147204539168 915147204539169 261664735553969 261664735553970 235882544523049 146570609672954 605627950493445 196528244925755 196528244925757 196528244925756 512728402888146 512728402888147 512728402888146 512728402888144
534913634214917 534913634214917 586511601444072 586511601444072 134153617516567 32003446511940 188720992351744 188720992351744 352176903379461 352176903379460 139589159178974 146570609672952 975667227961643 621705406234747 196528244925757 196528244925756 440399046295135 512728402888149 455760969823094 444267449580548
103871363655289 758510133353511 626649157171280 697655548683125 148905505849397 148905505849399 479629746812417 435405256010396 337347022301350 352176903379462 730668995706418 851229102355757 975667227961645 553888700266252 674055581729916 68149073504976 440399046295137 440399046295136 440399046295137 440399046295135
103871363655290 591531267306514 505715373820895 505715373820895 856520640204349 314272678684688 39165866783541 86516666250152 266869329341090 469329990085150 469329990085152 851229102355757 980899361788375 553888700266251 980899361788371 55446983519607 241506830150168 255427866438045 906578469317040 448267250580006
103871363655292 572065704002468 992154466436191 435241152273727 400403317137901 314272678684687 931559391042406 454363337816624 266869329341090 15034928438204 469329990085150 220450208313896 980899361788374 980899361788373 980899361788373 263213405274335 255427866438045 255427866438045 906578469317042 728511263595523
103871363655290 103871363655288 65055858246434 65055858246434 65055858246432 314272678684687 314272678684686 314272678684684 314272678684684 314272678684682 255227866355127 980899361788377 980899361788375 980899361788374 984155649437763 608090935849250 501125147468614 501125147468618 906578469317043 109514274591250
398738205721101 360598828537934 177392402176693 477068564575306 482531713019920 314272678684687 314272678684685 314272678684686 314272678684683 323719097818055 842190666852646 380460308413260 980899361788377 501125147468613 501125147468614 501125147468614 501125147468614 501125147468616 109514274591248 109514274591248
398738205721103 360598828537933 931372830365681 360598828537931 482531713019922 274769035089556 274769035089555 82484345824626 82484345824626 323719097818054 842190666852647 318630811432669 22015535515010 501125147468612 501125147468613 290575294537987 8642906491377 501125147468614 879848246874538 907965223791506
398738205721101 360598828537932 108304083892280 360598828537932 384111670654426 274769035089552 274769035089554 274769035089554 88129439128866 872506560988538 842190666852646 318630811432671 474081896598213 834409167597801 290575294537990 290575294537988 520337143158083 767817397727044 907965223791506 907965223791508
864517943433145 360598828537932 360598828537932 360598828537931 360598828537931 274769035089552 274769035089553 274769035089552 986136534977276 921653627678377 842190666852644 309714544315530 309714544315531 703489296472522 290575294537992 377230612036988 767817397727040 767817397727042 907965223791506 343585806830120
914480740517543 577607114381018 646661533365250 360598828537930 57905085929564 997305491482726 274769035089553 274769035089554 205727093276468 845619924168014 634971655534915 634971655534917 309714544315532 703489296472524 703489296472526 767817397727041 767817397727040 907965223791509 907965223791507 706419832213478
101287268266486 646661533365250 646661533365250 360598828537929 57905085929564 274769035089555 274769035089556 274769035089555 396558126283839 396558126283841 165366623263864 165366623263862 309714544315530 457836317284763 703489296472526 473384135632060 907965223791508 907965223791508 907965223791507 730062588701418
910359614078894 627333090372097 711048982712781 796948682350968 261161743832522 866442880333041 274769035089556 920652782810394 616750601256995 396558126283839 165366623263863 243447307360065 243447307360063 473384135632066 473384135632064 473384135632062 693207785975214 139733337793163 139733337793161 549282378984595
716890288726332 517356792456530 629589057803013 987961004108816 506305810476652 866442880333042 973439308075127 973439308075129 451001207467601 896789874373825 489347174006534 489347174006532 262348224997606 262348224997608 280019731955011 693207785975211 693207785975212 693207785975212 255134758987581 549282378984595
716890288726334 716890288726336 653093632974962 987961004108815 625585660204936 866442880333040 429243601573770 973439308075131 489347174006536 489347174006535 489347174006534 489347174006532 262348224997606 693207785975209 693207785975207 693207785975209 440887753018524 693207785975210 255134758987582 512660581359708
87023577786558 279091122979666 279091122979665 706619404111666 706619404111666 866442880333038 363894782493737 446664240626324 489347174006536 559147393821796 559147393821797 831669056045398 262348224997608 262348224997608 171668533365572 171668533365570 329654113507362 329654113507362 73578466387169 395800071440593
87023577786559 116360336656203 836540903178481 706619404111666 353807188688205 96620549514487 856698778678530 377492430099844 291709379063878 37978521648514 37978521648514 201881439007883 601330718278031 171668533365569 171668533365568 171668533365568 329654113507361 329654113507361 73578466387167 157921133983729
649906095121367 631558909183289 517442854282729 425091891839126 425091891839124 425091891839124 879315060086396 879315060086395 457830159188355 773584049580535 876750953379728 36307329959091 171668533365564 963562482684824 171668533365566 171668533365568 18786766679028 18786766679028 522688245875707 929401584886669
910882418231126 61613493070966 517442854282731 425091891839128 425091891839123 425091891839122 879315060086396 879315060086394 285519929950538 285519929950537 61624116338614 171668533365566 171668533365566 171668533365564 171668533365566 483726838766132 979904299453869 979904299453868 412009879069711 375605912390116
20 20 49
785738201710701 750083443090687 552986852813446 552986852813434 420789246890192 856789506271195 856789506271217 827279685905549 827279685905569 827279685905529 441176925466018 429220518576671 134735007382716 565502682455835 961815669123403 961815669123370 822973904358078 754880892118462 754880892118461 598850386778189
750083443090653 750083443090693 707226388231464 345798278170337 810668919971259 856789506271149 856789506271177 55785680566525 827279685905551 827279685905561 330124128585922 330124128585925 330124128585936 565502682455850 328933431824951 328933431824937 693366107380435 754880892118503 837200637893220 982463050068100
750083443090690 750083443090646 750083443090668 750083443090648 810668919971278 405021287280720 546110506144404 55785680566567 579662533159004 228516686659963 228516686659956 228516686660002 330124128585968 565502682455804 565502682455787 941238557490359 583385314872711 754880892118548 754880892118545 254454824647350
956697199079437 956697199079480 750083443090690 750083443090653 750083443090664 153012302435770 991772869911966 55785680566537 579662533159028 579662533159025 579662533159010 565502682455840 565502682455808 565502682455828 565502682455820 928038370782055 453928991851103 983113774432170 983203261733678 886076678708910
126387592676049 126387592676073 991772869911922 991772869911913 991772869911922 991772869911933 991772869911925 991772869911898 579662533159048 697859341763874 697859341763923 565502682455857 387445345675646 565502682455852 891611376838896 994154474951610 994154474951583 983113774432202 306973470381120 306973470381127
126387592676050 126387592676008 550529151551996 722516360766881 991772869911952 991772869911916 704193013721457 704193013721458 697859341763957 697859341763916 719706115705362 284559529307788 945804822233758 467616060197868 554179972795867 554179972795833 516914084053038 516914084053023 516914084052999 306973470381080
128395597136070 128395597136130 550529151551956 550529151551988 991772869911930 877088310455186 877088310455195 81775218420368 697859341763915 697859341763903 719706115705359 994570268808349 915940699442141 467616060197836 107275123257251 107275123257209 107275123257210 107275123257234 516914084053027 641864972536936
128395597136085 128395597136089 128395597136133 678629018641961 135054234033206 877088310455194 877088310455211 109977422107822 19597260241933 697859341763870 697859341763891 994570268808383 915940699442144 915940699442139 217744544770358 856779195040404 107275123257162 107275123257222 107275123257176 170167312235075
390830161759552 390830161759556 116276184511357 116276184511361 322274659059137 877088310455174 877088310455208 356327271374266 53189152659417 566756195809680 542044555936802 169967366957184 925223135799499 12521833260165 279560753255587 971987094709759 971987094709808 107275123257194 496986300802597 816779512906115
390830161759560 390830161759567 316073952220741 322274659059097 322274659059107 877088310455168 877088310455163 744451042385450 356557074738792 53305169371021 179800121220857 169967366957194 169967366957233 726043681048223 279560753255559 971987094709778 971987094709826 760674400178250 496986300802613 801383066726171
390830161759583 390830161759619 316073952220765 322274659059056 322274659059130 521579590147578 521579590147599 744451042385491 356557074738775 144716768537693 179051279742112 169967366957158 169967366957182 231515005344102 212577530678743 971987094709748 971987094709765 971987094709769 496986300802594 496986300802613
364463402402948 603530315554305 316073952220743 266457133504392 894759137379738 7029718514035 7029718514067 7029718514028 76527844081258 144716768537685 823282821763005 404712762166419 472076213308335 231515005344110 534577649914702 534577649914664 848651774963500 848651774963488 514350249658075 678340291350169
877844494484303 899058500771035 402642076250991 323433908168443 323433908168459 323433908168425 239982136101101 974303128401085 76527844081219 512929709511064 225864454026267 597725391483153 231515005344063 231515005344073 221512790502966 241837071382736 241837071382780 848651774963466 848651774963504 678340291350130
877844494484346 209435849549892 209435849549939 528186133483699 323433908168472 323433908168388 339064558213696 974303128401085 76527844081173 76527844081146 76527844081157 231515005344065 231515005344086 542280220572181 221512790502997 192789079469246 241837071382811 848651774963478 848651774963521 574362108084875
768982659398853 209435849549909 649576043016461 838546314950280 838546314950324 838546314950287 838546314950328 974303128401109 425947791107156 425947791107145 520749373739424 769673200824550 231515005344110 231515005344120 699222569894063 984605316805041 984605316805072 984605316805115 372272877077857 574362108084900
365516506668610 73430360212969 924184125388419 924184125388459 698872825000039 988959566270984 838546314950297 919307116136056 455620017042621 108471249262675 566809548467957 769673200824548 555582118581722 318941589433711 318941589433706 939796944961915 563060703230011 984605316805070 984605316805095 984605316805060
420346412403476 406238675098784 164278784738490 164278784738506 283834274213459 988959566270993 988959566270971 156512481154833 213152203729825 213152203729814 792500231930561 74795805739342 74795805739365 318941589433711 318941589433712 318941589433673 569780822932960 984605316805107 672740433484535 984605316805059
547636237967576 576694896660907 576694896660928 164278784738511 164278784738544 988959566271024 637135006748303 156512481154853 463058722243222 792500231930633 792500231930607 557375217019938 2248019512843 2248019512853 820056615149458 569780822932986 569780822932975 811165506012703 231453168492313 509564198944973
558939528329405 576694896660912 576694896660892 723564030831297 723564030831253 519303867002910 637135006748278 309256051469931 792500231930563 792500231930594 792500231930616 349096598818484 2248019512878 2248019512877 820056615149478 780552362127481 780552362127488 811165506012748 811165506012712 509564198945021
492735870915632 776718910140381 576694896660893 733913501565147 411681013403664 144569679088596 637135006748236 637135006748266 346457787601728 346457787601759 2248019512985 2248019512938 2248019512913 2248019512891 820056615149474 780552362127451 719564461151502 587823191262609 587823191262572 711407810219598
20 20 100
637386268210425 685803003928525 572311535200840 702367823872256 788075644396376 656420083222958 734133183539530 195953383558994 20164025439154 447175525739648 382624841286099 382624841286046 805691190828997 805691190828914 805691190828909 984963828223748 717981019797127 725629061018462 176240674638958 176240674639033
637386268210498 179362970905141 179362970905109 179362970905028 569421937074798 902163810659964 734133183539533 594829943440758 20164025439241 447175525739554 382624841286031 805691190828752 805691190828846 805691190828927 805691190828897 725629061018489 725629061018545 725629061018553 558765953337470 86517831724435
328542086059129 328542086059066 179362970905191 179362970905067 569421937074702 569421937074619 548500580757566 548500580757605 611421347208636 711550235710592 491217804699210 172426269426539 805691190828908 805691190828837 805691190828956 388438793751308 8053050044781 821480861256302 558765953337552 104554623132279
821576723121957 328542086059026 179362970905229 602790321366033 569421937074694 35165143874651 961525362038322 593947173665222 590700279327292 906329831541145 491217804699261 241199338049710 704008237708176 717663544143824 717663544143854 584474251161020 584474251160973 103795714252718 558765953337647 558765953337664
500025857642244 500025857642185 500025857642313 326133649731615 585821823865517 585821823865457 961525362038231 252898196519429 590700279327240 590700279327208 491217804699325 990531452510388 529616154401254 865792391964132 865792391964188 905049994965953 114678376639114 103795714252655 558765953337708 677938243485290
752385753517228 500025857642230 500025857642286 326133649731617 242133104972712 408207565646136 408207565646037 710160562884374 590700279327306 152885665893576 259309345121810 865792391964186 865792391964203 865792391964225 865792391964220 905049994965879 114678376639163 313985853427299 677938243485168 677938243485262
591665174722597 591665174722621 242133104972667 242133104972725 242133104972754 393755939677861 962776108081740 962776108081786 962776108081806 980057016001570 980057016001530 811612470970418 865792391964156 865792391964189 865792391964248 162449575354166 162449575354090 162449575354178 726697800307119 950821812093245
320172390375453 924424819541803 924424819541863 242133104972770 242133104972694 914163006776696 962776108081651 962776108081647 962776108081839 962776108081818 980057016001484 811612470970501 811612470970427 811612470970482 802672487236607 802672487236527 162449575354032 302055939532940 896140249612016 896140249612063
924424819541780 924424819541874 924424819541861 242133104972714 242133104972653 457376156203957 816617309603977 816617309604061 816617309604016 702336561372135 702336561372109 811612470970564 595649704532821 537136378806513 537136378806582 537136378806623 654410047904883 733053799529629 810825140518802 896140249612058
540729696348485 924424819541851 924424819541894 242133104972630 242133104972665 648961599149918 33159767130190 816617309604113 816617309604032 816617309603981 816617309604039 438725847064016 121951342071604 79973505318337 314334373747958 938696072204994 733053799529630 733053799529696 60929003294237 669829765093913
885833495806727 924424819541859 924424819541948 242133104972679 242133104972723 242133104972667 438725847063944 438725847064021 438725847063977 438725847064053 438725847064099 438725847063995 699138853527763 957880473692574 957880473692604 375012983822272 145325676661843 145325676661965 905247854899646 905247854899587
406620579984666 725633372283484 801892378162991 726963464677433 726963464677512 127558484029140 177296012448177 177296012448232 796278547796087 438725847064146 438725847064001 438725847063910 699138853527753 350849415070211 350849415070136 375012983822347 145325676661853 145325676661877 905247854899582 905247854899516
985481176559986 646962024425092 646962024425028 646962024425095 743039679394676 667179359479998 796278547796236 796278547796182 796278547796106 796278547796151 925305469260222 275587899567156 699138853527852 882958723993429 145325676661800 145325676661820 145325676661830 566501756382471 596108603210196 905247854899476
929462900415635 646962024424879 646962024424970 646962024425056 646962024424970 937902504511788 937902504511887 831656753293412 831656753293367 831656753293357 831656753293304 384111719647211 886462071488147 886462071488211 145325676661836 145325676661754 145325676661761 868980952124586 596108603210149 447102367463643
731340100554659 646962024424831 296907780196207 404819931261456 404819931261484 831656753293494 831656753293405 831656753293415 831656753293323 569365898733808 831656753293261 467585661692065 925069993144995 925069993144951 145325676661840 145325676661851 145325676661694 843053434906048 837119253725270 810889572664959
557792789432827 296907780196267 296907780196293 404819931261495 991999651768729 991999651768767 981720761251267 614183083788455 390148388581252 390148388581263 390148388581240 467585661692011 925069993145068 925069993144981 68943529489468 356573002783689 176545394132591 532706502147294 532706502147329 532706502147233
557792789432893 171970743346479 700978792695717 975865840986955 686560157392666 686560157392676 686560157392673 390148388581400 390148388581311 390148388581373 390148388581330 390148388581414 872524340620150 210034980245233 191841840415909 343026743025088 579563355432845 510758140219784 686014242015085 532706502147133
557792789432794 171970743346444 700978792695796 262709052455570 686560157392764 883996260244237 303294674863344 390148388581312 390148388581237 846838394489379 846838394489461 100708072600610 872524340620237 210034980245306 210034980245358 343026743025105 314771580189162 480234262488821 868039952493376 532706502147215
300506891023057 171970743346489 700978792695698 700978792695667 392715951231363 392715951231437 303294674863310 390148388581357 194350294982374 846838394489438 846838394489374 953969134410497 549908805357602 144171516181402 629295007424098 343026743025046 899926713933324 400426020960349 400426020960276 821081473601074
984573234152274 700978792695775 700978792695766 952159806584697 952159806584654 952159806584696 171394260860621 817972827977050 352292955996480 846838394489368 846838394489338 82370027084247 799647516878658 144171516181341 583966177020888 343026743025003 713619143772761 743925476724577 412674017392321 634818898704399
20 20 513065962946105
263372948776344 74322892342524 310992989743380 631836470921832 261381663795752 457946172451858 408387702308419 614015680718133 114573563205893 801967494861063 719284963599848 955650528831974 854210258508457 827417956343813 448139003691176 193592958658260 787207696244561 314030902698492 326364413308996 664105013874461
179189789079935 246424803755733 806667227075175 557610775856300 272004575247274 287619075026905 449343390627115 199667550748961 423465017969383 871758229401728 810672243567572 420929623474222 15565105571811 42468261777680 256401765680284 260085235424275 831898145340626 337584515216618 822640222939180 582685047330335
370526337730015 495747460666423 679553998255489 243097330257361 12608489828007 227394077256048 785601473297548 355480139728036 886792761518670 959173283499089 288676960311427 33737763795434 95406367224575 103048577977045 748764717633799 878312993582162 899810348772571 575691139226391 900889549445002 978151596169981
419246939707218 409625019714976 912845125198472 419664874376863 160379956695269 150672357775445 27220417734989 745279977735984 825708369020048 265207650565810 134362095840156 248729070491100 593194915849543 415850884227099 641661399362396 715715846654231 794744069560336 776235621902972 120288747345977 571008306286907
618149391267072 326568683582120 657063124115829 982940306982187 470615067108050 69059170521588 58532170061014 502186695437901 638750903221322 300860874623520 420535626187179 245668655777775 468984769082861 173172038573413 926621531483572 731838012063378 452617028047799 873798086780680 442567888780890 844774256458180
766110632377310 872531360064496 213517497963361 998494755935813 976715515296981 285790340383375 693289845425130 259234001287975 576917156156951 841529121425975 485220421887926 597225161116067 504334821505002 598031702806004 179361915774498 587078425908580 830113742610015 456628099509515 165069638511551 92322292646854
371891743522571 382904192972831 5450561183216 321470587035784 9573160874708 300885063885325 167790719707783 205105577916158 201504755554814 436719645452718 921118473157052 730737104252134 775274340597067 718312305858790 640702553912028 690386278380429 64725823549165 799595874097821 107050074332531 685748074653201
942895075610237 144205996439246 544134351908303 577780022750001 164762935661188 538279435650520 223525659087187 498322866826863 102764961053534 468103777447034 850773697781124 869178065720617 895514071644773 208874958411399 195028045207728 946097270827991 192166367152426 611274096435701 215913493856920 474849834988652
491474402707049 538704588641335 576142984678520 328565816262589 649343795901218 655601583381114 246469198028646 374689359413883 941003665112465 490755747462047 729237617988644 392447127231157 707646503254461 896356528635180 133140168521368 393742766226138 210676136488161 27770973103201 84946121618902 984911302836281
618515588473175 120337911866579 441642443049687 489639932172954 184815642797697 252695465149823 179247605384807 649790074622506 954713852310059 148200529591920 905800227591077 460566794283860 30474503069858 193193062109519 352701270971341 744945133981009 378200872231893 614339563205312 880414221632083 552058798750532
689834424149434 532438684846472 637064802956255 459441992960777 690090106655871 114887373931961 147046308965082 617910367277988 918119730679586 302982788849182 844899609543276 69741201986844 98901033136426 155502362339837 384628687101717 177305553286781 460012423351143 145722343288217 449319783597762 702315307987731
619302535748550 982294372409959 581880354434684 513127059368090 950564700242544 87126944523119 432593283258423 736775211330675 133417847580971 782981286977855 402332826174140 424873333313236 368927717512888 785516646303851 695955386886735 315250601252216 989238592248070 475577706553567 60473549757876 442005412711131
326733760556872 968642482814121 558791326875341 193942811378048 618558646993368 451685208218363 284300881219268 252404805827218 122445050697095 507683590690264 709708210858611 801267075723715 546038176285894 400896836129023 681341238242786 552465463360460 604594215421920 351214203926071 146745114767851 905955545607391
849551270569871 345580205707592 207839494700527 641085993581933 437928511007887 15832283863511 108209014220145 217711769877771 575061112260411 718852593987256 895056920181412 896340462707755 598473010129635 237344262782417 430917937981640 92098323597808 600672812966479 346472785457989 564168631236207 499316291409819
287150463654191 675696313930815 296868278767138 765957033442595 997068289969150 70670911359770 957358969061869 612263702495203 878669088484383 608583231502373 800408019812605 630310121913262 650026181953596 703586438709264 982232794884544 722240810550164 402952406904232 645217992535034 189795351292565 640310128117234
474441504621934 947115369384261 564652790038843 408101766785190 119963034226798 379008623443260 28432234205861 908319313859113 980554593461472 216791113193768 709989248295675 628687546316658 169708777143070 352055632923332 543154759236660 749119220219581 588208568160781 717300230442164 28104901866561 795054130584751
719337354599194 636531923017645 831611288943817 395121714077342 95921529490224 275366666551654 472027664076358 506391938038695 673785972313302 786295315929935 831575457323577 820426685464416 350515007584475 240945667827271 328864747613251 947156196311776 260261715878173 390091968723824 871554609760918 987165534818978
185526017039852 418380557875406 704281346872779 617261882043529 847423732037534 898617628438720 373537995912485 554117609454358 649400040541827 322944129787251 416275441893794 899964611439986 200258799442047 142205573698231 697918516910964 472830565838380 393810710597062 871765972447596 183898166356106 646117464430317
739330607859719 713188088508336 448775730626019 500711451102825 858934129941042 561353495845247 703745641993173 254882308372156 306644991967360 296798419035705 257751558292086 762964401486261 488477464911263 126221439783630 16945963497087 505898025298243 340045640774817 857499192939242 501348391277986 849523909479546
822774712371916 396215214177965 369972963704165 536929146968446 273473627278557 768846418245395 455157319114138 7701207469897 176276364690578 981627433722650 954423703891959 686732984592251 132048416026150 460339857075469 283413449877670 53492393510975 454767263386220 660691269010785 236800001587230 231581395550228
20 20 52
30299049127427 801554636053006 809707954589457 211764961361694 211764961361715 698059671809883 625237056536089 957118725802822 957118725802849 233753671832707 182148363358475 598495698397141 110327775683190 110327775683152 110327775683117 404317491871273 235930402143072 235930402143047 426105655735650 426105655735672
34498549602692 801554636053058 809707954589442 625237056536029 625237056536068 625237056536073 625237056536090 625237056536105 140891876950562 704707343201570 393262748042911 434261460293436 328874998855879 430468642239468 345013371724497 799184681032197 235930402143109 235930402143088 426105655735698 426105655735736
517045718644292 517045718644301 517045718644295 625237056536057 625237056536080 625237056536078 738679391748282 470547514121267 140891876950541 577877628542223 577877628542226 577877628542235 328874998855921 707100637574279 956203643220019 673193986641548 235930402143157 235930402143116 235930402143109 52794040389578
543380338009139 299968869118315 517045718644347 517045718644382 625237056536129 625237056536069 530003565227445 470547514121244 470547514121271 577877628542336 577877628542276 577877628542277 577877628542281 241093122372387 956203643220068 956203643220103 558373826987405 235930402143096 235930402143100 4859657843604
543380338009186 543380338009139 517045718644303 517045718644254 625237056536098 158635205072367 770615574206591 770615574206594 577877628542342 577877628542315 577877628542316 577877628542319 241093122372353 241093122372349 956203643220028 452529085296309 131929891464148 191105948986241 191105948986288 4859657843599
445605579817505 543380338009150 960122862833949 960122862833990 625237056536125 158635205072410 770615574206626 256798214256561 256798214256610 704909593788618 517222284618743 517222284618751 241093122372374 241093122372400 956203643220032 131929891464154 131929891464152 772538461602113 209408590959840 4859657843588
632745762154607 88326884547178 339764609573373 339764609573403 339764609573417 770615574206708 770615574206674 946205350945861 123234831859249 123234831859248 870715334698247 870715334698252 902755588170539 902755588170562 541489370999405 83765573678884 624199110887724 222392135658230 4859657843590 4859657843564
339764609573386 339764609573380 339764609573409 339764609573435 578391277011961 578391277011901 578391277011913 937540806725127 123234831859202 381414382111249 381414382111271 870715334698263 945900426536331 518104280854158 624199110887729 624199110887743 624199110887733 624199110887755 4859657843616 4859657843581
339764609573408 754058603732772 284196503051162 463522325224864 578391277011947 578391277011900 578391277011888 578391277011924 80761321303315 381414382111354 381414382111310 870715334698261 870715334698343 775254320262194 815510989539410 605109790390840 624199110887734 624199110887734 139951696661335 36484057606920
843764212168273 350409867092413 284196503051204 463522325224832 573594749338036 363513453875783 485419804443696 578391277011922 80761321303340 104729977187293 172248748992325 870715334698303 870715334698303 242465269029223 374367985881839 605109790390892 82436541122972 442362901945163 288197894306375 518324402622601
843764212168304 331320251177758 331320251177790 331320251177823 220912162483086 651206701225021 578391277011944 578391277011958 80761321303375 172248748992307 172248748992304 870715334698337 870715334698325 156541057233736 526532103759286 605109790390895 605109790390902 663437977714587 808726683528195 808726683528176
839383504890918 864841156783343 331320251177752 122918864552639 220912162483103 651206701224974 651206701225024 578391277011996 578391277012018 172248748992265 172248748992279 172248748992278 358466392500389 156541057233762 526532103759328 526532103759308 663437977714573 663437977714622 619081798623351 763967224549924
773420416464474 864841156783303 386254351459828 347672279131200 837579645702071 899530807522166 899530807522195 899530807522209 949848309814133 172248748992237 172248748992248 172248748992263 668351797154507 156541057233762 526532103759296 526532103759291 663437977714559 663437977714577 491880301801664 762280703969472
773420416464464 201126216964679 201126216964681 347672279131233 899530807522147 899530807522151 899530807522157 921825171121685 175696632229086 172248748992243 172248748992280 172248748992300 668351797154463 172248748992216 172248748992177 780679172108577 663437977714571 663437977714543 663437977714583 663437977714531
37441396497390 37441396497421 201126216964725 621518364793006 665977611953239 899530807522168 899530807522200 899530807522241 424966239287249 424966239287283 630994767063789 172248748992258 172248748992282 172248748992256 172248748992298 469134265194138 663437977714584 384517259649740 384517259649748 121362042617239
461710880047353 37441396497416 621518364792932 621518364792984 620423302313906 899530807522118 899530807522212 899530807522246 899530807522201 167103828655766 630994767063830 630994767063844 630994767063893 765565776928979 792089265330855 469134265194132 469134265194128 469134265194180 745813648251836 745813648251832
461710880047390 37441396497392 251129869206257 251129869206219 899530807522074 899530807522091 194097320290471 899530807522263 899530807522278 630994767063857 630994767063854 252322494420762 278981922878634 765565776929015 765565776929051 963412829833810 140296697624021 814712716143562 814712716143548 752149461144668
37441396497445 37441396497409 251129869206205 251129869206184 24885268421393 194097320290418 194097320290451 256079308272976 304879976830046 304879976830031 236382156085305 236382156085322 25362138161195 433666029979229 765565776929065 197054808827066 324661849800654 814712716143524 814712716143502 814712716143515
808101602134194 953027074311338 251129869206252 650652427234982 629484403993890 516582400831191 521455834034652 304879976829961 304879976830010 304879976829989 374435744824198 25362138161208 25362138161156 32261460571684 765565776929097 197054808827111 197054808827138 814712716143539 814712716143532 814712716143530
604881051593087 953027074311338 99512451744230 99512451744250 99512451744221 516582400831143 219794860294229 304879976829996 581148064212820 395745766195439 504987656457695 504987656457693 197054808827246 197054808827212 197054808827167 197054808827115 177357488308317 447510255877871 547484400345602 700770303139119
20 20 874712202146328
643670897136681 80378780239450 692783443938308 709541501617371 482872672996967 968080608274641 866658504728605 664818527311933 273765366329351 579969369326178 596498133543545 367803775988785 205478338927755 819038828191025 452059838725747 323583998142136 647810071754066 162563011397763 543468296413510 382193912570201
307969864547563 309368838610040 769707426276023 146280849336401 106948720546459 304237102547630 194647737279331 15121744827023 939157286931140 156817271026886 251342407933647 502945828251468 877390760661591 617053090450085 806144752341001 880979850241106 852371111749663 292038877511651 410061442155388 819892931303909
102939796786164 942158803487353 610942869875810 30556876412565 738779561986942 750634448209330 6185765569307 312069063697913 992585341852218 709409870728546 986743503374305 912308986518099 109025196061971 270300606988656 692392529417012 47463194977931 457346066344670 915230506395578 824552377308061 148307562406961
342041457840734 448325965197534 42394736016910 597953671460617 586773390157133 717870490907147 639221839405567 467576125644212 367759336854058 973025887249579 609948645395957 334693630352015 555648708448543 855515251744329 695374331055280 363941756973753 970855404441497 401119256049099 920353879389560 368282589982990
114733979203135 744224210339276 198143676299442 77886011131405 931176439814413 483871368773321 381080820608929 640239667629240 243474549809062 276662685169853 853867950894387 736882540469229 941138157885765 473446241333091 814727173761578 995549396432927 718151882131883 557410722865330 263819714255365 507734892903013
47652116317271 688831316294228 854430440445904 187679088347444 295795333797470 38610326927945 216722821320363 639478111191035 46323175050594 470840956471540 146173735352481 403068107710851 99520198282158 524750347808372 6551104156230 956418701873219 990426355389742 140037690432029 673586989961104 643967029129867
288981695324843 723953945177775 894008305059542 466512469537605 172874778240881 536175011741477 465965083641537 417300437918664 254605742041201 757526228349715 303743803300542 346728436289808 627462351956425 30406997553690 274508202482301 910282521909263 444447744675144 631358119754819 939252875172773 541548725201417
656376272810772 742954161274441 336159586913507 181366443963543 510575546692667 876241108011613 120829014070618 379124550650690 296144303002136 378561870811664 505455702815365 715590855216348 321713679272173 502145255781900 795039952834184 126617782068617 87902245795930 190758235994839 296099623072134 17151850651885
722184926833289 488377278215186 716255898181754 958375601222974 665009469279087 282556369139360 115536717341483 138757939189993 872745910262168 162535656733038 93901257571656 165901488290480 321982183348029 117313978858678 435937082577083 865342892067573 362034255442706 969701534650517 367138676982331 456452369105695
76313612099630 787907544531085 497759414212920 685567051915119 953516082044452 330499859669701 324028136629080 889050660361948 398936708170423 443498773613333 642581994410342 415943498906948 147337705803335 233575197439442 982299335212562 243266900258571 89323236763971 271103481043539 606490622881015 675079402721611
902190879302058 248609253351294 650307736723114 380958192226416 692188208467884 800874932609711 13920298186924 120139669757313 866835827589879 578309583422352 102761049780890 444546227247945 285268534941310 900232529230104 407401069871968 723916189737466 840010544115949 125436735065837 946636541034971 568873704646111
488462838420593 552429405573204 616468120424002 429162014155304 13187765048490 423282026944552 95228997431676 573826064806708 442079390536462 35904959219179 203096237557713 701649649710523 32461371637581 353335494103842 261527101821178 508894801200116 56676097456456 860611550842723 928639518538720 406514337913253
143842166995756 941161249757022 80511397234908 678182327269437 369303689289535 126087792298129 97047999637823 34082801210135 527850450842651 577630667775320 848037003753643 324026210394193 890349566208473 597845755248237 662067735484493 973498192405486 215098318588798 118563129250010 591719714391928 584071202556273
921953539145350 230982927711019 856990106531794 422857173795707 882324443451143 375312944675291 20252910201192 166982404161557 746704354638621 293139513039438 381168158567186 245542066922332 360671473408609 474978136052839 78215873035411 680449688195904 945221931168647 219363863165697 983834937191812 976576532535219
209901172271843 719090294293478 693933225987433 873364069608740 565435291584412 543434480413708 503132971080759 920630959254272 356379570949981 304573977681049 351592769780263 77368529098174 678439574869534 205747307623374 924315946745775 649928596432840 393895216646793 112225362151008 904072709136603 19152885371136
118196684908701 49559559011720 100282930888400 944158943914952 131641913615573 277256281780568 93688119673437 420111637388450 690241393310819 153300327865376 283522517506848 241819541500706 139309715776321 550555821334674 813084873515930 49408353908015 498196798807601 887593160303371 785544988360196 926553444809123
794609599695884 882308723475170 327907472393884 399555843090957 771587166397437 433679405415535 556118039008807 263089268719874 601140598972155 819929257214578 867367353638013 119403604750744 2029894301449 737594473875702 82625103357373 155407101714003 995525990994950 396163608907999 609510625858097 152394483354116
599576664812263 819377785953271 566064787049942 736381447597928 831030940435865 756095766035006 980257049946679 169945413552448 196464299085771 669115063436418 193566657365294 255394882934556 591101083487386 745510319615936 911297760061332 984276027657750 22736688707005 358625311541301 26743802596961 140742151040941
110474972412303 620442746024463 906950452906631 764740090060992 22872142405264 622385091412318 604066135873792 745116444002083 98291022406128 108707628797586 118735312937082 994827608558801 407267045032608 338945062844858 724676836075738 705594839116002 580712555760569 959379730038063 130906615130278 358080923869464
96861975144118 50396891146088 69704032832328 554664419311393 6899981272744 57008046502891 162133249094250 873740728001420 67094227192701 264164500659346 404664804814950 624132218931121 871740234598809 573778731777964 837132921897457 925180786547628 590827290963789 609695082772081 810029799309656 862128111376244
20 20 78
297016664514746 297016664514823 234235437002463 124471641061965 760435212562966 760435212562981 760435212562958 553528852722074 553528852722142 723056184070918 723056184070841 583916578920235 851714713602852 494231123631249 494231123631312 643203096518251 795293943568424 910578515216379 910578515216399 676110466120001
327163257881470 327163257881539 924516054947522 124471641061939 124471641061981 124471641062032 137398571060016 553528852722145 428904228851303 723056184070886 132263316025154 647650782652209 851714713602841 766134246932357 992917538036479 330032348678829 499542786163112 499542786163105 499542786163130 499542786163184
327163257881517 327163257881507 924516054947462 317360728612282 124471641062021 124471641061978 124471641061962 124471641061955 723056184070858 723056184070884 132263316025187 676329450933687 851714713602833 682770322925198 903955062508006 991794120679908 499542786163139 499542786163066 499542786163108 770522572162297
259729429236112 327163257881539 694381705760869 317360728612330 713074517559397 124471641062084 124471641062034 124471641061942 723056184070863 723056184070941 132263316025183 334112266014720 334112266014794 682770322925153 255552602001046 255552602001064 851749251330304 803243503619597 823226603693555 770522572162299
532745701778156 177215385268952 715394413202619 715394413202688 124471641062123 124471641062115 124471641062103 131915609918270 131915609918204 723056184070937 723056184070884 723056184070868 334112266014726 207091321718318 226858474457376 226858474457329 718150893107283 770522572162374 137025029170515 770522572162360
532745701778210 715394413202598 715394413202672 299171365604270 299171365604218 124471641062112 124471641062104 784858908917675 131915609918209 131915609918203 88553629611614 88553629611614 88553629611667 207091321718355 846122829864389 846122829864432 956017768624409 770522572162340 770522572162307 770522572162343
852955538043898 872347563731011 872347563731000 299171365604288 990794872140259 990794872140229 124471641062054 131915609918097 131915609918175 131915609918271 88553629611599 88553629611689 88553629611752 9586655014467 9586655014527 905083408188174 510398395253173 510398395253131 510398395253126 840027791495368
852955538043969 938272401614064 938272401614051 299171365604336 225116668970496 274711653187998 730619996600161 684869781828782 684869781828847 131915609918290 131915609918341 88553629611616 240014995932570 169256560409421 307738941490698 307738941490756 510398395253032 510398395253085 510398395253030 510398395253035
805282032018463 938272401614025 925265039175727 536731525125315 1880292378718 133488769407214 231827220977040 231827220977000 44283366990442 44283366990370 687132012597119 88553629611642 240014995932562 763597020863832 307738941490712 307738941490731 510398395252988 510398395253025 669865126799320 669865126799313
805282032018470 375353492675899 482114181300966 482114181300996 38063584447182 38063584447218 38063584447194 231827220976930 328240999159930 687132012597092 687132012597065 687132012597119 240014995932572 160512772773972 307738941490698 307738941490664 307738941490618 123887707739571 669865126799247 669865126799325
93915610520446 403918979170637 934951860719944 146879408706109 592636616247835 38063584447206 38063584447130 402993801030147 402993801030212 683985510381763 687132012597055 240014995932628 240014995932571 240014995932584 307738941490710 981261224231196 982763107619943 982763107619887 982763107619922 113178236806683
93915610520494 403918979170646 173152189061017 173152189061094 701840873441285 38063584447250 38063584447326 402993801030187 402993801030224 310559686515216 687132012597066 687132012597078 821157381544080 68782711382515 307738941490675 307738941490728 194330633887473 213129690238312 982763107619844 982763107619915
470637739479547 470637739479600 470637739479577 647883415776792 387195557694820 38063584447217 38063584447335 144845169103419 274370044352188 274370044352129 821157381543972 821157381544030 821157381544064 100573745631288 100573745631342 307738941490653 718807709429081 213129690238304 982763107619781 863385084507225
238062963266879 470637739479596 470637739479588 647883415776864 647883415776924 376598744786921 376598744786919 376598744786903 855052658832310 515193552100867 515193552100867 515193552100915 609326611222207 472926778550751 182102845059799 480378695349956 970648358820109 970648358820057 970648358820010 790796665858564
22488173006232 470637739479525 873181699606417 51441870935630 326662118144186 311676863882403 603752205654372 256718247500932 119111799605582 982245769496517 982245769496485 964878184589183 139112166993615 139112166993655 480378695349988 480378695349971 416405126186410 251556213680242 715186690245664 472951837502151
22488173006192 160483000878409 607374586014166 315333693866802 502521949150072 415030672467000 647775839519075 647775839519135 574891676608710 348062004119368 453770143597831 139112166993610 139112166993677 139112166993715 704788592270922 692189368432383 416405126186398 222592540913682 849977957140958 472951837502172
22488173006186 795463362643449 795463362643419 315333693866820 315333693866877 152029433577205 152029433577225 444290896414715 905856031494091 444290896414801 725525685486278 139112166993619 139112166993622 139112166993694 526669796639998 298928283332404 298928283332405 921401124760850 76065238220177 697851319685207
664519174928318 664519174928308 795463362643402 315333693866810 209235228449314 258966910451337 486661175012129 444290896414792 444290896414744 444290896414748 352964093455840 804710949379344 947697051184773 947697051184735 526669796640058 298928283332386 298928283332431 921401124760896 268204373452598 268204373452605
772638326676068 772638326676039 428087352839462 502823851442340 365646575193509 258966910451285 258966910451331 262942150432113 469313904768693 352964093455867 352964093455910 352964093455946 352964093455938 786384189251212 152052516711357 261707029280829 121417826275415 921401124760829 921401124760858 268204373452628
772638326676098 772638326676054 428087352839397 255995953247381 365646575193508 16114086164803 608977429023186 262942150432043 512967438726054 352964093455827 352964093455856 352964093455924 352964093455993 928415601236609 928415601236645 928415601236569 315643033842055 6811740577399 268204373452495 268204373452566
