10
10 15 317252589
922454679072184 953302487652766 927354697369079 934798581461329 920037657075720 950175786941816 929391537269098 930533833141114 925968123801337 922753518004297 933323479922960 0 955409478813907 950943086796306 946439363549282
922552033186286 957112400680848 943697387592718 923224919262491 925050525317452 925640022077105 955015224867675 936026426838509 943523014049578 944880768597739 943259410433943 0 944024887092520 950475633572124 911996309170200
942182400136741 922644998710325 925061257138900 934837596846637 951159830451333 949303296447392 955825529838517 952725557902001 942274664054119 954391444323655 0 0 947757344551313 946615902476993 961946328223725
922512499738771 911792645656505 936398599954861 937034626643074 957473778502468 954696876706147 947817543487313 958136302406126 934230071205072 0 0 911724952008733 911000460369379 960742473325847 917035336843457
950827741593448 936605787111168 925556643657547 959005707237356 941507250378009 0 0 0 0 0 0 951176022515970 952550889093988 956347951700715 913682562435816
935382593180646 931619599682077 0 0 940692970010452 0 920780500719644 919243192839091 939045407854060 0 0 942435903212930 934122004109442 943120511408950 948456959259296
953433508933049 0 0 0 0 0 958105835612843 951580320266833 942011080394689 926251922198235 921147660001857 914563190752723 936916783547490 956091424820583 961992236347060
0 0 952389893415543 932459613386930 912517493101984 953937006484236 917792486793729 961646147232102 913749282435131 941631287151398 932870079053471 931729878580870 920466621966220 933014954286092 927430430746242
934034725137151 927823422973281 949759952412393 920329720891512 932174115401612 951052190690452 933236777318376 940341513554923 932733542553458 952159717395934 956471586260604 959610483313298 928126800169699 944988314797020 918426141430609
914615583982314 951833845882277 924280128689908 920693531417195 945715857324479 940959416845120 934601942687374 951525872299307 915919974728444 936302067907048 949042913576740 943175908507581 946506780220511 944506388271902 918162581145645
20 20 1
1000000000000000 1000000000000000 1000000000000000 1000000000000000 1000000000000000 1000000000000000 1000000000000000 1000000000000000 1000000000000000 1000000000000000 1000000000000000 1000000000000000 1000000000000000 1000000000000000 1000000000000000 1000000000000000 1000000000000000 1000000000000000 1000000000000000 1000000000000000
1000000000000000 1000000000000000 1000000000000000 1000000000000000 1000000000000000 1000000000000000 1000000000000000 1000000000000000 1000000000000000 1000000000000000 1000000000000000 1000000000000000 1000000000000000 1000000000000000 1000000000000000 1000000000000000 1000000000000000 1000000000000000 1000000000000000 1000000000000000
1000000000000000 1000000000000000 1000000000000000 1000000000000000 1000000000000000 1000000000000000 1000000000000000 1000000000000000 1000000000000000 1000000000000000 1000000000000000 1000000000000000 1000000000000000 1000000000000000 1000000000000000 1000000000000000 1000000000000000 1000000000000000 1000000000000000 1000000000000000
1000000000000000 1000000000000000 1000000000000000 1000000000000000 1000000000000000 1000000000000000 1000000000000000 1000000000000000 1000000000000000 1000000000000000 1000000000000000 1000000000000000 1000000000000000 1000000000000000 1000000000000000 1000000000000000 1000000000000000 1000000000000000 1000000000000000 1000000000000000
1000000000000000 1000000000000000 1000000000000000 1000000000000000 1000000000000000 1000000000000000 1000000000000000 1000000000000000 1000000000000000 1000000000000000 1000000000000000 1000000000000000 1000000000000000 1000000000000000 1000000000000000 1000000000000000 1000000000000000 1000000000000000 1000000000000000 1000000000000000
1000000000000000 1000000000000000 1000000000000000 1000000000000000 1000000000000000 1000000000000000 1000000000000000 1000000000000000 1000000000000000 1000000000000000 1000000000000000 1000000000000000 1000000000000000 1000000000000000 1000000000000000 1000000000000000 1000000000000000 1000000000000000 1000000000000000 1000000000000000
1000000000000000 1000000000000000 1000000000000000 1000000000000000 1000000000000000 1000000000000000 1000000000000000 1000000000000000 1000000000000000 1000000000000000 1000000000000000 1000000000000000 1000000000000000 1000000000000000 1000000000000000 1000000000000000 1000000000000000 1000000000000000 1000000000000000 1000000000000000
1000000000000000 1000000000000000 1000000000000000 1000000000000000 1000000000000000 1000000000000000 1000000000000000 1000000000000000 1000000000000000 1000000000000000 1000000000000000 1000000000000000 1000000000000000 1000000000000000 1000000000000000 1000000000000000 1000000000000000 1000000000000000 1000000000000000 1000000000000000
1000000000000000 1000000000000000 1000000000000000 1000000000000000 1000000000000000 1000000000000000 1000000000000000 1000000000000000 1000000000000000 1000000000000000 1000000000000000 1000000000000000 1000000000000000 1000000000000000 1000000000000000 1000000000000000 1000000000000000 1000000000000000 1000000000000000 1000000000000000
1000000000000000 1000000000000000 1000000000000000 1000000000000000 1000000000000000 1000000000000000 1000000000000000 1000000000000000 1000000000000000 1000000000000000 1000000000000000 1000000000000000 1000000000000000 1000000000000000 1000000000000000 1000000000000000 1000000000000000 1000000000000000 1000000000000000 1000000000000000
1000000000000000 1000000000000000 1000000000000000 1000000000000000 1000000000000000 1000000000000000 1000000000000000 1000000000000000 1000000000000000 1000000000000000 1000000000000000 1000000000000000 1000000000000000 1000000000000000 1000000000000000 1000000000000000 1000000000000000 1000000000000000 1000000000000000 1000000000000000
1000000000000000 1000000000000000 1000000000000000 1000000000000000 1000000000000000 1000000000000000 1000000000000000 1000000000000000 1000000000000000 1000000000000000 1000000000000000 1000000000000000 1000000000000000 1000000000000000 1000000000000000 1000000000000000 1000000000000000 1000000000000000 1000000000000000 1000000000000000
1000000000000000 1000000000000000 1000000000000000 1000000000000000 1000000000000000 1000000000000000 1000000000000000 1000000000000000 1000000000000000 1000000000000000 1000000000000000 1000000000000000 1000000000000000 1000000000000000 1000000000000000 1000000000000000 1000000000000000 1000000000000000 1000000000000000 1000000000000000
1000000000000000 1000000000000000 1000000000000000 1000000000000000 1000000000000000 1000000000000000 1000000000000000 1000000000000000 1000000000000000 1000000000000000 1000000000000000 1000000000000000 1000000000000000 1000000000000000 1000000000000000 1000000000000000 1000000000000000 1000000000000000 1000000000000000 1000000000000000
1000000000000000 1000000000000000 1000000000000000 1000000000000000 1000000000000000 1000000000000000 1000000000000000 1000000000000000 1000000000000000 1000000000000000 1000000000000000 1000000000000000 1000000000000000 1000000000000000 1000000000000000 1000000000000000 1000000000000000 1000000000000000 1000000000000000 1000000000000000
1000000000000000 1000000000000000 1000000000000000 1000000000000000 1000000000000000 1000000000000000 1000000000000000 1000000000000000 1000000000000000 1000000000000000 1000000000000000 1000000000000000 1000000000000000 1000000000000000 1000000000000000 1000000000000000 1000000000000000 1000000000000000 1000000000000000 1000000000000000
1000000000000000 1000000000000000 1000000000000000 1000000000000000 1000000000000000 1000000000000000 1000000000000000 1000000000000000 1000000000000000 1000000000000000 1000000000000000 1000000000000000 1000000000000000 1000000000000000 1000000000000000 1000000000000000 1000000000000000 1000000000000000 1000000000000000 1000000000000000
1000000000000000 1000000000000000 1000000000000000 1000000000000000 1000000000000000 1000000000000000 1000000000000000 1000000000000000 1000000000000000 1000000000000000 1000000000000000 1000000000000000 1000000000000000 1000000000000000 1000000000000000 1000000000000000 1000000000000000 1000000000000000 1000000000000000 1000000000000000
1000000000000000 1000000000000000 1000000000000000 1000000000000000 1000000000000000 1000000000000000 1000000000000000 1000000000000000 1000000000000000 1000000000000000 1000000000000000 1000000000000000 1000000000000000 1000000000000000 1000000000000000 1000000000000000 1000000000000000 1000000000000000 1000000000000000 1000000000000000
1000000000000000 1000000000000000 1000000000000000 1000000000000000 1000000000000000 1000000000000000 1000000000000000 1000000000000000 1000000000000000 1000000000000000 1000000000000000 1000000000000000 1000000000000000 1000000000000000 1000000000000000 1000000000000000 1000000000000000 1000000000000000 1000000000000000 1000000000000000
14 18 8368303706090
306273936046658 250948555721091 175595727616908 306780007664341 200060739538577 284719504530217 1629712080950 106020476640507 72434255048975 309692257772457 2646637249091 288000079955887 145729611360328 230631749736440 39689274775902 149226204768791 173210403808419 77278300215711
42215843394078 79012572977225 225827930285401 211407542747562 317750408227154 312897724182580 160862833543470 143643816941450 6934587713256 205775670699317 271398854748124 65673951947924 39162171170791 275309279989600 43406936383535 33571514328400 258633268035843 149874699714035
175258231610703 115510345234672 167960537969649 285143685380549 235088177600940 329705819770804 114890759533942 159431236933758 165065846819031 286634060027574 100649150215086 211144252453573 10126938993085 283319728152505 241485875182270 105061915065975 229478749554622 78103184159443
147328220317095 68890415454891 6962456758877 303155136941850 60781746912795 54308841112847 284667709416475 186964389358215 304749688130899 305517648949354 148607058183448 114823084621794 71812807785905 142468145591345 255546951723599 287554438693853 28724371420769 19817129214921
317826079972499 43542735275913 116857817493602 229946929877489 228357962953501 222566635454583 331420899805735 6968627098878 255204726820449 117387913460992 51594550371422 214916174038466 280166785664529 167270516268793 93716744854803 114213150842991 135322680118347 9132187075775
77190794696565 199081154771782 35343757760969 315429983988410 90736298495133 26970789881066 288965544000883 51398898544341 229042604817808 136751596079103 117441877753598 318417354747349 232511072526223 54741908137591 290682927897647 255978666810239 109300102862326 212838774178746
247632892089377 289920397213796 10540556273388 80657569956099 89611213847951 293832042034726 103893322270241 58203583557952 56803644978761 95765528766289 98982522971148 39792454656238 260263659764441 204437542501349 319521106254897 34467202880904 229054131180797 133222611832147
167221010729047 224367182567628 29345729233448 84728144101110 101426991961590 272011523108872 86588867846537 35323526605105 166367407013172 279101511672391 101849003936060 43304789294138 142444077414257 227062632637979 235499596776461 288567073220962 164004869598168 177367954378825
251331176803988 42337082123131 119341815927061 7764416477552 59107901804816 46541089885481 269092090977993 227796550968648 95159878115424 277453610591571 244566326319366 88873938170934 277194046434529 171394038002217 67290354035732 289940398726649 32941197736416 286566553431973
182320472593705 250186758336718 210904358046101 118621987733420 322915894618151 263230061582066 103191869334821 9181312300315 53251129446262 1874229913671 152486669721413 170711530362208 572483949978036 195506736710899 289792602033543 331098951815502 301830472999372 84810775621970
116037214575373 209701373695924 210452204651826 252483226254269 189646185172633 299397717087804 268639132829675 179016355076002 284320808889292 133177124414214 267309884162532 52421447090500 214716403333 320201341244844 273624945218349 255884426939152 245078899697113 119766710225888
235334768480504 82448803496602 47909744620832 83924015671222 302583090849473 253609735645228 271077109609636 36325321302685 266547390927352 168686783031101 288199243828705 205894298658224 255021203912570 147895941373740 252193962689622 220433993440595 178190083660018 298097024243713
214609386892064 151238069351087 56564953448973 4651520147854 68218393724969 111935447651562 237452839770835 46939494256593 269710626694222 242083700770594 164958175519632 321965381775437 197594432940049 1308782966192 135370053082039 119603041543932 33554529586120 114124348418543
75276567935625 211201711958947 322955964157326 76112726158666 179593215415551 83108456505184 214901740989937 177790900747216 156504011719305 198051987807611 220843492546644 224347367179552 176304768238980 203806762906423 224566045262428 36466985784807 62202735257740 158456128377118
13 15 498345064
593449413687220 585239797376437 611633896052512 618620348447638 606033723767877 621720038684210 612264836435070 609825280557456 601323565491497 616752284732485 597922286021287 622023494797050 584505183685481 624625082366403 604082520991360
586255773558155 603072123416374 599601918982582 627505344956325 591033355819594 619156488409328 596433508243054 599437419610291 601061953477900 631947100732939 625361456544233 590218944359743 587897564078029 590995069181153 598044031900406
624177655193258 610052776078459 585751950295980 623330992958326 631879691246463 588448230839297 587791662901639 619742124637026 586768858854081 604779340109937 591976806063546 627626535737040 620587125772968 594649500457053 603725907603416
598482720980148 588832354054177 593367630625384 605865196060880 613770530385745 617945055802005 591046196153705 617322516284073 625949208368878 631760829697757 630227631839815 611955312382759 615124577776342 584809738747878 621383801399226
629661005645741 618332249845535 622287393027437 593678043194492 602412333168944 610196765067793 589768934806316 630145991553841 584766394287807 631337075200791 607285978106988 588105919942112 592931620987941 631966680867960 594304933019261
594256001278027 601317306412891 601299853703688 591204855185703 602861850426595 598873482910016 620659120822561 620407308539562 610490281240600 591278266251312 601642231510927 602418160578969 616757522273112 620136150889393 613058108468483
593659767523706 603739329375569 619562851876937 629193882806055 607277955208226 606770103368861 602336982463970 602572048188253 593835833478581 611310547595179 584950126501008 628808831944681 597712331231093 599372982551152 600283826702839
615419064035406 0 608398828818989 600451787798635 624228332916238 625110760657684 583906715862907 606131005604596 601194741700850 589890280983962 608911441220752 615722972694555 611537391482680 605166289760163 606128111218946
0 0 583787637923222 623222345439082 631945941931015 624529409524797 615149012509117 606489086216730 599863923750539 599717073545669 606526222375729 599232666372616 592832961028095 610693964264565 617052156413757
0 0 0 0 0 0 612090615197216 606983820449972 587799275019145 628332709792983 598089346233680 599295904380461 597528227718599 611285660006425 622217275638480
595342671104289 587698524068041 590947713218519 622137653953266 585114473158542 0 614323406180076 600612944173757 598105933926142 630604939888946 586249392522027 595916468580732 610867293959460 609503326187969 621230086595018
585880591293618 626580294825466 596299146954797 607368704943853 608560202667529 0 0 614889138749758 589544302183169 595132414663661 600962169028948 593749841338779 594529034073021 630718525018543 615226860125448
593326684745133 623291517349859 600040617756209 603109248813135 614501206803789 628948336759038 0 594420669033217 591604082096380 598478478651772 624648809785766 609676439272796 594251862666691 611084526215697 589427936759701
20 17 5
220145 220145 220145 220145 220145 220145 220145 220145 220145 220145 220145 220145 220145 220145 220145 220145 220145
0 219430 216197 219435 212779 219440 210456 219445 206528 219450 203019 219455 200932 219460 198924 219465 220145
220145 220145 220145 220145 220145 220145 220145 220145 220145 220145 220145 220145 220145 220145 220145 194998 220145
220145 219505 174558 219500 178008 219495 181491 219490 184183 219485 187883 219480 190263 219475 192411 219470 220145
220145 170781 220145 220145 220145 220145 220145 220145 220145 220145 220145 220145 220145 220145 220145 220145 220145
220145 219510 167703 219515 165473 219520 163441 219525 160268 219530 156671 219535 153077 219540 149119 219545 220145
220145 220145 220145 220145 220145 220145 220145 220145 220145 220145 220145 220145 220145 220145 220145 147092 220145
220145 219585 128087 219580 131457 219575 134026 219570 136991 219565 139124 219560 141199 219555 143619 219550 220145
220145 124694 220145 220145 220145 220145 220145 220145 220145 220145 220145 220145 220145 220145 220145 220145 220145
220145 219590 121012 219595 118507 219600 114724 219605 111964 219610 108681 219615 105011 219620 101046 219625 220145
220145 220145 220145 220145 220145 220145 220145 220145 220145 220145 220145 220145 220145 220145 220145 97384 220145
220145 219665 78101 219660 80536 219655 84368 219650 87109 219645 89811 219640 92371 219635 94837 219630 220145
220145 74654 220145 220145 220145 220145 220145 220145 220145 220145 220145 220145 220145 220145 220145 220145 220145
220145 219670 70778 219675 67797 219680 64954 219685 61154 219690 58718 219695 55398 219700 53277 219705 220145
220145 220145 220145 220145 220145 220145 220145 220145 220145 220145 220145 220145 220145 220145 220145 50212 220145
220145 219745 27197 219740 31162 219735 34643 219730 37102 219725 40501 219720 44322 219715 47936 219710 220145
220145 23966 220145 220145 220145 220145 220145 220145 220145 220145 220145 220145 220145 220145 220145 220145 220145
220145 219750 21028 219755 17404 219760 13466 219765 9711 219770 6586 219775 3618 219780 52 219785 220145
220145 220145 220145 220145 220145 220145 220145 220145 220145 220145 220145 220145 220145 220145 220145 4 220145
220145 220145 220145 220145 220145 220145 220145 220145 220145 220145 220145 220145 220145 220145 220145 220145 220145
16 11 406277061
869513418306341 883420367199527 889353318654891 874086482629834 914681261671268 917034392542570 913903428091759 893688562965333 906868698971452 877520137566549 912762003093674
894972519334246 917617094565813 889891196011980 873013891426397 906776746113802 910218559633218 881855756263015 881124754538226 909164650789273 909780611339357 903918786470931
892323004140421 914918463115846 900973143708416 911116090259021 872180209469625 912697767296899 894784136638193 896525413376638 899020231520735 873357608446218 904515341672053
911886742082288 868200120444732 882786000378093 887977868161854 886282930963360 878466604342027 881765255930518 869304462803454 913714919543594 905913650925728 919168725595270
909019574076460 873260240789390 915698729690047 884729129784102 885996573584788 909119154810934 902631602008451 883096136006200 883547439763948 879504452028949 869177349765272
900645014123891 904310493443492 917447729067855 891273350719925 883318466078457 916093498017805 919222442427231 882168292700217 885879959000852 911346728544481 880136048510079
898544468656660 907698861124491 882165561564491 884511646019746 906055425268151 897661813994909 898998644043315 873232590958381 869573314420381 918803096188712 887489750720286
888280563523490 883235685482401 887607512021627 882143392286317 890826797154235 884438192250210 888198799279005 910882898663918 870307811072071 914574616184900 877627962862516
910612843083418 882595846694801 910830909525084 873773366799435 891239985597594 903476078827253 913182643772025 909767866468355 886447924102557 896206638523291 886977372188498
901059035264351 884108739390152 892775218808186 918432378197709 904110866523196 902781814125300 878481208774998 889855258554768 881238079342561 890786187196383 876684310592786
900234000872627 880602999525051 914002457345572 903297682760552 915626831670111 894702584592222 867757224051347 913219049144106 887287544747809 906771108716725 906329098938224
918005214709316 912841901824761 900619505983090 902499500952076 872503319670530 885836484326707 918891217430523 889960612982180 900673656829970 901872085455577 885088922656936
909481738139852 881005228848131 912789619577888 886178533670395 887352288580091 921178906329078 904221768016801 918743378043938 873091290160549 912419507204538 877435301335200
897829638445765 901684653332390 894769662180203 892916592869839 882590621694513 908791003048085 921656581082070 882701253759399 905592587760788 920163406176259 877827080612156
916361438745436 892243804986271 896846488827489 880964747828740 879417648558171 906879114832400 887595749941958 889277903924092 885306924054285 905692615693768 894877127641772
868434248411249 918429864919761 903335051559808 900968078594187 871573073950109 919710110129936 920970719046483 898329205747532 908475176962439 882110990679579 869840813760438
17 17 1000000000000000
357755875088883 725915327130441 925056448955027 36961505754824 985296463424913 265468108499812 727117453491717 499152506029290 402977417903566 317318983583754 176800305495184 454044479918906 684069645065874 330526424430716 470482448661181 572576194934064 782498861802021
567955258392328 206214770938263 345825464742458 887928652453560 119173816801259 16441709614323 489240654204350 326425196936728 30380574181273 560064330587667 938323474716800 690947591511592 476578078245265 464042949199200 402550433457248 153754684552478 312568978768455
272373225524367 29061952902208 98943819448811 817548127165245 711719641887665 793100893726209 392529035218641 119800534898065 858057227209502 136219517793776 81613403020391 587349803626972 136537740619260 76355201709500 869943514047997 374050323149737 245687024849375
633479185054425 998646128951208 20702320658011 86295480888396 449042990852259 426070675460822 194678144961240 697649681850987 43162008766377 214591938542665 395812572200130 684874107410887 64278274793886 412902221043890 324663612240899 104643181074794 716983371023559
717367366090088 332851726928078 188488684587560 333448620469561 118012345064698 107544576864404 970310387774356 797592959457604 939685943301802 993240761855850 362282162698483 117556040721868 908596449313512 408035626626384 827773332227083 401384525488858 788354231911972
987121641861676 144747524471268 957415092406039 459767755316433 515278386978319 640230462099737 983563236436288 53258998911145 794768191564458 294054211629096 653347318958325 620282580099019 508333372153449 897261359321212 187009463634395 824269322017810 273240581133960
792777728050101 978435395748192 699419313515026 818761849821998 444175274260227 551099492612662 217896754870938 390317310937721 588054982161986 761901467443085 567133132394393 554244979498076 418228666848737 795860740095713 405777154838630 195709180231188 787707531764513
491794006716038 461754226412195 957612360127997 157736810635991 313040366305633 486858718730968 324197414358883 443725670977106 321446336899080 732977837249857 288931802043116 661695079465297 451961436191386 576136769129784 258104115772332 263989886585655 488073678512283
436304294973544 326006792455165 507434315826831 701987038181487 916729127906497 546012224573673 744962187240415 648673242329284 49402511056172 912337494849682 159700252732460 546359089005259 428349224053549 45961355266257 524828195488243 886594649067367 621990760991237
650429159368079 399291117476657 109985193794220 703562947323236 854051655198473 487933757062937 368893473106856 837322139795584 621108370563725 90577765851260 420614132933814 966239613006256 839403295640371 812766844438935 944601618627983 907774776431871 830154134412991
255858044895150 87716886962752 829530098920605 117842797871833 289632931675662 410790657872816 874003224463483 642537509640550 130557505321737 744079908307207 452669651122675 541933076120590 943578278666787 271642387982190 609016519423493 178088447851633 497691184429585
669217384398012 145869550891855 409339592723034 793329784641832 776407515050032 275794488120018 977361880731954 526191818187981 924061232906046 710822150178017 579547979711095 153939874485159 755501610773320 680463644419776 28409672183058 926006064458234 746964287628854
31111053390569 57079030634569 140163718499890 904013440066945 50684883768147 738244412808422 616909529382289 58925150729830 186896266521977 796350967633962 901581465055442 215450030646284 320153748107909 186488191307267 355858362822725 294500020531760 268570188297319
557264380851162 781171045574588 114151566780550 809351681847543 853906245331649 962873362537449 891717259430660 322902799564106 871198027382630 536217779382329 495136822098450 862814769951115 55476382631497 408015702115541 2507047197128 538325104186883 427703101538936
643240520155869 840377999309499 486440996680575 347588825293354 975019582982391 751934474861809 593677427418602 112069351250541 420228657141948 555509588320349 950640688433852 8138131620253 330369633624485 925446179121825 395292422364451 931300251707255 318229973452176
78215954122720 97294638334687 363415803813768 324381403473397 635859683567187 936759766593008 79011802303027 150211371011370 878275977383529 174456453434390 738378374741795 415037378843715 569305280199271 247509917986920 875881971747054 885262955331248 396492082580883
730133596466152 99754047649821 338098783930729 144398595280478 554663405420420 334259451173722 935451659166589 159730363977099 913873511145330 35474984184842 940080253920085 474664053700739 581080217543490 770524048414063 641686735312895 687393771751087 808020576447391
20 20 582213203212342
273676190603007 7773164410366 719034631435298 550223946310488 367250703954449 486299898221358 874638198405162 716196674489436 913870636307098 472302405710230 497890309850391 440427007564705 760153472878547 503491410733101 452358877771583 641880443142196 236107315660114 648169012542820 7034028672769 716253100186077
484232400762644 837580355122599 694128693531435 682482264188632 478352096209609 857947527716296 865898538149424 50244620358245 489831742822002 831593220579606 69976711300975 408429556922968 133222602239427 837703037774881 656606889815848 828778296097192 224312713687121 871790797087750 902283103094493 766975492520425
900227589321545 98334393129051 336876239908798 395124465608274 38684784294406 284106203711828 733377978521083 618865594635722 347946965209452 147081485732198 271568084334516 535243494359813 467514985369757 110277661724232 942698813635940 596877682958242 462116860778689 714563616398765 739845988923476 264117729829181
642210756611439 526159829674905 385399135307400 967282331149002 428506804326039 230428423372052 28835846030339 546434631196304 557425503470677 797352537826675 390901661123338 5134420151989 1256410348469 430936189478220 454569182877982 43345797210733 908997613738482 890516303155224 704123838163189 440612365821974
818449230021644 422360457573907 342295953616810 558142545650523 616742407542683 413259287327216 430263289516368 1000000000000000 661257151421699 462679217522026 812369522961257 143905409114017 119240889637838 530845914052327 223971997359890 360324040759181 661864585583575 71370410687771 985739521221795 238493815853826
486934248677318 576669600739958 365875703347994 132044702431228 899042046602553 497438611394053 214664851764209 362235877035396 851089155838815 626427971383821 995843701303235 368076271726796 344054084816354 699974706460844 720662204598292 624689077419987 806984191473561 995029203008538 282644235661820 944549984043357
780374952180416 684622196039129 873006877565788 623741506887259 680827852127538 245870086772152 313287961851725 715127100334981 97589865191081 150321251369948 305115102368290 361048012268742 960417559913672 6897509394867 402441754291110 409012916056973 807221839520382 693795473843552 712571699816250 923206126767576
16036927957011 94843073839586 603225713841650 630677455094956 801428223585536 256576691811054 454522015785109 498455242445065 495110071811898 357753704194215 820687647904295 556859209049958 827476645164068 896134917558571 988552456153134 233706678915215 592723411804207 735949472702791 830757792170087 461991548542742
386705518141712 838850338668698 622872948757335 592606105922284 473503159629529 128869431550590 195776888042105 79989266062058 135229956639521 37987945926573 681116515341625 286576090705124 898848922307882 128288586668821 714994663896778 890059794039175 263410170876680 732590998387615 75738406264323 636613036354012
511486483741474 775299954584631 751873424056715 894665746791065 622798828029607 287006411574886 816237549457467 240218110153129 468713861618531 504628495720686 782403000657085 325576220734376 116667365005532 165001573430677 567448529916954 907983826947241 698161975635986 997168326758606 107239239980962 361025300176424
664346431911527 58449638657926 725560455428329 270801637324344 825592898872042 887183802499214 670319355873096 834047217710807 904339478059493 742128878713062 468711540170022 931058932553282 935353065370510 646104370705521 410233753614092 145367915221265 720256060911006 145204735348858 182095225417529 907175035243086
632155046937368 275578044823899 177134773054933 995208084852752 724226723927459 638823037076133 936748768250822 919151773372545 94627167959241 370014393972665 648024701102806 137499973148196 357482766268399 510571679370888 762585332868338 360900111628859 791889926981704 32610454504794 834822817885096 394494681871786
637056923915832 210063985634465 892303887956835 184077044991158 467507541690332 309204553352038 888405430255986 749337418342524 84666393155547 596094400652641 182212509828998 762676508971078 399927252043316 659215838576070 626864845434077 429543927107238 277354262688971 414540991886554 832172593976508 655722752202857
224752691743260 814093160503803 154119247453854 814116640270357 992270119503283 356495709786558 309738954197954 175213849440415 687614294643540 246677225191366 443150351310961 279365008369343 710342299984552 226253337811578 529732732544595 555701355700797 861422527030887 369327282719023 908770717665408 978254241366684
776405846611139 99888337053434 582331004357962 875285765620330 589521099770602 940685661702957 484300997384997 997867957458282 599073412811698 655460019502142 942627345293342 684748665256746 462119219179276 540439809466415 102899404631860 556000609382321 143349541470310 322711548648444 165494562755504 821321054121174
108162051890722 670883364659978 938465759746695 214699587850589 626728736524808 67500530870652 76779773783550 88854394304923 850949238679813 953275001182819 639752124532213 464766117395613 190411230254906 862869319232712 723227150827276 609092072876315 546057894605683 707968313442560 337657470562052 607757460641716
211411934609922 82168836127086 513071154638458 546370732631052 772676860847322 37637284075605 912941956679983 951837333075379 259454748425645 903062232295170 118923515171535 320457754645703 604492586723008 663085808693572 718307270402194 976379464438444 663112865940118 454701840260329 808613402625270 469747525150589
144337031066632 269554221253384 652370861539122 349760905392924 960071074501547 52375788956848 589431017019428 39310862456833 709498233102439 943984063695020 642208824151129 294073551154521 499160262103222 397467341235269 344506362189795 13788965291825 480372332741787 950325185292567 813035564757620 911627212015692
53830149744176 916355569077383 266834829865282 76917898067407 469106789588090 149436650210420 197997649502636 669180562870977 168693678814624 285235733861724 387184795738202 235676995594415 203619048854249 284621071621319 927822816658986 236154830944080 858274265736815 984933107265872 385272029454031 291160436532697
104702152302270 467958923155977 643222741999524 816063575580747 890551562341632 865867085527523 264031433613635 609322409566592 160287708571817 253434149624600 681789618377444 36081519053271 54769170274898 429678137237799 615821048372657 570412923531223 765801617657355 998327885897506 426807263988148 561348717967074
17 17 4
148984 148984 148984 148984 148984 148984 148984 148984 148984 148984 148984 148984 148984 148984 148984 148984 148984
148480 146490 148484 143749 148488 142107 148492 138955 148496 135882 148500 133661 148504 132013 148508 129382 148984
148984 148984 148984 148984 148984 148984 148984 148984 148984 148984 148984 148984 148984 148984 148984 148512 148984
148984 110334 148540 111942 148536 114206 148532 117059 148528 120061 148524 122601 148520 124617 148516 127014 148984
148984 148544 148984 148984 148984 148984 148984 148984 148984 148984 148984 148984 148984 148984 148984 148984 148984
148984 107606 148548 104522 148552 102649 148556 100729 148560 98499 148564 96122 148568 93707 148572 91955 148984
148984 148984 148984 148984 148984 148984 148984 148984 148984 148984 148984 148984 148984 148984 148984 148576 148984
148984 72806 148604 74825 148600 77030 148596 79961 148592 82759 148588 85205 148584 86942 148580 89457 148984
148984 148608 148984 148984 148984 148984 148984 148984 148984 148984 148984 148984 148984 148984 148984 148984 148984
148984 70499 148612 67786 148616 65931 148620 63129 148624 60175 148628 58035 148632 55179 148636 53515 148984
148984 148984 148984 148984 148984 148984 148984 148984 148984 148984 148984 148984 148984 148984 148984 148640 148984
148984 35545 148668 37297 148664 39521 148660 41891 148656 44439 148652 46107 148648 48131 148644 50758 148984
148984 148672 148984 148984 148984 148984 148984 148984 148984 148984 148984 148984 148984 148984 148984 148984 148984
148984 32903 148676 30913 148680 29229 148684 27114 148688 23959 148692 20991 148696 18055 148700 15235 148984
148984 148984 148984 148984 148984 148984 148984 148984 148984 148984 148984 148984 148984 148984 148984 148704 148984
148984 2 148732 41 148728 2181 148724 4077 148720 6354 148716 8555 148712 10923 148708 13099 148984
148984 148984 148984 148984 148984 148984 148984 148984 148984 148984 148984 148984 148984 148984 148984 148984 148984
17 11 404584604
900980411835305 916969688607636 934269499144791 896581886875182 930651795779981 922982850382503 897358565651438 902370090010370 892434675883879 893664212333025 893775122031057
909107938746676 921752047540311 892167669491359 935473239455062 892495254064963 934028673832746 886389963114226 923210739524257 894765947416010 912863768572588 920470590098941
931534139743747 904564215731574 945230781869383 934569176249202 884798705688253 885354779561826 907969864541435 936762512024541 889758657997514 897022964012219 886576197971826
885972729640059 917823584852406 936743785648111 895184001724978 939872455020434 897294121435041 938347694302293 918483489959960 902228350043247 918741394623564 907170495610365
885013656368050 906819499982523 945770452101374 934926321284536 913061881976318 912022823339115 887260121205658 921403067972058 901817581000996 886128163687567 927734978138922
934266069370380 947243818645670 903656064291974 920989703538445 918638448201028 942570870557258 934627433032882 884730583637891 925109668518093 917421348974446 904453134104825
907130957247772 894606404379356 942399031887811 903849003826377 926870460709298 907725445812072 929001554532910 909164962296100 936365933332925 920886720455187 904202271492842
895627991560951 896184716674832 934112909131659 923077015943669 900687064233327 926808720142745 943382433935587 934229906924787 896450214999408 920088129017660 887528265237354
932915021987856 912467996874073 926258402489427 943227423420770 909270507336893 903870004731183 890404297855053 932054984898979 934515000745784 915410979948228 893557648894008
928940149568391 885863563534410 930846749024915 925399610917410 893583203828713 934988399707206 924360267100286 893982473170352 932204542735668 916387499297372 908525724463682
896094545324242 929389753199902 897152570958238 937165797139176 913348289393092 894789339481347 932337026135541 901794071782307 939404526417171 929754957842433 914612962200318
936398029618820 932741653948437 932927524376277 918375398997485 930811438384040 942307257109688 929744738530612 941007651203962 926485418711331 947086851782223 909534006708349
926898815044964 899214584848510 927702702007539 893214730906091 907327792152317 924743720614619 886143745064860 932809550178946 918005155158645 945375256816076 925901071425184
944950475293626 920549368676094 943518238141852 945309135228812 917371741375445 944366695870742 894027351824327 912009451579017 891580889865279 926452367470041 900527372305304
943403540524136 941050669828640 889846234764738 939543536675061 902007882305141 916700631335974 924174024378811 930033330450167 932566708030040 908974274531402 885594401259854
941263129766863 912096795482537 888118128151854 942338881149498 890578170781533 910658298257894 933213791437956 906548376707930 942747335945140 939733353804347 927842297669609
935983790250549 897128964476830 940072396434165 906322223591314 937312000212779 936721244775639 913455975213955 921410951702395 893511328412894 918441154989138 923332691991012
