10
7 8 5
71 73 69 70 72 75 73 75
75 74 73 73 74 74 73 75
69 70 0 0 71 75 72 72
71 75 72 0 0 0 71 72
70 72 72 0 0 0 73 71
70 73 72 69 69 71 74 75
70 72 70 70 75 72 73 71
7 9 4
59 60 63 65 62 60 64 64 60
63 59 65 64 64 65 63 59 60
63 64 62 65 65 64 62 60 64
60 61 60 59 63 62 61 60 62
63 65 62 61 60 64 59 61 59
62 59 60 64 59 65 65 64 65
59 64 61 64 59 61 59 64 65
8 10 2
65 61 65 65 64 63 63 61 64 61
59 61 65 61 63 64 62 61 64 65
63 63 0 63 0 59 63 0 60 63
60 65 0 59 59 60 0 62 59 65
59 59 0 0 61 0 63 63 61 59
61 61 0 0 0 63 0 0 65 65
64 64 63 60 65 62 63 61 65 64
59 60 64 63 61 61 60 62 62 63
10 10 35
52 1 3 64 85 47 68 49 3 4
85 95 97 59 67 47 83 74 76 57
39 79 100 46 22 95 45 47 47 56
15 9 82 38 23 34 43 35 13 94
49 31 37 9 6 90 3 49 11 12
43 100 82 25 40 28 11 67 48 73
4 53 75 37 45 24 46 10 32 1
92 63 27 76 9 19 14 36 69 22
8 42 96 88 57 81 98 100 7 21
53 89 73 75 18 3 47 93 3 86
1 1 57
76
7 6 13
68 69 70 70 69 70
71 69 68 70 70 68
71 69 70 68 71 70
0 71 69 0 0 0
0 69 70 0 0 0
0 0 0 0 69 71
68 71 0 69 71 71
5 9 3
79 80 75 78 79 76 78 76 78
77 76 75 77 79 76 74 75 74
76 79 0 0 0 78 0 78 74
76 75 80 78 77 76 80 79 74
75 75 75 79 79 78 77 75 77
8 10 100
32 6 69 56 3 91 34 49 47 45
8 67 22 63 64 39 71 44 7 62
3 66 22 58 26 87 24 14 3 49
36 77 2 22 26 86 5 83 47 4
13 18 74 45 99 57 67 98 7 97
35 7 81 3 52 25 4 18 59 67
44 59 91 93 45 100 58 97 42 60
30 9 84 18 55 6 92 17 47 80
10 10 15
51 52 57 13 54 31 94 51 77 94
0 87 91 100 5 66 39 17 7 30
87 37 18 87 33 42 86 25 7 20
39 89 85 26 83 11 89 47 65 84
43 26 71 46 89 42 14 86 97 96
29 63 69 38 74 20 78 46 41 30
51 92 31 80 91 99 91 1 77 6
54 2 30 22 21 37 100 78 85 6
74 74 93 42 48 41 2 2 49 4
18 12 90 38 63 33 67 64 100 49
10 10 53
40 94 67 50 70 39 43 1 89 86
22 30 36 31 59 65 2 0 60 24
24 77 46 53 41 67 14 8 23 82
10 33 80 46 22 71 6 3 46 71
100 62 79 54 96 99 31 16 71 41
84 69 81 100 4 85 85 36 100 55
67 74 19 51 95 8 48 20 33 0
82 6 37 41 21 17 5 42 79 12
64 65 67 15 5 53 97 64 0 100
52 8 48 64 29 39 21 70 69 28
