10
20 20 13
581527749896984 581527749896980 581527749896993 586140972145880 881318847583514 881318847583517 418900653490129 286844685055117 248250645433446 248250645433441 35967635345897 83045234619612 83045234619605 694962093256299 694962093256304 694962093256297 405870632522717 508205545690893 508205545690894 253544927334512
581527749896976 581527749896991 581527749896985 581527749896995 940206777190602 940206777190598 940206777190588 962170500348257 26600418893600 248250645433440 35967635345910 83045234619615 394363398702779 803485754227151 163642812918187 694962093256297 982377993954486 917720685061438 508205545690893 508205545690889
687158788207268 898611263903421 683818948771544 102985651018730 940206777190601 940206777190591 940206777190586 962170500348265 962170500348255 180613457869327 180613457869314 180613457869301 180613457869301 180613457869305 163642812918190 733247385905915 982377993954497 917720685061437 508205545690897 508205545690896
687158788207268 687158788207278 21182380900555 795679559281935 86425486055767 940206777190588 197194749141072 879677792818947 180613457869333 180613457869333 180613457869306 180613457869295 180613457869292 163642812918180 163642812918186 440936610863351 955472232987093 508205545690874 508205545690887 494636878195667
784945637883625 784945637883616 799459657511394 527596138634339 137825132665871 875435807349508 879677792818951 879677792818949 442887031642781 397427470292484 796976116023178 69103557296334 38443539035980 355130806770699 264704231035082 440936610863363 105160726230895 731534058157728 731534058157726 960235550700451
784945637883614 784945637883616 784945637883628 291734874060320 163006596095989 519902945554972 641674790150622 150116989312609 425509652929615 601407745048687 998288587407859 588017481238701 53161726948476 355130806770694 436645911737484 522827894603399 870866774562558 870866774562552 731534058157737 214006144969748
326560953189861 784945637883615 826677845193822 969907772511286 969907772511289 861338335262504 861338335262514 309229604434209 309229604434222 309229604434221 974973177031418 974973177031420 974973177031407 620190756892869 620190756892880 620190756892882 620190756892870 731534058157729 731534058157724 758748247995158
326560953189863 979990378620006 979990378619999 466086790339754 762417266688663 861338335262512 861338335262522 383873421064139 596311002335635 596311002335639 947843155231114 812713914920393 620190756892873 620190756892863 768374027113862 768374027113866 367476670677421 731534058157724 731534058157731 731534058157733
603575520341625 979990378619994 979990378620008 217604673649148 217604673649154 861338335262513 997865542160392 596311002335635 596311002335645 596311002335647 947843155231121 947843155231111 872044166317407 838354594002293 979134180959106 706779945835665 706779945835661 706779945835663 520313904807385 520313904807396
603575520341615 603575520341604 181869686998211 247454474594688 727101088851128 973002315464355 746936936592846 84880750071929 596311002335639 596311002335638 478101123986774 510345593497506 872044166317403 498633783757794 5429020426923 739173120051721 844942306612044 706779945835659 844942306612081 844942306612079
874541309629386 833463134106253 153465511925988 557167582233440 329018903830828 426666237976313 606910348849946 420305331717589 420305331717581 171772791752463 595130113950481 65173008991246 498633783757808 498633783757807 498633783757804 739173120051733 844942306612052 844942306612060 844942306612072 844942306612073
341109183828603 889033927126444 153465511925977 161581293507982 161581293507995 586888314277018 380451704514468 779046240087452 907927808847366 171772791752467 171772791752466 65173008991242 801826699605995 801826699606008 46444382904708 573244032569895 573244032569916 25010411089476 844942306612075 844942306612063
341109183828606 889033927126434 144375555192770 527256353752617 527256353752606 740869315599350 740869315599338 95885927909560 16895041549351 171772791752456 171772791752463 844126251257835 851850314928593 832975499593311 832975499593314 573244032569895 573244032569907 25010411089480 359574748055727 844942306612065
889033927126453 889033927126447 144375555192782 113012435183619 527256353752605 811350384096111 740869315599346 740869315599337 740869315599350 740869315599358 171772791752462 326215913899573 731948483558660 799771205485183 326215913899602 573244032569900 573244032569920 323843514981822 767637557093070 767637557093065
164654013456790 164654013456782 144375555192787 113012435183614 735991289477330 735991289477322 740869315599343 274596586952459 802202485464412 740869315599349 326215913899577 326215913899581 326215913899590 326215913899587 326215913899589 331413147528340 323843514981814 323843514981823 879303975980035 767637557093072
164654013456787 559905043174337 827897782497968 139078903556802 139078903556803 714833023726254 444027297419314 812610899622199 417821302963356 326215913899583 326215913899576 326215913899578 326215913899583 326215913899592 326215913899580 326215913899591 326215913899586 356194510363194 501135256532153 372966424643954
164654013456790 920982651675053 920982651675049 879851642289769 879851642289770 167125606896998 278849524228915 582537360955222 417821302963346 536773229602071 536773229602069 326215913899583 326215913899559 326215913899565 326215913899573 432930351398723 137640070089832 989810565293502 73509322783834 372966424643957
920982651675071 920982651675050 920982651675039 879851642289772 879851642289772 167125606896985 278849524228915 434700487704735 967347681425503 967347681425513 756222728426839 756222728426852 412756384642182 285509680734542 285509680734539 438264048801857 137640070089821 130125892046550 73509322783835 405637062461497
920982651675069 920982651675061 58856517454247 58856517454235 181864592593692 996947552021279 996947552021290 473704296287564 967347681425502 967347681425509 967347681425513 202203834380885 202203834380893 97161825870376 97161825870374 97161825870379 137640070089820 130125892046545 130125892046553 917385984777964
820585807013798 920982651675074 909531834355889 909531834355879 22651009672911 291175737841226 985137375676799 988992989991108 967347681425490 967347681425505 616846770175999 97161825870377 97161825870367 97161825870372 97161825870362 58776270814390 898124668558819 130125892046551 130125892046546 678819432402505
20 20 17
977542915876058 852794654925092 852794654925084 86695325918943 86695325918936 935061627514335 565344698484641 135690024911209 329319020595391 541350186816419 289419164547381 289419164547390 289419164547383 9481490489876 713674073803408 819985029393463 435033879615483 435033879615483 389402860178705 970279097402057
783816736853260 783816736853267 783816736853257 86695325918935 86695325918925 935061627514322 441166351222752 406610381154507 181689669995008 336956760459296 930535939715522 105140691151010 289419164547377 766508780122003 766508780121987 680027374745529 375332987776401 375897546868050 375897546868055 340639640116777
783816736853256 783816736853274 783816736853271 783816736853276 695850535272428 935061627514316 767160888578307 767160888578297 609005578847564 161087149108769 930535939715531 105140691151006 609836541217785 409788202079499 409318119821498 456113046909231 746971057672190 375897546868060 375897546868059 375897546868050
558316882607096 745872959295849 745872959295848 745872959295841 907206222881011 935061627514319 767160888578294 62761003898531 721822072590752 920205762278057 930535939715525 58320170087946 409318119821474 409318119821483 409318119821496 129591464966289 942432446306043 2830654330586 596116462773398 931859827007403
272509535557868 745872959295862 745872959295864 983519941244170 907206222881022 935061627514323 62761003898540 62761003898523 122939752130053 122939752130065 58320170087967 58320170087952 561365988650275 409318119821488 409318119821485 647428587923691 2830654330581 2830654330574 745110743883350 931859827007390
272509535557869 49404064324071 251712294075635 251712294075651 305544033665517 305544033665512 305544033665516 305544033665502 305544033665499 122939752130059 22651108270429 54512095692517 925462418212168 647428587923697 647428587923694 647428587923691 647428587923698 931859827007352 931859827007369 931859827007383
272509535557852 305544033665533 305544033665543 305544033665554 305544033665548 305544033665537 305544033665526 305544033665495 305544033665513 29651884180935 232300088220498 27764517876312 925462418212176 669956830501535 136278739478172 791634412785030 647428587923703 647428587923688 647428587923705 931859827007390
821061061842047 958878139437768 545233248726923 733146057292633 305544033665544 305544033665544 953217679937392 305544033665490 305544033665505 94692676460846 962597691976997 927651660716320 787161734867933 341651854718927 341651854718925 60419231049284 647428587923701 647428587923717 647428587923706 128056065632740
821061061842041 882502599148136 618433525816089 460463412597104 962597691976980 962597691976994 444337419623794 962597691976970 757819232940795 962597691977009 962597691976992 927651660716334 318951116878160 703937113245724 341651854718919 60419231049280 475457567178170 997457307362465 289054152665694 289054152665692
821061061842056 882502599148153 962597691976978 962597691976988 962597691976991 962597691976976 962597691976972 962597691976964 962597691976989 962597691976997 318951116878172 318951116878192 318951116878177 318951116878180 318951116878200 578161298318418 894710975184185 625065730429834 289054152665704 3994309054811
962597691976980 962597691976987 962597691976976 962597691976994 962597691977027 962597691976971 962597691976986 962597691976976 962597691976988 962597691976987 318951116878183 318951116878187 318951116878177 318951116878194 318951116878211 318951116878215 201757194978264 625065730429823 888500176592275 523023584901053
962597691976971 962597691976978 962597691976969 962597691977000 962597691977017 962597691976978 962597691976964 962597691976981 962597691976984 374859904435086 957312499389946 318951116878178 367275647901603 318951116878221 318951116878225 768670635905441 468372904277835 625065730429835 888500176592273 261050053064265
171875465033102 171875465033118 962597691976979 962597691976993 962597691977017 568995131014334 962597691976965 962597691976976 41531217842165 554988975352922 957312499389937 318951116878193 285513830857539 285513830857532 360714121426732 740465364742354 847544678954209 625065730429837 794610695822753 662183498603100
171875465033098 962597691976996 962597691976980 962597691976994 962597691977013 214585851940005 465361046414020 423229932419561 423229932419577 554988975352908 758770044064127 758770044064117 285513830857544 36458972528836 360714121426717 360714121426723 960215883152229 960215883152226 794610695822765 171985102695627
84926936305543 962597691977001 962597691976994 962597691976981 193235273914763 500581200889946 735329746009820 885339374741036 554988975352900 554988975352910 554988975352906 701994006212909 762126131149356 209012550830885 209012550830882 463952110221467 463952110221461 463952110221457 794610695822756 794610695822764
233449820595550 962597691976986 962597691977001 962597691976998 669064283985534 669064283985535 735329746009835 735329746009829 335587293145813 744228521402317 561974672492347 762126131149351 762126131149339 209012550830897 209012550830885 209012550830873 804605882010080 61908604022024 506654972001353 105079679317867
730972459538002 720967747514867 720967747514850 720967747514839 142272721703757 669064283985518 746508474656886 746508474656904 261108814462353 261108814462340 630307653647721 762126131149344 762126131149326 209012550830885 209012550830877 209012550830861 804605882010081 61908604022031 61908604022030 868017297498900
156174746624759 257250961772417 171502667450789 300442743310898 746508474656864 746508474656878 746508474656895 746508474656906 976576864594604 976576864594611 910339330638082 910339330638083 762126131149330 331591173669286 260698286314931 608177069208357 608177069208364 61908604022025 109321161454223 865012233446476
116400331445029 913648330035340 326066513867717 746508474656883 746508474656869 746508474656871 531103527494180 531103527494189 384402162471827 976576864594603 910339330638072 910339330638068 762126131149328 762126131149330 762126131149331 608177069208351 608177069208350 721966538001701 766831106608960 766831106608956
627501426135249 872106634042118 326066513867701 326066513867686 326066513867675 127908737040009 531103527494164 949822936931562 82615316687208 976576864594596 827454978390583 910339330638075 762126131149322 762126131149347 924603558589618 580531389641910 26082954608782 568028319483344 766831106608948 991673037387415
20 20 18833000591967
471612952624000 14059025583693 912751606333250 754222185767265 770363035595704 631651054969150 278816104624504 145394284109020 148385551630522 10940933157770 472887382192538 12425123655967 19888862921043 17430825973253 823933580698542 978975461633705 814877850049325 408534051203549 286196629949184 160500705892189
454054753087784 449009004101097 440073689160500 711967648919045 848016495679602 9721095939819 2462880520520 17184008434644 3827553772601 9860692785552 23572857779460 13345507949521 403321438125610 239197573043087 885964585626397 907846442712190 936913404050720 297656306917605 304248599125659 154561972885666
463945173550576 786263965798094 794630773654824 730647802195946 847928933745874 565238385747539 20001326464354 31947422805700 21007628512366 23951571794492 38703319329793 18104582660467 402549823768502 399328186687787 868783054148109 919955585890436 925758122296175 314485385566859 75934426008308 175228535200631
332318368636103 769631044898449 792962898653097 792213762553897 129489990527668 309669541781244 611397095298935 653260664194818 26588797963394 26136036378902 40521345388458 326244451016226 468068186614151 408624250982220 909138132949019 912648248790614 909748959398583 191282646824610 173757899401795 189405308210211
287811265560108 386913953298444 402585956816211 423146074940585 838464062429118 197193371817454 182268828888210 25978087534568 321640691784995 318567549574142 327107512664254 329040590413190 331780573417628 325200852077126 336280735930683 319886530153364 175689673184759 166782094585814 176904005324094 176674474679640
349151102784781 163492308201319 165798431588663 189848383021704 651716392046846 472551947680446 286657176838478 315182500980434 639592560009255 331436969452238 311032878953508 307712146895767 856587064050474 687740821191722 107789708521719 195739209341834 194080556749556 160755581194494 154652635343330 687779483117298
780697878332842 334687829653153 588617570393525 465154948245415 465258942687599 456363416790280 294619944403115 300534532462031 637055855382374 652177284329064 650468211360414 420730911695891 434751819472040 435893968966722 444860567638382 824897950677727 983774902013360 991240601951324 245650835345528 684615879032599
220801650641824 392748539666613 578213651141832 2221444214532 325565978203806 942012667187320 600635296231063 605580948941536 651882685009228 656625492748312 664448227521164 307655023108190 51021197627377 831960877689658 365881881590831 815389065248863 993237963460804 987558333907642 239919942082526 321842674067378
390009389710575 378535791780581 384493227886256 392187140376468 330064173385064 323091469679672 765508198283320 173922722496023 709538211808680 511012010211388 674965872336430 297455220528006 334426059346759 320736144399487 98293561938102 587769590066265 475118655042448 825101038513671 811951299031980 797397416716288
401914075231543 392328114012368 379943652306193 374351828357514 312612052055716 309714344486798 303167908184274 185173147069271 805434035371929 502604681270907 511863969796388 502381962929043 351188081771107 602005855207346 115223509012996 720631232390325 799765048308014 815820180423271 799516186707153 476126126350288
406222721519203 407145219587508 388940028118320 381149269610993 367305369823214 900274706433328 524555234289857 863864659058986 709068545442944 703563706718369 143694039649212 724855469936159 711935087627450 705817592287904 823987671348383 809740833786329 796190981969886 812119541783000 796165602904245 787866480365301
952355298869004 804289279437151 663921600865518 433281333129795 374461622907520 347874104714978 639320824034785 791945116471533 678095672694730 686524896904914 694261854986132 746954312853980 712935905409048 693399448253215 707440434670395 707444264775549 800175577587153 800074466361432 801082129083882 797578510930770
96819944379165 813801849633054 826013047147330 817795821868381 544689911068138 354188860777492 891763100594273 667459077103887 659568357249072 672365284772244 689001270429274 700174838125662 704439148098592 687819302023692 688344882791172 693346852053245 784388694566491 591202992956789 589236656893082 580471368350461
110699662861047 832144175227310 839742089025578 822274004445041 803443759388331 217025943456920 222080313164073 871968190869438 883362709514147 414132400188658 172987812900792 706398340823122 716325864727157 691397017685575 837187823270759 843425341536810 145110869928944 627904441382407 625912900564963 725022015995332
119814908506327 350958225375513 831005159022891 831785683343345 836495810275989 835530417923502 209684359315290 416991899921271 895007623517794 452687055957405 413096656859683 400236801965530 681850725571619 683654810376132 594404478584816 839248272992361 178617570880892 624543362305085 500972434448384 719427760277447
348756036112189 332911766674025 640479612312997 274764073574030 346583336815224 854029720256269 872180949660509 345765311459827 719327234423423 724167026201096 404000822708036 722572309000348 694910738256932 689756014002951 676249337718175 657418919534600 961078694577208 630984909905491 168472766498499 832435826476704
503926495205880 312691899955629 296107872256696 266063266566240 339447305756997 860398371419037 859500968152375 862799265478262 873254229119616 594796658767120 279133313951615 260885707476366 383923124838313 365016570569713 24846853284192 654583168587047 145558763696313 614867009503241 163242659063105 158216934296059
181727391774747 306443499605629 453974743423680 458629819818313 460127570909878 845317862096217 859872905556436 32466516664664 70397345556578 660886146792468 604763373393397 611324251941062 392823667573476 374718502892308 486617564954106 475666732378166 460008509612858 92295606777697 169372157328356 4886130470741
554635888507980 673534706982172 441635717716763 445560157000178 458118067267162 856865513333683 395146632403598 377799720898177 987207622964169 221745875029874 591700236574949 574722672814728 46790850062607 398233517623166 393778695808154 209303398838390 372432862795926 179941985882325 171265268579816 899450957260437
707493941981698 713304694761835 823376471056731 555260370010044 715896055459195 873377658659931 149260512080685 145083583042529 139384885219376 974467112508550 603489750911414 591876560302991 30703816206269 28591515363103 229528942618613 216745579608104 119696518023403 128221509673642 42001919318018 707840178721882
20 20 33
392424068089150 120845167922233 725903439510388 725903439510394 725903439510380 277521345264765 538729303914035 32598131478112 538729303914022 538729303914032 538729303914036 538729303914021 538729303913998 23088092136531 129162139815076 129162139815085 7187130237844 7187130237833 7187130237845 754011109008234
835560021429407 432549812255133 432549812255131 101302476089318 339492755812220 122885988840629 538729303914009 538729303914011 538729303914041 538729303914067 538729303914047 538729303914049 538729303914074 611412508782092 129162139815068 129162139815110 631120340690933 631120340690916 146568937545979 265021278041596
240586569126888 240586569126916 122885988840632 122885988840633 122885988840632 122885988840614 122885988840593 538729303914033 538729303914017 260603401634642 260603401634663 471656995054711 153461476335431 697160772002383 514411872744345 146838102165823 273052418248871 273052418248844 265021278041603 265021278041598
240586569126904 738233484005036 738233484005054 738233484005046 122885988840632 694157305565338 694157305565317 111099948023279 699834143764287 671444456123551 671444456123561 471656995054737 563347610947400 563347610947380 788449692007421 856130214027696 153141434400525 273052418248828 242989864478132 242989864478116
755172164978440 92970137335719 237538702079827 237538702079795 615950901608399 895673665059359 278050428330142 278050428330134 278050428330158 671444456123564 671444456123549 461672049315300 563347610947380 199704143409205 788449692007409 209440398992226 209440398992218 209440398992196 872928314033914 242989864478116
755172164978451 237538702079822 237538702079844 750305274736960 615950901608416 895673665059330 278050428330159 278050428330139 278050428330157 278050428330125 115357537034594 563347610947403 563347610947410 199704143409204 104185368938111 209440398992228 983909863555419 104185368938116 562349501466819 562349501466838
755172164978434 755172164978441 237538702079813 750305274736984 750305274737005 585520528013614 278050428330171 278050428330161 79289867148647 738002684347430 5039826974007 104185368938114 104185368938090 192206683275500 104185368938094 104185368938140 104185368938110 104185368938143 104185368938166 697797885888689
755172164978463 755172164978409 204765291259516 204765291259487 965221924819698 560779062947317 278050428330148 278050428330128 79289867148670 79289867148660 115354194575801 979155095997704 104185368938075 104185368938107 104185368938074 104185368938169 104185368938128 104185368938100 835781949054745 835781949054721
35600799745350 651062494973292 204765291259496 508221291111449 267834165634151 560779062947339 79289867148682 79289867148675 79289867148703 79289867148655 363292082887417 316528858888058 104185368938071 104185368938114 104185368938119 104185368938152 779966018857847 858282078777000 327884979830426 905893690201276
570365055944519 570365055944523 208168543104672 508221291111464 991987470687535 937779690220982 549650937114670 702849764060647 702849764060635 894979200415455 14178762403195 316528858888041 125234366790376 408243176167930 104185368938144 858282078777062 858282078777029 858282078777024 327884979830448 7152902723084
102505719458215 102505719458248 102505719458266 508221291111494 668154205046246 572639353689299 237686254586973 237686254586975 526361025315727 417956644288569 14178762403203 316528858888015 316528858887988 104185368938166 104185368938134 199561313451779 858282078777019 858282078777047 327884979830424 283629873542558
587324140138449 795002445440187 795002445440158 795002445440173 58233437824212 58233437824203 503375596935408 782486143589118 675330260522460 417956644288544 316528858888007 316528858888018 316528858887962 104185368938171 104185368938166 44705437060329 164599337007216 842167685763940 578207582059989 283629873542554
664995643422268 795002445440180 795002445440210 973840042195104 58233437824187 557514408223995 949134477186064 782486143589094 782486143589123 782486143589102 351026433491002 577562431960915 362422054391681 883687446104964 44705437060343 44705437060339 44705437060306 842167685763920 326619730071946 830158710660192
346210868481312 363544029020458 363544029020490 931071360990139 58233437824216 58233437824231 579553666420062 430592202622308 147607199632753 147607199632772 147607199632786 759291768499027 362422054391693 127885575980536 127885575980523 193322526565529 894308559416424 842167685763926 928657261267743 737171557682933
727932538968082 363544029020476 363544029020457 65508971959107 840654146456764 58233437824205 513164995642473 251745150068515 426668470328327 972963352902042 666661589507783 666661589507778 362422054391718 362422054391710 362422054391730 894308559416432 894308559416417 928657261267734 928657261267723 90784663861720
507652646366424 924523647655203 912665627262574 65508971959124 225980709156882 225980709156872 225980709156893 251745150068486 972963352902044 972963352902011 666661589507795 70168905928022 908820515973796 958076230460322 683517237243889 683517237243886 894308559416394 928657261267738 928657261267736 90784663861751
282436627012948 667785989401083 912665627262547 824950663332944 225980709156900 88857054365643 399053126670475 966621216121542 827010391246604 555938795097739 70168905928034 70168905928013 683517237243944 683517237243918 683517237243913 14391633455040 894308559416394 580363339994114 580363339994110 90784663861744
14921107080575 667785989401072 912665627262575 225980709156880 225980709156904 157414397319210 676361842363282 676361842363288 676361842363289 168144099362847 659187561461884 659187561461889 32636908242580 395867720868608 395867720868605 395867720868575 454733781745689 462159210625055 462159210625054 981323825455406
14921107080568 14921107080575 912665627262570 338857237518220 236069928266830 676361842363294 676361842363308 628830947733482 137072490032253 709789932502236 659187561461887 177898887708771 177898887708785 202618197701852 395867720868638 462159210625101 462159210625102 462159210625085 532468292578673 679891351859089
14921107080584 14921107080565 748980486585963 130367371777836 130367371777869 130367371777877 676361842363335 628830947733457 514503747182447 514503747182456 659187561461874 177898887708792 177898887708767 177898887708791 968500694437793 968500694437790 797585782955812 948765446624568 948765446624591 774047747237472
20 20 87
894122604987386 810639858630197 550159917843659 814931887244456 534992241796333 534992241796289 424035539419357 424035539419422 265546325154993 535220467467636 933427462185080 877551613349130 631103049890516 190667011347182 549694189033032 549694189032945 770544307547537 770544307547457 770544307547468 970678917255375
265595476233067 284640887005954 441900168211701 763244241869585 534992241796353 200012674857446 21869946492401 21869946492460 848852758998657 848852758998736 245627585141581 251246742165682 251246742165703 411524148224399 377459602489640 716049895456942 770544307547452 8516119729704 770544307547462 970678917255367
135478082734183 970461544657776 941515474538497 720747123626778 534992241796384 376136087995329 803046777973474 21869946492516 891021166380495 848852758998720 556752075892681 556752075892728 220410252696890 220410252696896 890722855670961 528073230500205 770544307547453 770544307547490 803176034710712 803176034710703
519327568358111 170366625457272 941515474538453 217740989431418 713603404040548 713603404040471 713603404040425 891021166380445 891021166380516 556752075892792 556752075892729 128103961382280 83834072191720 643377793337298 890722855670883 890722855670907 391373670185146 389947384557747 124882501906049 124882501906111
519327568358086 299147938400095 299147938400053 217740989431476 532035198202227 96579121849307 96579121849277 96579121849233 191193704775361 841609529072618 841609529072583 878131928585699 83834072191653 83834072191683 516179212670711 281422538703044 391373670185180 261815780308091 977142818591053 791132276675859
559014408414820 559014408414801 454874461812037 485613833792369 436911937229383 96579121849394 96579121849466 96579121849236 784902336299583 3231864441849 33774940378061 523827166404001 83834072191734 83834072191737 83834072191725 246893305765893 762107874167498 892283159339354 892283159339285 797995986844265
559014408414907 730973179926517 454874461812015 485613833792415 436911937229403 96579121849331 96579121849398 864969676787083 864969676787109 269408112944192 33774940378057 809186042351030 809186042351016 83834072191671 83834072191697 246893305765943 246893305765985 341820731417081 341820731417069 286090260587239
383630563256622 383630563256673 791678845989247 485613833792396 691806374037721 96579121849339 289879325430004 289879325429956 289879325430020 269408112944179 33774940378081 202998536869252 83834072191643 83834072191625 83834072191637 15510282914444 358048744004751 562320566948406 341820731417080 623578893816728
706651369746870 409596197891355 465305676121350 401187347218707 401187347218704 601950407214962 128171285587706 245738907205349 517184726396777 269408112944114 509217035964518 188814024662875 755915003512523 83834072191649 83834072191612 83834072191636 570813811727613 562320566948456 83834072191751 854775550889203
706651369746899 706651369746826 401187347218596 401187347218639 516076734727990 770794844901753 194009404662827 245738907205429 565649526127039 171847331885536 774382326226903 935297320284087 346319933432505 111729810409303 498079232175746 83834072191641 955645378928524 83834072191590 83834072191723 83845480475016
706651369746900 356553364348588 995010781164761 995010781164698 995010781164771 809233830580015 194009404662834 194009404662866 194009404662913 194009404662882 935297320283988 935297320284064 935297320283982 295056040348959 83834072191649 83834072191688 83834072191723 83834072191665 83834072191667 83845480475070
139878358795366 139878358795305 200077521086223 942456487832926 946598521034697 848788639466297 663634554337721 790139578318444 194009404662938 194009404662874 935297320284070 499160426928622 499160426928590 81760500028595 513546722842353 83834072191692 83834072191747 83834072191726 271211274464183 378584516089494
139878358795380 240543916811087 240543916811017 942456487832971 525533098771581 525533098771507 779253349368008 779253349368054 779253349368040 628506849763514 742799671924645 826011655594836 70269814585525 856722207292820 513546722842337 513546722842310 580630476311615 83834072191787 149761639539268 149761639539325
240543916811321 240543916811170 240543916811195 240543916811256 66186199166993 66186199166946 888508413188962 680230195335790 680230195335761 144540734091289 521503395833144 521503395833146 70269814585491 856722207292741 856722207292727 224960696698836 431653698675474 193770836779699 193770836779761 487254202015681
240543916811247 240543916811214 240543916811127 502151661606878 493014622877578 724083680685543 19032875414597 680230195335746 871574799635518 80845130375016 446994053018764 521503395833197 70269814585432 661254328948567 927471359594038 619781990158775 619781990158786 619781990158785 23408304665041 862880532643212
240543916811331 368576248730378 240543916811207 152327420126793 152327420126731 388417226441168 636010774375366 680230195335713 457481742770016 457481742769930 446994053018830 521503395833140 180237292393073 661254328948627 619781990158703 619781990158704 619781990158642 34419382698346 23408304664978 23408304665034
240543916811299 127333082767706 240543916811249 240543916811308 152327420126764 152327420126697 457481742770100 457481742770063 457481742770034 457481742769899 457481742769892 265664027462318 265664027462324 517132428802109 517132428802140 619781990158761 579728754243716 632196468536405 23408304665056 23408304665102
480430242360735 195823528059644 223722648503805 240543916811271 787665545341589 787665545341613 374348399635663 55887406372832 935974071412132 935974071412189 613747207779867 233889132304224 780459866710197 517132428802073 802170497213979 975471934989532 266903470752374 151760485010718 392598439370455 781976425792639
438667589078307 99695001635354 223722648503760 224620720152129 787665545341589 39568121121769 279911354901392 43963994576699 43963994576733 815102875976619 233889132304129 233889132304156 233889132304149 517132428802119 802170497213944 38182156772485 266903470752295 521767888413604 392598439370373 392598439370409
438667589078234 53475808699730 614972050230758 614972050230685 787665545341516 279911354901355 279911354901404 43963994576772 463436759333052 463436759332998 233889132304047 167555787990331 829387144259391 630690901185799 300376147081083 989848663196503 989848663196565 867772825380240 621013609600563 392598439370442
20 20 85
311388779247886 817082556971597 675210171504905 675210171504881 486329119986560 486329119986592 771317683562113 771317683562198 590905682704141 737223578006325 402425286158432 972836862895592 972836862895522 30313011289632 596934672254580 596934672254564 361256600862518 361256600862598 928592189043417 928592189043365
311388779247821 983268742221252 675210171504943 385030027964791 385030027964819 385030027964875 771317683562188 771317683562242 590905682704176 263433686822162 263433686822131 972836862895612 345753715315092 345753715315055 71753370227682 992922518441420 992922518441490 759824024997280 869624345489971 602818525346558
888391078376825 888391078376903 31029662883974 31029662883953 385030027965008 385030027964951 941257094430379 912731437803046 828929684188834 526530965729940 526530965729874 629561461121846 345753715315035 981754962506270 876457098806538 874115992672000 309395082059603 309395082059547 869624345489923 602818525346526
591568559152775 97555183463822 97555183463877 280656767338331 385030027965047 65742192472010 941257094430423 985810842524457 635258465772465 635258465772429 635258465772450 345753715315001 345753715315052 895398194987131 693939782456185 693939782456260 843388617831550 843388617831519 18908092719962 18908092719948
550797945386473 550797945386531 97555183463841 97555183463741 385030027965104 65742192471937 161225412147527 985810842524492 359315496377016 635258465772486 964215617100222 964215617100256 43922164752258 895398194987076 249995933953206 693939782456175 404756026873556 843388617831485 682376084870136 682376084870116
892230124889058 550797945386603 97555183463762 97555183463786 333641381319137 65742192471854 161225412147459 903221964140763 979265124342703 964215617100181 964215617100173 964215617100276 43922164752215 895398194987145 895398194987121 895398194987086 173260922423080 4920602316847 4920602316814 217324149388764
892230124888990 396848217486202 859471377151228 859471377151146 161225412147471 161225412147428 161225412147473 903221964140803 166370401389260 964215617100154 630373740830601 964215617100287 24864279716421 746266187889943 2024428743910 895398194987169 895398194987149 4920602316811 261099608496201 261099608496240
396848217486238 396848217486277 859855139958964 859471377151187 412713215107816 499971936442019 157237514594071 669474462005187 678007592085555 999057531660985 630373740830611 964215617100277 964215617100358 212583813837230 919598942329334 895398194987118 895398194987151 23052409856529 261099608496202 115547245682185
396848217486368 396848217486329 499971936441978 499971936441920 499971936441913 499971936441976 157237514594003 804724281891569 804724281891529 804724281891535 614326172828099 964215617100322 964215617100372 964215617100303 895398194987006 895398194987078 895398194987082 895398194987136 192413369062314 115547245682190
729084588332840 729084588332868 887118580968069 481426195906904 964032044508566 597291263858640 157237514594032 157237514594020 157237514593975 804724281891583 804724281891574 964215617100276 964215617100316 964215617100311 284506548047067 895398194987149 895398194987070 895398194987052 192413369062365 440336450545768
2954225761771 887118580968072 887118580968077 721556917361202 879593006902948 498149192768543 471659975021877 157237514593946 162697562054172 162697562054119 818380138340264 964215617100359 964215617100314 853013898614504 813797511941324 895398194987148 895398194987138 440336450545601 440336450545637 440336450545684
416030736899881 983721573491619 182959978404965 900013889499752 900013889499770 900013889499754 82742897114039 82742897114107 162697562054046 162697562054090 964215617100485 964215617100429 685731927374691 685731927374622 880579803632685 753030071489469 753030071489553 808438752102913 808438752102858 340062410951200
416030736899825 983721573491578 809079352264890 600081644405236 739816582736505 900013889499779 994113393075477 82742897114143 162697562054131 290761759084977 45999712373790 45999712373803 749005762195338 675808199415936 660378771758125 660378771758061 660378771758057 725377757637213 442012420001646 442012420001681
188942226199398 983721573491522 122013187251786 600081644405285 900013889499803 900013889499781 994113393075443 752602399776598 496931635500581 258978062771235 786894756330793 45999712373823 938498730364428 786894756330887 632385818304521 660378771757982 660378771758000 634595642997009 634595642996957 442012420001705
188942226199324 389596166645144 122013187251743 122013187251741 684610028265001 90818970734204 762069661099256 448293646721727 39355686748165 258978062771240 786894756330870 45999712373785 786894756330912 786894756330853 632385818304591 564464792845014 564464792845000 634595642996960 634595642996931 55807124703769
188942226199399 389596166645109 389596166645144 122013187251813 955189478713639 448293646721569 448293646721605 448293646721645 39355686748248 425363283564616 786894756330849 786894756330820 786894756330848 786894756330860 507221738880417 694290056078837 634595642996884 634595642996939 147885060333485 55807124703739
553618775538029 553618775538022 553618775537953 340688485813974 340688485814048 340688485814046 340688485814114 210998663826152 786894756330744 786894756330680 786894756330779 586190718111972 14659325174328 786894756330884 786894756330926 683281269830141 683281269830070 683281269830001 683281269830083 161206871991729
104821952241659 798642427813978 553618775537947 690713393660966 872285817325856 316248492040938 793770846733155 210998663826098 210998663826123 786894756330634 786894756330701 586190718111976 200126760316143 786894756330892 786894756330959 786894756330954 430103992355841 248971676573081 683281269830111 161206871991721
798642427813989 798642427814041 140471470451597 140471470451618 872285817325886 494550137085681 976944480408464 786894756330805 786894756330793 786894756330566 786894756330673 586190718111920 586190718111921 144108153213528 896140739675967 786894756330930 786894756330904 786894756330853 786894756330810 151764261261024
136216466810136 352847974606267 351748599435858 140471470451623 872285817325969 604457194015996 450036959686286 450036959686299 786894756330792 786894756330730 786894756330680 786894756330722 74950279111359 786720754426815 71330872133337 71330872133265 627307462535095 698830641771447 835355625259594 151764261261059
20 20 88
430774609280254 416788912051841 416788912051792 416788912051872 416788912051853 676746157897697 676746157897665 505047747166039 505047747166127 967710644352685 967710644352727 966245111231876 966245111231819 659125421665298 297392385840300 297392385840335 297392385840403 411628515033713 885026766286372 275807698291920
973699043127808 973699043127869 416788912051707 416788912051832 416788912051892 676746157897614 228883632392487 763503059554362 505047747166109 603099202033194 967710644352642 745767804567821 745767804567745 745767804567804 297392385840316 297392385840359 297392385840448 502619162391564 885026766286320 666834510935924
973699043127920 973699043127914 510148592656231 416788912051746 785021811397006 676746157897579 228883632392558 763503059554444 505047747166113 505047747166124 670287239943692 113547306871537 113547306871563 745767804567818 297392385840333 301868050407258 988553410669715 502619162391514 885026766286248 666834510935864
379839276346037 973699043127911 567689280595239 973699043127986 697371787685290 18605702519481 480636313801444 480636313801509 387042672168688 670287239943821 670287239943762 670287239943724 727483878027985 203468446897283 722998921630515 722998921630435 819463079870246 190381203863936 26678057775975 666834510935798
973699043127991 973699043127909 973699043127908 973699043127919 48780223286040 18605702519545 480636313801418 387042672168644 387042672168625 444007784992572 670287239943835 418708758175990 418708758176010 722998921630513 722998921630428 722998921630489 936653493271824 936653493271796 936653493271744 380539275791527
792706479339336 218187022716095 218187022716017 817128129024382 817128129024476 817128129024442 480636313801438 98546827498637 170594363702642 98546827498723 98546827498811 98546827498726 840779574527168 722998921630449 722998921630432 935894808272434 936653493271883 936653493271957 936653493271958 380539275791540
456269634761392 998959216795315 916023003356395 817128129024400 817128129024397 817128129024447 817128129024492 98546827498615 98546827498547 98546827498630 98546827498724 98546827498755 98546827498686 171104936839098 722998921630503 214683445412879 780309091311466 780309091311490 380539275791429 380539275791506
290272833051268 290272833051250 290272833051309 817128129024399 638481548333064 638481548333137 259155584608705 259155584608775 98546827498464 98546827498675 98546827498716 98546827498795 98546827498849 18189967503713 44463416835352 702149904331676 780309091311430 363231815964784 380539275791503 380539275791437
262643373409689 585002363532476 99047743214080 562988768659863 562988768659850 504758125753432 114986333736067 114986333736132 98546827498809 98546827498752 98546827498749 98546827498845 98546827498876 98546827498962 98546827498895 98546827498962 780309091311420 363231815964705 380539275791480 98546827499025
262643373409761 585002363532524 188070461066536 562988768659729 562988768659800 504758125753432 143550321879738 573222158830776 566307165580117 98546827498766 98546827498810 98546827498858 98546827498817 98546827498882 98546827499044 98546827499049 98546827498987 98546827499007 98546827499024 98546827499026
443612204704715 443612204704775 917748964410734 562988768659771 562988768659809 231359683405258 231359683405289 231359683405266 265739833547737 98546827498847 98546827498777 565399016456290 95423126868092 98546827498963 98546827498992 98546827498940 98546827499003 423250143544841 423250143544767 98546827499007
368939552430745 443612204704815 562988768659714 562988768659689 940854744658369 806407979458726 806407979458793 806407979458859 384772933160449 384772933160471 384772933160445 384772933160429 384772933160346 510950720152528 510950720152446 423250143544847 423250143544789 423250143544764 498018758609536 498018758609602
479027101727985 960763896865397 870900864539589 927332763985656 571238769629860 148872259032922 806407979458782 806407979458919 384772933160432 243990073613989 384772933160394 384772933160479 384772933160367 510950720152499 412309756460470 423250143544919 423250143544960 423250143544848 757477985339448 498018758609648
36504556502454 960763896865429 927332763985728 927332763985705 927332763985775 658269852084007 806407979458814 460694381044845 460694381044824 460694381044898 460694381044976 384772933160428 384772933160317 635492317357826 698912809332060 423250143544886 757477985339466 757477985339423 757477985339459 759273283826832
36504556502469 982031081085818 982031081085813 762179481419852 762179481419897 561789793714772 561789793714791 663407995763558 460694381044876 786459807674481 894529712472178 749346638982645 741232445897979 247946217335233 698912809332107 743550706666138 743550706666179 757477985339492 757477985339485 269394758475302
36504556502471 393193823991587 762179481419923 762179481419854 488593114906749 488593114906666 561789793714824 460694381044865 460694381044851 786459807674518 268077167723464 85175710277075 247946217335319 247946217335273 911401597530812 743550706666108 622179604359409 757477985339417 757477985339417 757477985339502
663844417990586 850609461385491 470242643986914 735562205945776 488593114906720 488593114906615 561789793714908 941404068906402 941404068906482 177427901760362 177427901760309 177427901760326 554015088642876 5370724699918 911401597530899 743550706666029 622179604359489 757477985339403 757477985339336 757477985339320
850609461385470 850609461385456 470242643986897 315575004247115 315575004247131 303274617302222 69619843875477 69619843875507 941404068906443 244407396261332 79687440557848 289892623496283 135613608463170 277142374661980 156382369734876 219857282788175 622179604359536 757477985339427 721114191442329 120805451386400
850609461385516 850609461385527 470242643986983 964883764965834 571875200869446 571875200869388 786338869548958 817383308995573 817383308995490 244407396261391 505524733376515 505524733376475 968749435775432 542459054603854 102696144964923 110428388592928 196468198350178 557664936631550 557664936631584 557664936631672
470242643986921 470242643986966 470242643986923 735081570594884 2296566807953 817383308995500 817383308995582 817383308995522 872714131618961 388010068927776 505524733376524 968749435775388 968749435775474 542459054603799 280616688415418 336880880695596 646975716396147 557664936631540 692643711983704 786137557604721
20 20 22
954722043924517 183679071855827 183679071855830 547740519579576 897190839758307 940992904987981 354994886114575 354994886114583 806814173700921 185928900101544 639999859119375 639999859119395 639999859119396 639999859119411 473416933484656 317281309407365 432152030187909 432152030187889 432152030187887 67492874697399
72401726486750 324242116031795 183679071855850 897190839758284 897190839758303 897190839758316 354994886114567 354994886114586 806814173700922 806814173700918 806814173700923 639999859119409 639999859119413 760864069793471 981207383512717 524503395184537 524503395184556 432152030187903 432152030187888 659137271634410
70930911356967 549124589449604 183679071855839 183679071855843 19406990515556 897190839758315 157497545688323 354994886114595 24230799753542 806814173700918 639999859119429 639999859119415 639999859119409 353620428113802 904149268591124 891441839292338 891441839292352 891441839292352 142582340145283 25956034639935
566551352307285 566551352307298 183679071855830 183679071855828 183679071855813 654689465485310 757304458294729 757304458294738 522902057335164 522902057335144 22581711044708 99228083048416 639999859119409 353620428113806 353620428113814 172305354248343 252183746355658 891441839292356 891441839292354 891441839292341
637435725869776 628420348470206 628420348470222 183679071855843 966363468477206 654689465485321 75278117482329 710667861182126 714020512029903 799662334091598 22581711044703 759779578567586 639999859119400 353620428113815 353620428113826 954216131411646 304790078881589 615764333931535 504529895412246 891441839292345
637435725869757 628420348470217 628420348470201 358045216230856 545386170125775 759837822434683 379187204453166 379187204453175 379187204453194 22581711044691 22581711044707 349222063165896 639999859119381 912584458418960 912584458418976 954216131411624 954216131411622 954216131411612 954216131411631 13384394515138
628420348470202 628420348470195 149216447988760 149216447988748 558696329732670 759837822434661 323289769819908 379187204453154 774916360190980 774916360190994 566933644631092 100163929829405 100163929829406 474078846493827 474078846493807 83515928069372 949996802641972 259219861070678 259219861070698 259219861070687
449490187789620 945700767539198 982268471835956 907574578510466 907574578510484 495816091574440 379187204453144 379187204453164 310256294573047 774916360190987 774916360190996 854057282264218 100163929829420 434527813800379 948437392884668 83515928069394 635178132161070 635178132161081 477525836216052 728308874274861
4241761853876 450975144680841 20474021586345 20474021586357 20474021586373 20474021586357 20474021586405 20474021586398 20474021586395 454459710235744 774916360190997 412904056029198 412904056029190 288252528627317 564039015303688 863135175778362 829353706004853 672793694354745 672793694354747 672793694354736
532868251317194 532868251317197 461193434281330 461193434281311 20474021586377 20474021586386 20474021586384 20474021586394 183634817220163 454459710235766 454459710235785 412904056029189 373618035938400 288252528627316 564039015303677 83982946347002 912816207679501 360025380967037 735279607147912 735279607147902
427248566974923 532868251317180 461193434281313 471609612724531 20474021586362 20474021586370 20474021586371 104884963212719 449552729510028 221857815047315 891787494276296 891787494276307 891787494276288 879604801392651 180157173853702 180157173853723 804392423555553 964861311541938 964861311541956 735279607147914
874164005077294 942906963686825 461193434281302 691572161006141 691572161006155 20474021586374 20474021586360 42757377017028 42757377017036 598075124045361 598075124045365 598075124045386 180157173853734 180157173853713 180157173853706 180157173853742 842395642355536 842395642355528 964861311541956 992699828407166
773754449372386 158578702668327 712254423663073 691572161006153 20474021586406 20474021586393 20474021586371 20474021586369 42757377017016 42757377017031 57240374898089 703789014639645 703789014639651 729459205548501 627627415155945 180157173853749 180157173853757 180157173853750 964861311541969 750464805562205
773754449372372 481071088353898 481071088353910 671531286462691 671531286462698 136209364575036 136209364575051 136209364575068 57240374898062 57240374898071 57240374898086 57240374898079 627627415155955 627627415155969 627627415155966 627627415155979 180157173853764 180157173853771 511645757249555 860392836009747
773754449372392 249480209876217 249480209876220 289674063237399 780680421971438 136209364575022 136209364575038 136209364575021 57240374898074 57240374898073 57240374898090 560501502433472 560501502433468 560501502433455 180157173853809 180157173853800 180157173853785 739016812037024 511645757249567 860392836009753
827718523523149 10544137011570 10544137011577 480349831326253 780680421971449 141544798555815 136209364575039 136209364575038 687163075636777 687163075636790 57240374898104 24115453661736 758497696591864 253469131392230 253469131392211 623206699090687 180157173853774 750080664376232 792804814567060 106997931850882
970740642144362 10544137011587 269500522332551 269500522332567 780680421971454 798738862621482 974649235365836 136209364575022 812490639856968 78911694841589 78911694841598 24115453661724 253469131392221 253469131392213 253469131392201 253469131392209 914576992951977 914576992951969 914576992951987 850205119318591
970740642144362 177579434498500 269500522332571 286083267072579 286083267072559 449631829228618 248692528705297 187718592655690 928195701841149 251891578603036 759570475242048 24115453661745 420992365869983 890896027031363 890896027031348 301541608010649 301541608010653 914576992951990 914576992952010 756424912864648
846357870549843 177579434498492 177579434498494 177579434498515 177579434498508 641986178574725 248692528705311 209524784226658 209524784226651 759570475242074 759570475242063 759570475242044 643022353907527 618984264231136 890896027031349 723779766475001 301541608010640 914576992951993 970827986077930 756424912864653
846357870549845 670454317726267 358775564324342 177579434498529 732572066103737 564707660819766 761324138589043 209524784226662 994617352435042 759570475242057 759570475242044 759570475242030 722878080129223 942683287021876 217214069023375 77806432568927 301541608010627 914576992951980 66332187153623 914679940058961
20 20 650799053802756
56471375259727 266512711424825 758414487698490 749268755059063 577628812512773 484650758880286 366974242783510 697525297745884 461722240820328 698044365960956 62846996441956 81823622856612 98835435097457 686299657378431 210064341181890 30564866827211 113569883179676 102277549586831 557984038152701 450585042626273
163179136230452 595495855977094 299192732764271 829702820837976 733415932063287 230525130862736 792232453214249 715118545720324 331207941049238 90921607349009 404171040660120 917409951275751 219813587826800 317644980788923 470913788579467 617517419591278 441653662444557 589802480486465 134383673025585 48206712165545
588710678583148 846854387222683 804579529233538 808092950541046 194022252258774 707038633188956 446550839027881 465473563247624 979219418551111 719400083199804 238760017277234 376655407200686 530762853126697 86210737738340 174972493152218 748312788933194 745379949539913 969929746538489 114249538707068 632049005320706
650967338717111 297245413961200 504157256301729 109351380370283 715966480645667 23092294618033 367887803199883 23234560985429 654193446249787 408042797256237 576212047571663 110788189086767 514102568255735 553470010574082 731518710408032 980626606847201 387738820654547 793831984901164 246454607289558 8084248254091
640472775824613 180371325676706 123910680855259 710942143078235 504962146913184 769912195774627 855227377233768 996816701512450 490766851262706 537281469991807 172365720621532 527415068928236 717728618799291 237800109711974 329471817079301 952217095014115 968806123573906 458970684842009 850707303583856 32201449624487
384223570301542 529620967486523 330807191063396 913588556596082 673847764671956 506508633757740 846664307040031 684848876739639 751726432798660 898469950185187 175014597401085 383635221478215 996087489708640 88913902847116 412895996732117 665905873747909 605791022056426 476495409478202 113890903973861 470630733543278
80687943989451 226497168519559 598123940242755 640340127712344 230876059150895 725490034379023 845262312170455 255404209238348 899875881001691 7301651811340 311684381051644 337116362610456 279307223453782 171003602596980 458568783810293 644068901756621 301769928916916 814748413254898 823234023401404 805391196522608
688035029918884 182320399744059 730690291071299 311442371444532 219086757575098 302441205846177 473893307412136 502807250984799 159083873855743 610531586143417 144426643235926 205895882069182 360087897357398 452065940630071 924726381234728 157439642632479 561378066814282 148142180283717 591463881914750 422865569318219
425805179308642 582504178183648 793767693626836 189353704759275 275006738838749 880158882928106 554347222956496 864736519595596 121837892223378 647393700813213 216335912049152 281258829277841 702280715193000 609288539224818 44670512422959 310931209577582 398161779079452 214936273904208 476334733975377 129882095914529
429234627274520 264451563087342 232978367218422 108940381990392 354494244037644 515934167607071 672696715758889 500947701040500 568494953133837 288401110767150 793315413686953 81423082334883 799537899366182 507606855183815 239373909309528 288944950397797 495621913862338 715950060798194 69792057983683 100005891872088
375843712798818 105104556945045 376640068211899 776053120991045 837032765061322 76843410533381 619159540041974 792921857615303 550112351105098 411341583167534 914926749708396 593659429204485 665385570905242 975747469101424 625743853305871 457841196515231 780143658099758 96384826920205 2665510834909 908858863832962
606229153984636 584482552272517 992576443867720 805970185030837 51585091492482 554539180900006 243767792550119 256219274098839 722213725701136 931056516363698 823398333399060 854900837429586 14555801758595 98045195129872 116726342323746 813901537803549 311245799499820 994298246767932 259863077019767 652207981584746
272902786117146 212707107984796 239907579754074 799639775390556 475976006697451 443824140289552 643327500420029 804287749878391 775693313551688 772985181859906 540466079523804 550557253128557 22102388610161 624787848206117 387235360521425 922396673352478 699731268472220 753507391898047 792007279506422 717983500532333
297051875513277 214979016984925 311425492678371 551618298230386 370525181004557 660333533856054 245515600054112 863210822738481 781862753275007 540118669319571 779543597769983 85141589781541 44254216450014 338543810081314 578164638895848 235865993910687 848098755126866 586238090320469 547193122451501 330476958510243
400916316876783 753476622427857 143323788912371 568925605594596 377536615156689 415049339411 326173274580114 698153921106122 223586625073513 926511703614412 739717358784295 473077998190627 170985801994827 811886271575638 864395304507773 433008987159008 350061690777676 865171621457638 665302831312040 861766347119000
451170517440336 580644757075540 717219240726026 6714797910337 377440937054081 979212010637895 740725946057766 209979322407766 66880420379541 949084682402884 160945098079144 671950804593306 54802957579458 192451245384081 126987355760202 852707175487780 662506468536329 372836152146511 148280275483151 960472309043348
237326938843332 702862204979131 383518115884980 415643515580899 470006377584610 642884246680741 455574658801286 482879902814678 92436759562680 656220601721934 665650735795222 295153821800150 287292073005765 275834310580041 820883626938290 530515130698774 674894133148020 790075194326527 253978458110177 327730473639595
562724563602561 365824575476133 382499083773734 208820589804132 502263929070270 443599526167828 791866488064181 572473096846807 101239180328662 66628113301178 486813330605122 320677943538343 414307186124901 978529062183707 939827988600104 41138453952055 809999360712092 407120370553897 566298471374139 449764087807075
777152830784805 594020006039506 818789692979795 345538445734966 255904207419110 458273107008610 104158135108607 362660924407870 412039007009215 299054220528905 553512949481124 366430857974753 301910576608504 491621855488801 484859671052960 118817717819984 709165802521081 43366745065346 104431019784461 965269045922167
444624698462098 790935303092207 715982099427358 621313991608945 687426469883196 903402246312723 560587629050749 46597711781701 33742275788517 44215917949517 813400953560184 607792429563555 95779899381932 685053073868419 915313370019583 615744968020134 960860258371040 830039432486828 720115604840939 440796525574091
20 20 171088874879964
16253007012913 207930977230588 495659694876794 924057895573550 908881195645719 973133975853232 234250443412413 270681035174291 143706279395758 826097768570291 777297780539060 458901675407483 851121075107037 463357469882889 634942379631324 609233261824038 818934200034523 756730889499122 917167981893321 926344988412250
20193490416694 380455151464722 749051175794075 846541867644851 701558658863021 812092801662036 508400795346275 243479671162922 220275248583007 132924985164227 800305475761607 501273386731686 209523469567759 337620863028098 608565940470066 574054511654606 893775428816680 721525474490369 909685834888716 902129521131667
26797098516448 888669394496011 903823795218292 920734838485850 148295729787259 664025225615462 642680826860232 343787797101675 744322265523529 797953149152007 958410489777596 335360826998919 240884764321624 556499163145202 360660293064862 288412442807757 943111449235968 657661822181571 596346861229053 256598161990840
669140901137514 915673063942704 744595828148883 430061024417871 688841811113301 748769116088651 460829004774066 326437263916050 303941202232476 704912540161420 739811540143496 447561459011821 469768349283168 715367815676983 298220891008833 842482753677230 870058770333593 741017912847644 809201142026040 125701397618500
714201403703140 909913027348084 589211000807324 454341907366086 551457949180803 756601945151819 457809411896894 310160630585286 463659787923192 580579810402539 326700394594920 315301975941387 380284434143936 428191257608473 441566643829496 428755138841336 591123283554680 658452443363822 139869627920916 393459567387687
640571835567461 754056839609386 618790309088147 548125289318549 684179064623016 79790220267905 171332168789181 350238695162141 436063482773106 451897552235230 553700614597638 700295949575940 408280783107215 284642220412990 388545111520910 360174588369187 283673408522747 205033714790566 296037602053196 277691140483114
538586279261628 403065519246328 533732625534728 42884285669963 96903121616993 107837239273199 115358213169152 11892338278079 149037671380044 316758641713424 44225587945574 63007239634417 222540022297 898950724793186 378948755128334 297610878528718 140694322836816 813420405574389 794559623350137 155028029297447
271014610742961 388348817563241 296490071744433 109776974392732 85599748533737 41490743469579 848926804456464 635232075745205 369645588874969 263063722955251 868803939100964 42755015104865 800367363101240 820458321717208 830179113168962 748000987275486 152223313089849 312287291751991 780899383627838 505402145831737
325538667507126 390514151360228 357800910074590 34512197338457 23488479380351 327023261047403 327749638138878 725442088535865 985000424227080 185943125572546 810454127389563 43525013440654 370853699934516 677592049249883 683487769459225 845232617493046 272280353203373 839605256957446 646341607657267 786019337955343
545650114210937 406135420460268 291380746439278 90136980064229 235934091866952 738874119232761 831315281325329 984279471739636 62825791309926 872662106647835 875290951177171 99567980672402 163566380758875 125750061892190 299641798040700 691865206443636 756412819185979 546086303335202 635742701256515 520156860841675
413249756653037 471826537551070 300478852160809 237189215885331 804354518129486 907534011408521 847282062179142 851888556096525 532526864565931 510339436604827 999617281635956 130436944274994 282682372656683 443340442844559 396049173420221 819042281236757 647960030790666 429239178646758 345417885343188 512162995454664
248914488365048 407088957910885 456846121769902 407421803057691 720284565616754 795638885245990 301792711522732 420755337554151 501805362125441 145761354091727 72516750138969 699834909979028 671427092577972 828083591607740 366661093629295 466185506046275 635439835870383 542332264387400 186643900151812 803580046237774
173617608657162 492647352186822 449776557523085 299134403585907 452055028990608 725048079865857 453634019798271 30701792847426 517173426621013 668272436678491 692912502598447 798929361188625 966851026931988 829192992228427 263981332005278 213890477627932 531357425388659 621049883163248 143846253134841 755564133777680
140251747081522 593415195868252 507273557580477 328859076270898 305224131224210 854702013243312 560853792114795 470763835707248 655066075253095 861463136013212 542661833314326 482512238336354 577199676988350 979526599445454 167620366241380 292404019411473 296772955179682 438199972620809 584837717747890 738285939061381
54592140777938 599651118999765 200455722231674 833008345694595 326320126612455 552605121918778 906483105136496 872638184283670 932700128259245 67560482283904 2554913723070 354925618357440 460465986495854 273920865064873 273704541731299 497785335801416 503523478284628 389815466626207 484454639571827 461398438585762
90785999513577 234279571880683 665954780680247 701633065105078 712744925458767 176087004990197 57358158026331 41463801007340 133690323368892 28321380870591 451021258915224 265368095013293 95261290906908 316860153697708 539993185952066 464062041624245 509490206244302 622847248202063 644787345163430 918220595933443
196320430973939 259797729602867 733391220912286 671893249589152 648251187061944 719313630481937 15995798976053 89032828060129 134882171135603 159512606146655 604001789869802 389289276837868 26025017975518 418472719850194 946954189152126 893595248608955 912562458512116 920980667041019 864383035045291 419478945856373
346497317289958 660907842416275 660325650213199 535002230457438 452680489928990 613283392298462 835293708589678 688629267312757 685525229546261 909279474054868 886794482364044 794718461622646 408213778430790 250680728338778 875281040692712 917989257668744 754987295127643 198502013486782 435290432362081 547640443675554
277834161635407 835959767220280 720382845267510 568098100161277 440459922104420 364441121950680 513978534647530 991831396249302 33661800417384 937200183447931 965427494334082 871429146651424 957521131992200 136484778122681 89338448678811 543005388527309 404110573380662 396539106969807 378449965974966 843862102172421
787714250017213 281571158054423 869408557857335 274950342383865 457430376354758 536185108003564 382306131330131 867909616061405 20595862843450 256232514540870 751647220912905 738342103926885 743487208268826 67920920717509 252156531058191 505749410615517 420232410151059 734836561678266 112004247954193 302428311168968
