10
20 20 42
153199186406927 510737484298785 373130882496153 976297013784542 450871237952033 341262545661037 322438832769342 410742336772250 324228138223609 595957781178476 496274850977529 496274850977489 350999850094559 206289537645603 185409452161310 683803434980247 298762958308374 916784780665916 345770459045277 33630693582929
625750229540167 465869218496832 512395093262134 354730614264008 585936755479163 75665274812383 675877743632570 613754936979280 721485734965388 204927004254210 5259917182729 128559062312204 874764066365637 579449285467152 639625011334460 41499620795444 298762958308392 32700562681195 326227041583391 963864377275163
577276813450465 237700072818460 526372516369694 636394335732855 689335535558225 809561009561959 873741640458163 651537399865265 773838066036539 317973908527643 317973908527613 535010860159115 856049585532788 233761695904671 259765146815011 41499620795471 137338111070648 32700562681211 190289194417793 780735684302544
808062773450497 105965148450468 978144499191593 553269207239400 34552304234634 278065294389982 36522415649091 651537399865245 98123030444879 782538693060348 585635629996997 613320681643151 868562800186021 868562800186018 259765146814992 544123805729246 532425609323834 32700562681203 210232655771073 325660749436722
808062773450510 242710631295919 123113929455921 152009390499492 752143815305549 663776465875150 521456405427170 204550141260308 572914063474067 572914063474040 761599147555679 231127869696278 868562800185981 814610796226655 834335104551130 544123805729224 809430074545301 982734987226776 982734987226765 325660749436710
393575187601431 70947828306535 70947828306541 471050677128112 401208069336496 663776465875120 95559196863465 758215370074437 779976031303489 814461515091066 385390594992554 231127869696277 953799790918338 993376476342275 254061110962638 740442689919002 846394398966232 917504431562276 982734987226803 597779464169018
778401494969602 70947828306539 613239283493712 144144107891542 321361665228155 663776465875147 788544805737368 538059387266321 64193866162126 885885572057338 245941828819971 865205869119609 205787952699187 677460648173205 677460648173181 285103212028047 339762209396933 176183937227313 826101332861281 607825405058337
48897598737364 822398064919966 423721867141505 752928450873307 211231920981627 354424145922835 116700376783325 595890514125099 613547278415652 820273762449217 111282985150657 899661476811513 982759275294474 188622243163733 57773462777391 285103212028080 674779207118848 176183937227312 539014047192960 798068155099573
74894749245284 134974180215574 423721867141486 275629357505067 264419976486443 354424145922795 810663713564762 743972097422248 379845799580652 113711680225492 379874745839657 767937194301389 527192612855438 246003041590221 602851035133922 799756071015338 799756071015301 789781130035307 32402054054180 255455785396218
980514419947028 96261244517994 601907232611743 817736603706926 632999822032876 539789407269110 503409117501943 134367087335884 134367087335895 134367087335891 133892402264584 83734341712607 515160661225774 17338083266548 564041263751315 301543016798013 415343280718857 415343280718882 415343280718905 368760663933504
624665006567154 108683092560503 601907232611758 803370835378259 632999822032864 528987301304998 902102691518558 202618735067798 981828363719275 260223977975620 875305710660423 752041815426875 673749191894046 406265534917355 855690817348627 947619163624488 874655117145716 38040856087922 295128914515800 642903881697104
449794040353990 856151054703776 956994635682798 777296847315281 909735683590553 528987301305019 291581928583268 162890953249561 862556800404139 862556800404178 784394909245445 241820220428741 241820220428719 241820220428758 606244371858307 961106498106080 778848770277097 778848770277068 641450217473047 30259321917118
107675498858047 181475798838334 461823604420920 948925226693962 866696345701161 142076018213957 291581928583248 56906019659556 985158125117097 445743872927361 391172355453424 291627791909447 965699459791308 965699459791343 973042939665156 800289012617013 983658710222427 635429312739091 635429312739076 635429312739067
107675498858014 181475798838323 179698614997232 948925226693966 188647462235056 619647572309181 351061626612824 39190768761629 279790999396705 715038213073647 991608910821583 351866750378747 667112677669752 337524152330497 973042939665170 800289012617004 373613530782819 535030623081952 443039892692849 729035998069191
518695375864624 570083095114373 179698614997219 110848685931657 752654931008162 39190768761666 39190768761651 39190768761629 495182782161157 715038213073638 740741841195233 84461442197198 893656674399747 933044386987685 232332460507574 678080353097850 986585516065501 224564199296074 722150730773918 917694709617120
737028183990769 192726879183867 179698614997255 388392107322381 752654931008172 238871821762862 39190768761634 241388514850707 748284853013365 297893317858867 450422369460585 628470428603791 913720639020786 895943001896799 661709078432249 992483081194855 992483081194855 217652013445 610014849728231 204538938455984
844393397480529 960420872306930 179698614997242 38610098573919 38610098573921 38610098573932 681756787418027 241388514850715 787417993059151 297893317858890 395117891258200 577461906063007 6502400949479 277974586886728 506473971558407 992483081194848 992483081194853 102759161265389 242697718073187 58885920549110
502663306616265 502663306616263 502663306616297 977755968190646 38610098573890 380288432760256 380288432760265 787417993059192 787417993059154 347421863285536 896519213228782 577461906063035 171033820867794 671309919914070 303536149466847 473217622106689 350879731883548 77669389947773 748882371178757 58885920549105
880265399283961 241110129070134 351468039850491 155393789279852 412053080689842 879193543318376 972544081081253 999590120995308 500490143201566 805089909454214 796239576489301 451409805519520 870674423368672 129739492338588 303536149466866 396404149658176 947513376279063 137103660664331 419723237688946 418043984617712
183059649362184 24035760753385 316643105969132 879193543318453 879193543318417 879193543318392 724121078448099 999590120995350 500490143201528 13121941499932 679529035440785 291599177455023 638779881823745 180675125978919 895688405025141 396404149658160 947513376279030 204350999115257 772552193002341 421229455257836
20 20 700582991503727
512558964641485 278203492015363 799527872035291 654616601207507 614097690062671 89574349494312 320852327147506 827851939729441 817480101246225 765166324654717 152851888847681 258877997761000 20675591269739 491491343620291 910757207768346 155219251971429 261299132205 468915147989433 450258550116483 851187859237042
471698275741991 738037579229693 10477146696015 591461648623553 416568439780259 914811800927109 603236365448876 821146962290912 49382485137404 44103129754782 679552452856092 743220389396319 637224246805899 846103400111494 420537095170662 523824849948292 781104168973007 687395310192166 798748147413338 966843071312374
422386241777509 139188118510145 914924770544899 380624581497452 156810496748466 644596633429875 501851511484687 258984279835477 727605931296954 640370112986202 752050395918633 948899550898030 875448273935036 652737454843912 17387925676639 113256628316597 956510181582062 78256076186399 84725611616697 685405624406744
882814195841864 562215301100808 619943416157406 563504029515929 462416219441923 397831133357631 19446523416499 481183439060343 707858690287024 307850818667365 99515318687336 61751249338986 315801069978746 616190672838881 415478601910444 882495890828882 899725237987962 150890036309083 307811016445532 729611772004330
493803062472544 989295563092469 562368559635785 702472387674423 637589790529837 380192720554175 527569160128780 327567001635857 499140560644766 368676839482610 491182261282700 679673337599086 849160524683496 523290521480263 417174761302213 749920218684199 140521465016799 151406753669876 58332502403608 372373108410195
725968340006577 672989524486689 413137763418321 764421239696614 602198069037476 639570710359522 752019966094593 256617054152832 242226308952260 447364652132524 598321626849457 516235816950430 359585363968431 672318215538979 726446733501683 376563876389958 880090795943107 524944011750965 317077105758070 500837714371797
66097668537440 149930758967582 488918917914862 740922092651680 388961014532462 834420209277504 833549126717111 533776812606998 131339110956781 677378331400903 75244178301556 376862517051732 133419087788458 280209933469333 848289386460603 206201504108255 239083074350271 391458338032376 513901808502673 267385450482170
849615193731503 124240231851973 718292838432588 48951386221000 792393730944118 808592709522113 222159809317558 720770228295320 913231314831958 272373510455284 69758968443022 331417144866953 436330579894463 881503750309125 227681144629223 864292485745683 448840841382066 488192441663031 368633055700926 46997283850917
565502289689346 783338009337074 22048100871968 101830995834067 775948374906452 315027508331830 239229106150005 208362188768795 731099990653259 497887950489416 541067341063869 817145505494403 748031692606921 888408237014396 443704015597559 30030353119992 991037913952222 538351034541958 709192879899376 342572525264126
910331429974341 369279495352725 245915797809517 24599210365904 569226711125067 273358112398605 659210913801526 236283049690693 807798141649721 960218944318671 75712218629243 236451882988984 541686514404269 731175563088841 623537614220964 544834977043391 279441603536233 703899929914841 185972223178172 688888265439853
742050441531254 834658661435627 304430759869847 745516008694745 453069386214747 630933991833736 519220416847332 36612184334092 203789531601412 46939176290069 568499990482039 144996759643733 289222723928014 895598450128114 163224147518476 76804765222571 26395225336211 624045093236020 425061081989296 369681502630058
196833284244421 640046952744811 799180673054434 884251247118622 735468227994572 814235053881802 407403562029778 438080786095878 122814681340031 84901477486312 391424177426597 503808894978806 50424896080924 353016696309640 505068619031923 695275112323020 342811305641714 64048718079816 432241333154866 932935678853391
715318836408257 688424320675487 510436222266636 128989209370830 118958901807640 181614714117755 47319534735638 823401214558391 718852884774486 774300257754505 603980823343759 521717030880665 671126383936890 376845544481740 227743603779518 508532850672655 738006800946133 77612719442121 211302066458842 326658866177558
64268661134143 985051107455632 669193575087915 724088780878495 947350358482692 940293324337054 370672574753333 620056198044002 61134674596592 334403089857865 744913446023028 466899161734104 883416180194354 125298386168791 832682795342190 38871025165417 308049043353807 793229331742916 389057194706492 815558929740523
421505181774609 666627886078406 195122790336764 960345403719633 259392565722306 65624411755337 739832757703311 540710255711054 51773717665914 327887944560587 54540581180931 576789799157188 502435684369069 913300814916942 474784776767055 687129107899598 26980756247565 108593615429161 744726741457543 951099493484716
746519776045353 420870900295509 141763045344595 28637995241886 440183255507996 39466982971125 972078335970361 832350497645185 342988845036564 718331006308502 642224741635214 831214266478803 459960983259539 64062212011428 651341682822511 880882140721668 137501356127471 50915260910909 151861399696245 764963212586044
129617117429500 595813374636328 419266615560550 132175069481548 997714874560369 489022745677097 243967483860591 502569409061565 905913628440359 970687147795646 37611582672148 797509358382847 170361023758160 699418785042146 373553938286202 774112786627079 559681722867415 843200313472336 466045749882102 891081427753287
238938056867221 168612855247122 839324880758849 504819679869701 583773932589470 784119571205716 638163494324725 437545353503102 153325887676470 912281278472032 608170203720337 468318105270401 239813347979614 78075430674393 969949690871105 412148742772017 330205573864863 216562124571550 12397830609166 438893819364469
77032756007320 104684604519784 385988207411972 990809353019678 494364548297602 949420927546473 926525919388797 471763670308683 826819531892421 670489394561628 968556939451285 550253130940269 709978358926972 128775344835481 891855358071201 169283434401347 972479294125002 800688179054924 123473852878696 798647371317504
731658815175973 922510874784000 229002993938680 185011386820970 364706506831732 602690927941009 562416205549945 906972513259574 513824575820510 583382233024698 143101909907623 664132540032516 188461098841874 219555595184326 895155430933312 885091816205661 903604202490070 180765705529547 232113606962388 747546879572510
20 20 59
759377994796516 961821775772529 869842570178357 826411929839737 833441316897898 359530251981853 379243504308591 187525051005664 613531405634998 888919893010095 391998303904012 410975836535787 410975836535777 593924043250633 99117779708472 997438663194436 43086009791396 20587348404773 522567797019910 962042653065387
708890550048908 481562973935383 453016777787098 12907421245715 466288950258204 886945194182766 97942986805037 235097610514974 215622516063648 716808449131116 163752181915613 123321143725139 936561269756303 591399267883901 725155235923284 250811479760856 647165276833538 319685324938012 970954269113712 332527217400600
121149096914870 118542468058252 790158368447802 956417926729633 292119736015055 20626263022150 143244862454486 906636468055503 118987658120293 716808449131128 339568524478455 214245865551649 345430002650261 21108857157323 408920563843440 540676115608845 688271572425457 281964321557048 64639597098473 793727154636542
251170269689904 3618455953115 790158368447764 2921785926591 2921785926571 440563323901874 243893499433453 243893499433506 427024614159258 90608106881589 214245865551599 214245865551658 328337638586349 328337638586385 328337638586355 492492401499890 701253261992117 775825868253755 477369211101352 995087464404001
166515295158156 993131475044815 341122950743962 2921785926562 2921785926616 300727629222458 573531380123248 854187869221525 503789867614403 679651030486241 57798208915077 815634691040595 335080010997669 328337638586344 659623868530589 83910184972861 92972723577421 253379356646321 253379356646285 17103614365601
718179865044207 491812424277822 2921785926477 2921785926508 578091756850562 689842029412538 567239622161358 676493325517184 760330434409042 29746919597526 914700537811278 827646216703465 533672773705278 481776682070727 854248433832254 276293338023391 755814629432808 662191575190592 253379356646256 274351639912935
78477596887758 125285710634451 951460246937632 438293989915461 578091756850540 657177169909188 618876667780768 618876667780770 967101649559064 365832026164884 690034383703486 480421358078261 757048483955598 995315214847348 854248433832260 21300395505482 826689698487587 602136089685298 100606635334183 421948937158034
511582877629447 511582877629416 930560990474328 669141341316556 578091756850551 460056714615581 156992966529198 946623378798506 577794056270767 491174858473671 124291894370692 328532975222139 509549958399921 46127877331031 130920932834702 588177916405416 823906845347844 7823696344080 684993012021999 275649988754276
992071671741627 980668843505202 3645571119981 222548206749769 108281922419182 351109558409221 931905037588609 359688200389383 577794056270727 878687583375221 717188822332798 56747217173791 586941144898225 41825608021650 362148955274237 70275494635044 168730414128027 318880445989167 997040132736466 983931552382119
992071671741579 966528789634310 357809769107260 940248231793561 904643433211395 262847303540735 277553791118946 707612707847675 3701456169758 64871999498485 137450134380112 365559047486809 565764445266480 306471768997944 362148955274285 582767001905931 331958095553616 391708627779343 997040132736479 430346442008725
343701122582021 552685522889225 965160989756814 940248231793577 940248231793578 661181578364320 773748900837954 342588430807674 609185097941904 64871999498470 743196956778172 718403569122320 718403569122311 362425411284608 634265670969803 472004158072248 508604836551644 55214447288758 814474560623953 328721350040922
326880428978673 665004790937072 437588728667604 504119195181490 531402684861672 777561767326941 441831431687336 100494040225703 18859541404858 792454280730578 925867783471282 43082086643683 791248367828407 500720842193663 634265670969858 369386261357296 151111221697268 823207108025744 687380587436283 4680467059346
550264277648312 375379521045521 693162988323793 73129355791764 5978012375067 955792174147036 441831431687295 848001743636396 692316382500099 463907489317225 14768498575725 593916964982959 670790910529802 743388300962288 60396751179024 332358372100330 332358372100316 114247107613585 567972661430280 567972661430282
79018446813758 994195764754587 805193558335316 398783343731555 551176428141574 762116988380059 441831431687291 497087593219225 26175984585895 323372680347289 323372680347306 182943532575902 364464418150376 156144489016394 8768255086107 804346683506317 461610497355925 114247107613540 972625286504858 402291247911093
751277209228447 199346743326998 931510253611747 635145783199004 456673947254702 338184352686429 338184352686422 497087593219253 673118248050566 867221689056278 794374491339746 907973764599851 51066807081985 460111645540485 162442852809875 438411921597046 689162322397525 427708134772032 353669517071354 24844107684548
461279756618257 229879153795530 201315663812779 635145783199058 379590587266465 570106276782510 99794365879573 181281824259964 673118248050520 440549875119225 782446737097723 801886030594268 51066807082032 699238181915584 552467458386318 612381538263283 545804076734670 256051852120630 256051852120679 197979290052916
910044792801994 517857299905834 517857299905789 721548076191043 721548076191064 707320251564070 888543318605456 675969800471203 149669421702454 440549875119281 576789723707650 40363937090609 51066807081987 100691106658554 628674219859249 628674219859290 236467896984229 556783609363907 471054219840339 471054219840385
910044792802027 910044792802074 910044792802048 684406375084589 685829646875293 815438656733054 575813296853629 542505387208273 87504960196799 207030120073267 576789723707633 750661254417617 705464771085859 457623484795181 628674219859210 119434995829165 747309876436680 848827262264259 925316312455242 402714238649677
861977987554147 375333916429826 246546293772125 246546293772142 424846380648844 357795878843198 929069904466446 929069904466447 929069904466452 123368321941784 858248813990214 473726420879554 557856357413333 943774351794079 628674219859264 411744649257875 180122352757800 522226491096415 910497868522089 333748928557227
861977987554146 426851338227105 884662501552473 219993054286974 424846380648901 346728496391787 48078627054140 258032703569073 140661559723094 123368321941743 760307024705597 183140562672634 868262180238041 961712997809237 961712997809199 842900307567718 770326881278234 51877431418086 26693156890449 118969112337535
20 20 831835811051481
819016293022278 503107339594244 539950011633379 68421209485717 907054715920400 665501755076006 52468645871306 692214560298042 130081357896245 674115003143067 228444415869678 153425363814766 862251603483037 274629742218198 322708384979071 44782496125371 826886765613200 334757525105556 41497218510923 253680167276146
697234102072650 31451595657912 977203279751429 22757828153213 415517368668530 283117534685969 38297898706609 425334305153593 150626735671793 354578349745921 567135572275568 121768310343195 180435661539714 486552392006689 203625671069041 875592314397640 206817622380822 574849698572177 106788987706805 495115418950227
657285294932274 158692695858320 556429554699763 490532028697608 125620652010597 684288069597031 488992123922835 922467080414201 565370116966920 769352887661099 541732656735994 228201337443503 50083829072815 67725965190770 622811634242762 402112524117081 176438510374807 866130344533197 160734740841840 761956569752889
561743352591257 287698332544498 989478896280370 52873260071567 833880254490160 705183488642927 962887991934187 435685725843326 436948669271372 135061634691219 139870977580106 720823986929793 439270674865671 49347941595319 900596730410800 763745016192992 82006660142344 622898567698593 880968680547287 788754019782265
973023752797536 45286908979832 475537853300824 859822075934618 82431910008112 945751018918641 276877570576596 809348207995908 823629617731382 65338485006945 803699966299490 385084053104859 372809663600047 775042968572241 627024819663917 654486775107341 452557757972733 86148777433901 909320829298780 677075932094718
623857941737216 696935854334530 975082593339554 360576017246298 674089087309221 191206390897184 391567471851245 238634406471901 353478604597539 255644775921651 290855048495973 44011245715433 870736868234715 425005686925809 193923654725625 505244284314803 284813689682847 150454214407471 523734544299322 355339289189213
390042325996145 510006051542463 716036525599062 490044832019843 351243950552507 277769607638386 110789492584108 987499715890459 425452427177818 91129849103620 594289581018134 916364672666142 846815674445006 439125604781715 757981488610693 991188250197696 889365029787769 723029885825639 674839145580871 5841236343774
60858554095526 264554204192986 837774960380875 577042667563762 209187729303383 28114802717860 985946647424269 832030106087041 733712342529968 694122104347969 501450355811636 462954845937522 334114272633314 103631768533217 158411155565181 57800647780674 854480871431082 542499223189406 935749001014419 36811019467194
796467794971511 217422143709745 276445012265266 545646725825417 380202168631744 945962539849820 673098038591610 954436333117874 801350270490297 542725062353752 752762681398133 630756055824518 446042058532336 948446934342012 873434442091640 414951498046931 351970118082329 790103036725210 784505185372474 326748650801322
491494326221347 145177994091367 673795027315643 485996557231875 69213430198551 137520321084219 399390036479279 848448815058207 784540800017491 302154549568658 839368198519213 821800138583592 717765561187249 485032255518055 193771363281253 321693343921830 744905197996397 309426427805972 406028629227439 986873075985409
575069465940650 229217449937581 838538675295418 959058105362889 133963756752772 747820999894155 559692574504153 333682908096944 121357705789354 783385955857845 880675764165610 509081052321841 883539567461827 567032540255299 145399351390780 476818915499210 15680528880033 833932520723237 605496858478816 647701520233821
419086306971710 12502887318590 95794047679866 454677467684283 424748975430258 968152303112370 125770319784747 803110073592941 883104209457086 730471746820559 940481564390843 245398600896230 119161913819144 226575198125428 976088627209981 199541145040154 593582900105141 820897297322307 790996721242156 744903386065784
452447811800954 58564025079327 923817083010279 161383783865335 606993871344085 863507346643222 333202612179710 812942981569896 828891733155411 519797907610175 324590500568598 706704265424189 61718807152940 752754834646693 445344859383567 987024103254311 267648640067083 303045986841704 248857758412026 97275447469561
812713580224600 343725076970705 853639788690518 186728713617005 543648151241306 860703730927698 305097362330051 821371533187602 317445819508478 870598758603555 905745244548844 653187988553511 243302264433829 352337645857979 777506786634419 833654798910153 91150240978393 674159559576724 724303628353982 459958984509428
517337409818333 343034586283742 49939002418536 64486444481939 96036462445233 656624506807621 200345295203007 703366396001032 666399475674940 214350368015746 207489195272503 252020106623241 445060319210458 765226939643744 322314809023448 823154868393955 541872377454405 596163575747820 855751667852412 920046820451771
713201244806221 500798132457319 252440341184352 389683775959391 205837773995953 192723339299168 379724229441065 804418825962391 88775054226026 153559338060352 556469818924337 915660333928549 784583786811181 842347147983473 294307438658319 840905969016130 279159429125075 728163448592657 155943634384437 449775073446932
903481497592325 737978677266398 647650060060189 829979438314800 42250545683170 270293980940497 490730141502004 34154061359485 389607311470154 474614273765028 117802778465784 761389886564260 974221268595273 991876448319844 192739917376455 788365781039119 74578286291985 884565116137174 805109110049966 800084707746486
474187086104760 8656365814008 679110177139154 785353368589623 519671211406081 319582466837230 869236678923357 559398128605907 588207863501765 365679609255422 771685171924700 36254596678263 56385698608740 884739256833992 957444133276827 224236362091666 856248643576690 317119208835802 14470683479928 322842809754003
857553352198770 712976529145853 965715752029524 250020799509650 219621123971555 509842461040031 45853926294461 762784408856016 61619801225916 509173980192548 672473282579780 946107760063617 631951824917826 879343405353243 230832828612295 455682019168730 9286020424205 937695163228097 343315408075372 80247789737174
512110392898822 297156916567814 531910858006208 696755878692949 614289817019395 388300530294414 787248046218609 264368136267547 251582994968182 858728836995432 278724342175272 469604156848747 473587338987087 387094102057818 140036111528118 11676525316216 285311012498671 401890294100151 456650218098417 631554153021503
20 20 84
504578608423728 640252296379000 747013302016345 928646731491002 330330517712493 575796136021906 23424703444535 495465328038447 373377958102788 27658756105704 317007764100434 668693465641016 138791692061733 708824106935285 998043605009074 753143021947073 438131772097157 518101831712565 543353856991495 768769202551956
468880077025252 224730785344172 754043600320696 330330517712582 330330517712510 136742622604643 603484332607083 206854643931222 206854643931192 142436859432289 994604178534463 65276948876504 872208411702465 304669697977618 934214011772134 262923044698942 773949032645149 195852280065436 543353856991527 344053936349307
835239368333821 224730785344217 266871320841070 330330517712615 586442234027759 78185675277169 78185675277153 567317872336227 206854643931116 263685571244826 131701354578758 465480592605157 175344260516101 518266813894634 435332275479782 130452667213390 410547508748862 195852280065401 95538336591143 344053936349315
154493470521957 631071312026989 330330517712638 330330517712693 586442234027678 520873822542446 368246753217823 165492356311761 755387066988110 876769356470807 419489645605891 419489645605952 857815634022480 232502580366982 435332275479738 130452667213348 18961949977780 807252374530340 609828200563305 609828200563304
154493470521873 10731839048693 330330517712623 187568510763464 802649131023555 692804399405846 435057568545117 99353316533605 438026609470192 858212946075642 567909930840611 716719880553434 716719880553414 232502580366968 740850481546714 564933366893832 506386854210419 807252374530420 821870895618437 361148155177230
357674061236912 10731839048634 523260849186070 412907288803586 859175466713366 679337887237367 202611188871591 65468163230498 772618271602467 858212946075568 825677928625359 716719880553464 716719880553511 419729730067705 490921709154891 80807338481593 615308694638375 758046409605684 537371607459299 75600061300424
389942057229063 254052960828394 448915166699039 808604368883281 859175466713399 859175466713440 226567127300053 993898595590591 380469921361284 380469921361250 864323855986718 764128136971069 716719880553437 361228514419701 378038905022316 381969314611926 175460039634692 664860296558714 314289248802509 788734380228768
123108917717468 254052960828430 652820037298417 900439450154838 216915100365353 199867710415395 279506018016418 574252342258077 539837280645723 775194190848680 910522796825383 67480485976909 359719337805918 598120442824648 598120442824617 175460039634658 175460039634648 175460039634630 943928710005489 435139508383661
457996214787769 718252794254707 257163954108219 882304020378489 433069806016363 53891855091698 502210400069186 464184817554146 358235693536653 417345375838391 404601224126833 207919136598369 617694990004244 657959845803074 16210416491629 175460039634656 991703708026381 502763777298138 64267283870506 454808250025318
742711578198017 323850089207192 257163954108140 373436460221627 912905004462556 146157592699855 45973566062415 631223802211891 666036973342463 232905920667546 404601224126865 207919136598319 435731826590229 435731826590207 879296049507176 436297441026163 94053606910063 981139387306162 64267283870512 948881939462791
462060720485415 693498733389774 418336338278038 659972111988543 539001510675718 503216712911843 935239400003055 401587083665925 325329801218711 793754314574033 848869996707547 599090232516419 307392580511112 151508126106640 879296049507134 464715653644595 246948303935568 166656883674493 784555844587991 657774281981597
462060720485469 418336338278183 418336338278116 111579212707580 268957882587476 430087163854165 248674974088366 452778682731309 586464931746102 701136222519750 775047721682294 775047721682240 307392580511116 860371659122252 400237565082875 389129494809481 389129494809538 320933740958757 350905673435642 411445957538168
830157955457878 418336338278183 301661562867226 707147901320589 331376528606953 205713056812835 177516448534044 22955377836260 779155013690108 779155013690159 779155013690091 775047721682291 651904155808692 983208697441363 400237565082920 400237565082909 60244847024126 164537796963739 164537796963776 164537796963858
922670261017975 4073398840942 693463365460074 414204035168954 643478968561125 554402110255034 554402110255112 522723153847919 377050203004042 377050203004075 556392180939442 34292455775328 636045696151372 116946903127240 457685817746789 10675226967992 521499818261837 888682166743518 81404411166236 696456248354090
160275766785563 229116527998347 349305873055605 23880090091377 835488955146125 870227939089929 453771341205315 713651339224566 236623187024656 336151501219003 94507195543394 994799443963539 636045696151300 856093109820947 471560063731862 913296343458328 18904076533501 81404411166207 81404411166238 81404411166290
789170105143743 789170105143771 370488829933992 112617488363633 687463758166975 687463758167026 687463758167060 713651339224506 577897268118175 788287409348974 782371271095096 994799443963590 719402902018462 382120852534383 922104975178626 16142928127782 594692799732996 594692799732985 955520000125813 693677355853899
609359069627955 789170105143807 130677301233551 387484063823187 536747506045447 536747506045468 687463758167060 402814546813272 118762867053754 470110362792321 489396575304651 302424020627255 719402902018514 56340250835677 585904005388244 209430930887305 310150540895713 955520000125839 955520000125788 710481848193770
801819475525585 878263036826523 256760309930949 387484063823230 370601830482192 370601830482230 808389265954478 718540095201956 902978129435910 470110362792303 114629688834923 129845439264064 135810771031673 24893933708363 639836100303803 988088284072445 363873336478766 772687480095579 591559489708372 506400112623801
801819475525597 605802558805984 329014291708190 329014291708216 329014291708143 738396099362290 726789933860089 43904346953678 530734030142698 470110362792376 51767825516463 815053865620754 656920973088594 656920973088572 294435833066284 972025998669447 540088219028026 511738413531845 964908795502015 927226849193966
888408716713406 787442018278850 383054829756605 182026466346919 197526348187654 738396099362303 19896528359224 626781765678256 626781765678282 781043693932111 650702834027327 815053865620798 690811249653695 344582555538505 294435833066304 952720009555566 696125328151400 272047081644570 1659401608655 207004266821954
20 20 94
153615046924522 153615046924428 406785088359606 815719724195227 135078571066226 684414581290760 811334621296116 33201834448250 323579114293383 323579114293469 999768890112017 569750121225471 216705838109208 597253926500068 995120816579790 900501191792504 19129921340561 897889268382188 611211719729923 74605151166506
153615046924526 633826515165731 576618875820793 815719724195301 489119580750559 113711091680745 811334621296182 410853485280493 197034529543697 653394707532208 999768890111983 753158406847923 779464938725031 870303000184903 75960341109391 337339595619826 412900590803478 357302707675572 123566904987737 126137411788403
871116529401492 813075263879833 897026329825511 897026329825454 157913053231914 972953522284449 362166573735933 902510493818989 653394707532122 653394707532130 653394707532096 697330958171970 28971905428819 261648181337586 75960341109438 728444666351524 127975256533335 491499114600818 491499114600784 504890847708861
871116529401583 871116529401516 473526013723977 334511041882180 838822385185310 315432939788579 516496855873583 805270823398662 177563626177777 779853262920650 967382032794351 197539898364854 197539898364823 513018205966958 793208681541950 766083876571483 781624563902912 987962209995234 746671250070488 746671250070574
821740242700563 59733792239000 735531763271082 802061916838798 57634920058737 246101805602044 747258907727132 256970325353550 389788171512484 663828457144959 767467230636761 904202107010475 197539898364758 65448319543489 334582610982871 854152826953400 990342401289433 39596071256985 522943603149474 840678890525448
117000853880761 59733792238979 213157534171901 697552521143896 557878309875317 709185391073433 437048826812225 437048826812217 161424285712715 477195004354973 258726081327753 523874935900391 941797530725945 117329934993039 170396979923149 171629197172509 55686323079710 558752030775435 323684858894784 494442743816989
200784977818234 205868999667999 205868999668090 301241305945758 296317025198693 63317455806364 437048826812315 154862295694950 208546405907033 909534559043328 726586406567794 31117215397982 761436562360786 152948607526240 154992662071677 154992662071636 796331858453755 796331858453670 666336428675880 483916057343872
200784977818261 54202454056683 205868999668127 992497846766819 299650484194310 989126201540960 881506227140074 96212671013471 287955609648531 909534559043244 424368002632393 575267653911153 106250924831097 242124036958958 924926270172649 334048459653166 102942577598788 525433965588698 525433965588770 177408546674623
508129114115526 551472895022932 317011550740968 220313659491216 775324323755961 569680724728617 524363420423604 717358951679636 260342837635010 146355854428424 231747239560636 193221710136606 498481338614243 320178250249587 412475235781222 204581152728090 444531073709518 842163249741249 247114753804736 373666833227664
463268952772466 438198183663483 438198183663474 572906038817270 56607141847046 819750570674843 230484407021092 842653650679445 142645522442102 679776114195992 82164267782932 193221710136667 935752901760991 411354953116524 774089210382857 87876038681841 945348929730460 945348929730520 724057545667590 993682165125534
9385740482086 203846862357214 201867670025138 572906038817308 679935406286912 472225744485349 503999233824355 281665120775574 771256938193560 483614988011298 941916830959735 941916830959757 721760233200676 78563285633010 103205832536049 301909823401711 301909823401651 491225574110841 564205429089086 6534252621383
804187969933343 804187969933277 804187969933348 679935406286880 679935406286910 862519379203396 964784334745519 525171821076711 397878636409364 708270372626949 930952964533878 930952964533805 930952964533794 506121098471873 656881700041552 103032308832175 997661638691556 997661638691649 382632141241848 382632141241901
568209785107339 804187969933323 716073571567378 49323672199277 943557357599516 403306471302865 974059626306615 525171821076684 320045584834967 708270372627037 651682680217178 654510241733201 308309362222566 333084744763723 725874914903764 839135922843376 583333364253265 151920643206143 425271096225947 382632141241962
568209785107284 568209785107235 260545112769720 260545112769747 317374079301363 291295562012721 855901911776200 819666164751392 969376007775324 956763983298685 966920219777609 613668145335467 613668145335384 333084744763719 18659525662522 6631999598546 110673662035872 621229143893930 657989791820992 687255208356496
931906872538832 70067276725856 2694321963930 260545112769796 519903377416040 709370277164018 855901911776169 635775819873158 411603329081701 670045990456364 466227728375198 394708358232863 394708358232952 358115390028353 436114010405058 92888587090859 833472056953477 621229143894005 146735770538309 420535393955319
845629588801717 988122297046094 131381377152121 32852761872305 267113333303383 731850189941702 932651040805877 622531438359936 622531438360015 917945342202914 1423753748828 381459393465450 91639606018652 91639606018722 790290651523163 264769354301588 33108069612454 33108069612425 483888745251190 190488406580725
845629588801638 358026455991200 938308960070081 784093671548277 711495417552990 731850189941669 932651040805941 972157789309623 949128984426936 864595874805315 750030675727751 750030675727696 67816089005424 207260652582459 790290651523241 904620771402676 227878117001475 33108069612397 483888745251109 56268085974887
283007452616273 358026455991187 918861224337100 784093671548202 774636275319264 864321319890308 844515361179834 33856424234795 370244453202255 37098282025988 19412967225644 918257580194198 728079451606960 245029031408871 863474184616564 246696209966214 516520552519266 8439172217108 137478397407667 518332472932811
514050396113532 13279173281275 13279173281234 739136036817207 909652220316611 909652220316649 909652220316569 314148536992612 13820004622057 930419177850834 19412967225570 335020796508420 465465693808093 410569053458888 699805402612481 596580709773487 997178194354638 640759653346785 656875618807244 245239171777248
736125933614821 736125933614819 13279173281150 959737672885862 390728391217086 515363424306358 193401332265741 399591249006557 105452049889328 180019004951844 512285796436190 814166960758125 13090470950991 560332977772375 560332977772386 874428747449912 385781935841737 385781935841762 542631796051927 368940784526216
20 20 22
374753083420682 596982650885998 202021391442701 158136680243907 410813091336940 745863833268595 785202984661071 855466577016630 650672869733293 400115246422407 777763067501631 350549680013259 63620392352885 63620392352904 270927953043431 270927953043432 454353263392946 586777204977549 887104412702698 621144654992401
78998479168675 237545020412380 237545020412389 494738455950143 78617826655252 306423456209030 270220634390298 344847170812441 30933228199517 397980116132964 634524797537907 695628011334647 63620392352890 63620392352890 443854820536365 56883674950359 808298445880496 453520830080440 511840800795609 394081238545230
481614724682428 915234605799422 506335142035135 766075930486466 112629438472156 112629438472167 270220634390303 803365238684920 746850715404287 397980116132968 116174493333883 898189655564563 360489218298278 460089547163555 737093574074418 796072458732058 808298445880496 559995821461851 335921833637456 608978453517728
373760974116367 968703310820963 340289285094253 340289285094242 464433291010894 734735289638081 577060820632409 803365238684923 182201288714118 772495478761150 202325089154805 996986250261338 940139472095050 694923113007887 694923113007899 624779223752830 688806747231555 667578944132885 93342941780395 608978453517707
399598858694550 111650320827428 368099816918741 340289285094237 240088131576766 861142607741647 398805109573706 255642945699972 225133088691217 378331216457350 442235742082354 280610041455009 957722502958686 871735396874067 611018884575321 577199929734436 28000226068626 667578944132893 678609493672841 618961414300576
388359697425977 317672482296512 368099816918750 674533079092593 522186454536062 20093895923487 975262427895171 789240693131739 453204749086416 378331216457336 911023904814937 4322557242141 344369051158471 871735396874063 83779105048644 44058866665603 44058866665595 681674621161278 988429184965307 225850011453530
543797343144883 784930639202136 784930639202144 674533079092606 144621754025458 20093895923499 870721753057898 789240693131744 453204749086413 453204749086420 722687714079320 491866662861916 491866662861905 491866662861898 69642637198071 69642637198072 684091177383075 215446343691520 51342870629364 51342870629352
694997525162012 94257759158243 839498334999132 371903884867284 501528476728653 282921208294136 676131765569111 297931826122350 297931826122335 453729211824233 380931497858027 484736949465238 443559125211551 380204873672290 552045948362159 35264046175633 280192359240518 280192359240499 369440749835819 319277847580049
354233094170187 790868187562154 85072523142182 484627991327063 729310175096906 127823394653517 676131765569126 425820841107200 950184828490653 923254741321024 510356284881287 159061467779033 259388562233618 259388562233603 41513831561816 35264046175614 909847206428372 478280209854437 484379887091603 5073811235970
955596734562088 660463288506327 791073145717541 824046264529927 341937152570260 212991307800780 702978408722385 713477979767750 849325993386276 864226791050882 892505003758015 394594615742494 259388562233615 259388562233600 555252079701832 271952695745005 909847206428381 458548080039301 458548080039297 964647101401017
477842531120908 450368990499067 768101393731352 277751204205731 391001193334796 24477730971549 190270737622502 26174349831756 866804090734935 78998513613752 615811805985380 671989499992113 271952695745035 271952695745033 271952695745022 271952695745015 460553939447373 90107643524810 786774454691732 786774454691754
440368148175624 450368990499089 109784808509462 964915507213151 517147562167571 678707518330377 883326652412440 148486745242156 406500741593789 406500741593791 486057938515659 501450072867537 271952695745017 271952695745040 760638358728993 760638358729004 964335119493578 823768150303164 763866705731638 792213974412059
440368148175641 523828970393177 79313832798615 991634932007298 556895535889642 920004304090023 600697853776494 876078023344102 876078023344115 902022757645439 557918506996168 501450072867525 166255003915665 974010390183574 150962351192824 559207273904848 92907877771820 506695151143346 500027937275521 624396315204907
831941477878060 174809338280171 174809338280159 724075854477844 296195503494488 217391987686475 769834807738202 697903435839415 876078023344132 829029308151002 423392659382638 243209002505152 335105298989327 966494708169820 83070577158499 454204706140275 695880905055448 989763886419718 559334761886181 580886655861102
619587145860498 218627695877318 247744847587257 568857120343460 669084583347173 497142433779830 976303413393302 332597369841166 543866811746968 829029308151019 711003981164977 388139819685919 266656491517328 780083073465148 107498436667417 454204706140261 153702259418190 500778503091596 294348305921740 395361641114066
708468112378619 302388403972937 885190653877019 67204641762386 461165752720396 135610594581185 594822718643631 30393979254385 124564019062923 829029308151014 50486375170814 282191802358967 282191802358968 620194321828367 711291522117327 568548889118870 270707232542336 480332571200655 836645150914085 418578566238146
955633503064305 323359070257339 618843901522857 886004027089304 886004027089297 135610594581181 949086983632275 949086983632293 422008527410663 26562820796083 856412545284179 856412545284162 856412545284171 590557651955518 97117569807796 700267996460039 343955898230122 619351005184014 824560427967795 976110080139188
123809850179331 193095378163645 618843901522850 886004027089295 863559015744742 186481539710036 949086983632275 323943944312813 323943944312812 131458647931114 856412545284201 480145698843052 480145698843053 24710726212856 722765862692159 878929245665409 892878052423185 296492424651887 158742136202700 586343158936519
20988805378058 492700403009576 270471803013181 671361122347136 863559015744731 165137915922733 165137915922743 643134699218348 165800493746896 698194128325986 651205123100995 345291950894504 656740253838513 473433010499153 722765862692175 300939230308284 67692519474141 760295814682193 655752553023207 757373313349206
123327852736774 492700403009592 939418051403012 70192322950643 979779822477217 184846184015892 483245082622623 797548590312771 211648195644278 236508362961258 435713042084766 435713042084776 844446913572720 650295163940677 912647157032298 589318361422710 297090507900368 829328917608218 805075649463396 805075649463393
20 20 701902289036751
234542634298431 699203543497272 277836922861598 666247812852550 301359086866783 256622890554932 810827940883360 670556498574120 624326647357364 448143385267987 628046682859195 905755412792474 239571751130123 112205432966353 568674671776305 555402724699079 925867043825101 82271530853708 660464457427707 365201809695960
263568368676353 38644282348832 416427788332081 600341029243957 588068810642819 174280297587678 388337266715426 304312154740280 84600640785552 919146712583151 232008393450387 467361856263506 623332429818007 127331474210359 72457323230925 668701796539102 902700649689643 474349984335971 841523721873531 255160490763390
228753491325379 559099828312205 237559204055615 660170279519899 322814264362902 596510984157138 6616934674935 788452295543548 446662225593426 952241941294987 457478585871480 580604121792221 348620411860645 633363927833300 809285539426324 196773041808509 822873213312284 630845933332447 543361484370144 64560939658377
480512804329453 831122529643819 527436290286525 647344483889719 785081439304921 405441408490211 840979539963784 715970420184809 475360327655088 103405893035991 839034118059049 984174053797858 225819825225059 810893730055671 100176659611149 447271898112550 794465836153595 655864254515185 191942074637671 121209573482246
560340021237996 902212269521005 269803413370644 951670927734652 630430124448587 109239019399149 200976034774816 163324135209383 63649132965987 480852156217135 881608198878077 63357655978186 113911791284214 457649167094239 604309552007851 101527123178596 194500730760292 253099812673978 309276006779866 227497267058174
494564857115522 853247328349322 137948151085166 171210874974537 585583350112539 762058602629273 427991665110954 754357571692265 66637252156333 576113086666189 438748745950867 286823380293479 126015317434311 547781848519423 741841346566802 660690799060030 606263262628095 779164370215365 555845376015219 469198239367201
943463714959899 773409218298325 375760361637159 79761165748537 809593310871110 67395616181281 782591844557844 502617351074208 564127047513348 710689130875623 180799612961512 85179006873755 404275391866923 826662549319697 562180431894704 28760716638467 290757402292152 765226574469959 5335671804605 947119083980019
64793559278363 105561660063498 327054158184303 712328264610571 730834879689942 654242154578212 419261986799289 708719775709734 892578611231491 345742113364746 419963289326252 677786600075721 460513080631806 666830777244065 944632137800979 362687035417745 107703548540589 611178039493531 678825108466231 55953267799555
181246469436278 204383411243820 417216893721242 456589076410034 137329983239284 475114521078737 473272104462155 553504162257769 69010132464673 730685853202140 576065638623957 397808090126645 115268631173336 396257744514370 544275026442575 819724836380778 887493591021328 266856815842196 336019417960797 685232275289222
562778282514159 255465191855264 939752765534832 666496422089648 157719466897189 949622079226346 821512075591783 564977971723499 333529980896732 778917480401386 448506120728483 894365417244607 377841613198608 312803857959350 14785925346885 213233263059823 789442664326207 552224880055811 457235435782377 254853058592093
898576316930076 882021085352565 951948769035182 688080869076023 90225146932420 607239550691929 277019755568442 434688154327635 451554081446433 805979276472562 527502707665924 259863104813183 842195919672527 539986396513682 998224243425730 538997171423144 405911114344184 441464635509465 213302595446394 703441691611587
17004094196939 232676658242040 403737469641043 639531140301280 166596684858114 143390597122844 729524956869518 916514110700419 391941835573756 637268303274722 949593510175467 15443737195086 69628169727576 893230914096756 871165364494905 573196119705689 640345559308961 225340665295833 751273611620744 486925157655978
598640930869674 341064018652458 816892647967609 737972766570016 578953487872374 202413886716981 54071855195583 292392508955548 872064695245734 132040594262189 577033111463341 342550276480870 968038989921873 242702396005031 875054360915417 286996862394796 223838832833658 753708392397600 306363512161772 953647910034164
348312724280508 678013177673159 849881560255952 601013609638039 884139188651911 997471607745377 619681428243916 157721039301541 731230771778919 887981309290996 586446095613944 978656752700268 497973025517966 912885043743315 476222598355337 674209456570049 401036460773803 178442940546463 937377197862312 371401335981884
419370241861528 477613315182753 47595352895310 639437890297804 438478220580279 4176460499157 658345221715213 52058081618822 17938178639036 72875537185335 12022276688015 337980354464248 81714558427876 379614312182203 75283961540355 219171655232414 455543703612895 241290489964688 749668368170480 500835000392881
342667404049082 75613297671801 841069831529961 214967352382687 314264853162571 248088637068474 486622225127407 541833452617923 608252083028973 596144103530195 860336262643109 219432631777690 765595141481640 253960287448198 384659392211639 553499410945216 777702570990435 687516060257768 78357592038636 218645314184642
893621537501452 766090666006319 57088639178922 86731787650490 322189908174755 157512532666868 531726044698849 499841217398213 181804119389394 483285555432404 998429163082432 833777868066371 796279968101118 97732444484044 343131994164494 120614083186485 577189319356726 440973301231751 544777101630609 509589473099851
540639144159415 307723694157441 213597276203487 783448579805767 942999081160322 384855404228174 133388409568010 213529253887307 129195230550646 457637955746405 300304517688653 429339213480100 730424577244144 597426628692583 637590260780882 379365252631791 342322253879332 21692530031240 489545791134033 147064814347198
88210403712912 430209775474018 847064636792249 948692723939004 875908114654784 619167697730623 463062431143272 522754471689554 630501332499954 415837617998068 477064974367376 375219323711717 531500779213218 687748366955031 604690286972389 891149364712957 231594348031981 484911317040337 588351445459720 34054120260675
178997683577212 149382258655401 825994594645259 269077890906179 367920021067132 909137092550066 394113125479096 850152751937309 387463749445104 474563151419097 845735624258255 50451486726591 981714191119323 393545711423340 994635518800635 861377176699283 60235876310136 718958669614501 638986116460430 107288298989904
20 20 73
349242023198672 937251194922325 956497330420500 922086172155631 273199282313021 126173360478443 256939516314692 16939524774035 770485420099475 218244371590759 195099188682080 719049566588834 35794445244812 35794445244812 330614768177094 83289913266054 243143307349588 585950434861786 784335142396470 402025643721628
402457660843034 972412271643320 763902496906109 205094842249406 87197090952846 813898386310948 760148751087449 742268369980564 202403142946948 92290859485281 170148976154285 311376769818785 311376769818715 311376769818657 873591706908637 231972296960723 231972296960669 556340521450616 447090640668216 447090640668222
11854237126596 506999507872196 10298888103766 250722750850827 558376950285549 840739624517604 265254004342370 450166511499476 322238902255786 393238994979661 924282156899230 14378730740707 603233672757734 311376769818716 774435157283036 455905375432668 138523613773857 138523613773904 780569883805109 752930243556579
624547035552234 10298888103697 10298888103700 518753135045253 164110933003635 880798145444464 430332239418189 785527221473473 247860410451129 439344787955659 955532525701885 268874367315461 164373310149946 544621191066547 193529548481611 455905375432675 229621904931089 852850042246027 218029458165827 456547822946397
318444954193045 757421118576676 880857220855060 518753135045229 387596752205145 719128614599036 13551590297185 247860410451139 247860410451134 247860410451185 988515144871651 988515144871628 867456272576457 596721448296977 448849789938821 717047690430996 212552473773363 416043211217249 149980099673656 679107123268587
264272024243334 264272024243406 94872664283038 479691800719339 224742203111233 126042690807439 126042690807386 762169945002971 762169945002981 641292180799051 248045905118305 891908921932466 127127199767727 501044424777337 166847654367600 997644140910877 997644140910903 9370070490991 266595907712689 772757504275297
766760250156494 264272024243439 503640547951809 399384348922309 399384348922257 290777738792986 585866501279601 517199009706760 618705495681322 94543173505234 552757902027815 19347207383140 19347207383086 965619343367115 922490875035438 887007694508603 23967918096042 361440255030861 266595907712671 931942652735558
295375881851212 503640547951771 503640547951812 518118474810943 518118474810971 950309022690831 495591200685037 495591200685080 483936943834819 234863673597243 918213255168664 373422957222307 905706500660274 965619343367082 352141892440623 641625536796103 870932748885071 885070726315979 388868932468221 358313822549117
528506897141659 401964918330235 644255511571679 134358096851642 518118474810898 657017706394131 935229796025953 175289624041109 152193999048588 386460359136498 878106368080034 810405519030480 642584867099858 965619343367055 372513125747082 300840090422308 502133799215606 896897924649929 388868932468259 358313822549121
501903860420860 146400280607654 577882128991039 244615981928776 518118474810843 505229328479123 996645026882089 152193999048593 152193999048627 193853917094066 373325544265317 928966692065627 642584867099819 624815095733551 234162699622312 760915899521070 535730726562557 227850961565590 468587692257950 935463109858800
628999368189191 628999368189185 847066747540304 293382001993825 33187248707731 742710274670375 742710274670341 152193999048574 534834826283002 547786148974559 33511441787356 756607899602148 642584867099762 383053453365196 446836087656926 999034298053754 236019665513979 386520099679128 578398919890457 925258292551172
760031592185318 575557405802762 575557405802803 366534550614223 465371123701540 458821697529134 259647124790525 173671905780710 173671905780715 613297625230157 699891287206701 239991656551004 239991656551024 805719327948892 633815703415154 579810229548580 793721897574859 780092435499812 132742260587586 732466082411503
145301667848280 751703609797134 159098882321788 65874136214545 250690953486557 129803939505309 173671905780618 173671905780679 173671905780625 26593412731241 906244166210018 802907111716089 828540589369433 153436624500203 208496870632884 357952280869915 870045517784513 814400802312475 132742260587647 869145388982307
300744716671495 208536685577677 159098882321787 65874136214539 248236226560039 248236226560078 194378461974059 173671905780647 173671905780668 808100050997809 808100050997751 796734945959366 828540589369470 426495199697966 219039643242281 496959829300989 651298030262267 651298030262329 176444481428053 965458110390084
472231591390089 727716153552777 727716153552779 238675126148367 133494706727168 814302702729855 67657550540769 948315432739411 216510482326254 216510482326306 140737079431906 722187916702680 696427614385943 422412642008598 40908376655479 337390170921935 337390170921939 482396431812012 478330378474088 602234478130838
943423961134401 336708220782888 452696895487607 601580383674785 734793141478611 327133186014480 402500368882284 138361059908137 138361059908107 264506856265505 589152257938816 589152257938757 464944776307769 432643574371618 432643574371607 432643574371644 893458644256036 934283849540393 478330378474023 195792835519722
706640544253719 825604675194276 242961722107270 46080870376759 495242239952752 963031163164127 44000935481184 988345701651563 973198136786284 774837487969310 558384534991166 589152257938730 252227697736677 432643574371565 700546349848124 650956948571454 40918657328714 417298305197043 574155798021219 869561076927479
328308904640078 228542860162372 401274896225398 359979364718920 359979364718920 240020536611306 815259446075092 126901738946951 485848170811399 78274943363130 670162603793293 71256883890892 252227697736709 838538619421624 268766840209990 268766840209975 285559706042829 69439379084426 949336657717368 399000406849224
991403718573139 904657579263265 978543959587549 469481545965727 960314222329003 825838362048200 529159059689498 685418845715021 808229975258704 808229975258708 840429305241672 193178296735492 112172660256308 838538619421576 907730543167026 829828791795630 732207192692039 744884970721774 549776681839798 80202533112267
709703343462807 632277934502430 487251380359619 569423073011495 922630356378660 922630356378659 443786514799533 355890938188953 575882871631994 111190624492443 897248578070205 804528348066618 972150862629726 657205719263318 398531212149064 414546926724040 541081616431851 618333081646561 43102296752964 725910027927673
20 20 39
837167674588811 775731293951955 51491859483036 313130018561309 461448901740559 925794728131450 290724241376043 27545754101077 283204082641986 511445443940319 538763422573202 523182414909217 894836830021508 244741183304915 342149750108435 737230636988285 984883524398506 267352882481968 686629826420424 255573879346273
704964067230963 838586892302435 41129843559089 241626216840980 241626216840966 532427871798098 333301175664 125301038313640 933137362263065 511445443940322 110138656998713 355101910766610 21111149948149 277650911223094 277650911223114 131768889008145 173691246654802 574357773041969 997204082429020 285249285366016
662372607308963 256997725310134 256997725310099 294252612945892 518444104382176 97399271083321 582460048445181 178178151710299 188464888830239 324578096754281 110138656998719 364851090992491 814318304307088 822200406679291 89395864650764 555261041362024 995435211113752 253436509519839 253436509519826 285249285366020
530518845472500 530518845472471 751124816813280 185018756710095 154283968429979 940066352768679 940066352768657 685617211396702 587043305076078 341485143377363 759704803891730 915817100136147 637537489287402 226368142081495 290447253922142 301657392116576 138719554279203 253436509519838 426836094802650 285249285366039
363611822828057 30795206058632 877325198452854 481420510479921 502125124763275 854656044082287 380736336490195 352122503824169 609265090805614 652622424709600 404216903775591 404216903775602 679402824974761 241856860077475 672759502692884 843003242333604 138719554279172 93899842980687 862029636031193 285249285366041
304894964483258 596672736319776 362898111987256 992129214445433 102062159451337 854656044082311 519219731947591 44608349495199 124639348770559 320309482530345 320309482530372 24556265186488 112925524491811 241856860077490 98009739544331 442144901489223 405902447677361 495126894275243 314596017605099 288880738600231
585318423126593 654220596390810 427683264196373 878148726940820 102062159451309 488220306944798 397012928771499 619050935110687 524298350186166 74523433110021 527455339442468 881112558325927 769913324370910 798106881452131 478607195919705 313471755260071 152483708736575 194760922827757 570969237506216 887024529081391
361040363012580 654220596390846 692979200026478 878148726940806 523771912169163 551829156859091 390366823002756 669154273280868 243967831274255 473464671020975 185311444759794 783888498293086 783888498293074 537000758814930 537000758814954 313471755260070 412712507795935 367695315870869 140918906675906 887024529081392
287642277540090 287642277540058 488297230751252 488297230751265 117333507808258 553687708134060 155710564964537 869079717731867 574786023197433 405832279848422 209851504193300 783888498293051 567949887715189 673534687090820 20393251192786 20393251192770 919843436998114 858230477959414 858752553893861 858752553893895
156046878275500 50694787063677 286440872813038 185468807082779 117333507808237 962888508503946 155710564964499 417417402530481 369893854586859 912031803456229 278971989629474 339322296915902 457200744377917 389378513044287 769955919167004 20393251192779 497658712023824 377450323496956 894940996102920 79970490590787
595052946495815 540316397423610 701147777255293 637416381590871 117333507808271 933272291696835 682351292263895 417417402530475 651209293732675 483112604340242 197997551997630 339322296915934 457200744377886 843950787610833 281283500956758 322558360941089 204118971197031 479944931801406 719096904551547 450875214398779
503036094620453 414645446346117 739360700142274 856426031938266 885571403146913 933272291696837 318681708478090 772515885268083 554589925096205 483112604340250 417708922484605 935278355011262 533118303839710 549927213033362 82790598165425 322558360941080 644802400137145 984358188818547 433071896930397 777424629436688
511410773917508 901409940151907 711243396978239 779861777121739 745693048205485 756582272634351 67820938991289 956748780400732 890157841964009 399452723965114 757727452514093 537047997694163 860369568451121 922407165238137 322558360941084 322558360941116 644802400137167 425191891450678 852796636645262 777424629436685
487411078192329 394431574597277 451803185970301 451803185970285 637013615353164 79085997346328 425058070225021 64252542439969 526053778358407 252761768122022 759867828077466 537047997694137 537047997694170 835822635577001 971456165091013 357775619610428 724686957444907 425191891450712 407197574023150 407197574023160
548672343660593 56124682763317 257111352257141 940195877720547 963298118604883 70652073405936 70652073405964 887750229875779 526053778358415 639587356215935 82187538863154 174395220413052 550864267191301 299516729450306 846246230482364 577223501574110 983421502546709 709610739930806 407197574023130 631572309372200
445399322452140 190114970295393 27096460339955 258035719239289 756120838778542 861644087514568 16283294743949 840893819982071 362779971243935 608633279742973 98537116471212 98537116471202 550864267191333 846933549453139 842831931820883 336708292431274 116643833293671 116643833293652 491520302596261 491520302596226
918083508921076 841538363903884 95313972691729 377172354170782 546042598915184 917010166569588 833099157502588 551530542051162 203755774087998 61307046340422 367491894763156 163853734936560 163853734936536 163853734936503 461271943571352 678037209337019 378150197707627 302431985367292 491520302596281 628119523228494
174220847791881 841538363903907 781239380163732 292583093062978 647047327092821 129682203066176 925502810086792 925502810086815 766027202760597 97577720780145 345726231115446 825213617460015 487992390838705 940817484449083 461271943571326 493573966051194 378150197707626 478385139626038 282653031193616 324171634598287
933085783436305 820905185342487 798337200617101 752880069333728 263124008341066 263124008341065 616271746578744 213448713539074 564923014718917 97577720780164 352959561253956 868166577378462 868166577378477 240063365322473 195915997846776 826625949028440 412683900334730 701643786235977 805028814396085 160921751258422
70489618749140 103725766997432 94254625857580 625082901146650 625082901146636 676368791387042 951874334577459 951874334577496 666914378562251 344729493211539 576877294913419 454939524877318 543713932050825 896230402744134 686876532928612 182279745329860 757785950288857 42066350752071 327688497870178 442459098580947
