10
20 20 812558044636569
826053592402850 652535255553646 901893196724243 64548981653956 578076131276221 125393514795849 506161486946039 698279812402673 191108064512412 995954680195126 925252253376270 132767087725563 44703250514024 786324960969316 807062830088131 535994548287003 184911550393593 169783610934839 743680178929689 386184454833336
555413174976482 654323799782255 129663528246076 612463711413183 60724314182067 402568769704567 774463100178833 987588772702391 500527784676291 867353020926144 207707221922543 648827483010658 835891979149951 835450510262219 37358531025379 382004529189595 227036320935223 75841595448399 604187485935072 15157949078491
875991756971727 616177910579024 285036869592955 414569228196922 597602429042341 116595733172125 94205274598960 655642516214832 176602604843598 950317261504629 707645075247398 68274899677339 572720875382299 814500919513923 846549303441464 204251431070903 562889601832999 802241141780359 110750329106879 193472715035179
222665837293024 357025980038847 894358869741379 567055872398406 866630827035978 333028470145518 205965507145604 928680208551111 913487030985221 969726922209392 929070454420666 621772764188918 906695435591034 173608000190466 80765548918418 494103239189496 444747693383054 863295652667987 390599054241052 856354537620309
787505932139555 390205092443488 441630324456761 21243829686678 60348935160012 477768901291365 388238067288581 583112696070266 975181134830030 444412937713176 119659854182462 913689233449583 732169736975826 45663134826200 59282349595437 861483595218488 460679096935284 623408000136215 214331537695950 500711590794895
688652975022541 677307149529987 359883488182006 624290333047334 298170495338868 734428530457517 757348700041837 862779666848847 539944755618736 709475927279290 368754296907119 734296322971303 320151036218995 707649446251769 337965319465943 410286098770609 433433316883195 768344465725185 886378629037776 581249828129850
471291525523150 893431958193625 334637533987170 277656710739408 31519205257208 246131323709054 460342141369179 714808729177538 884704442039442 904924608351926 240124807446777 843271730316274 480586210090544 776390554692694 619729037227518 72141582014943 327833470220089 534443567964783 725847282525100 941451735523336
897322933287669 100987758603950 275117474136560 621016490543528 720093601517961 906168616519602 710834237275538 440925432004941 372583588499536 737884301113550 983776083206199 222911999285428 343997944308321 598861762488530 78360979184087 287964764622794 781118040632407 847113102015310 461751245825588 94013719304364
815757614598793 53181906262184 33642557780741 222377581532068 126480923201018 947862743843428 550221022000072 120640620484879 129984887597502 878956478402261 959783812508566 184564269598448 594110679703172 892668834946604 153588660101866 743895249944530 812942730753187 452669505067239 328372847878192 449144923086162
265959955338744 167056794133112 460670424077654 844646643647552 678275654272084 717902302811104 522632155198505 869256590811414 622887262976730 560022862181758 137426477297271 21871436958188 261765743960713 955793780119497 181824885323296 268410983302870 708827541399729 834646271584283 328070642940596 336508116645315
518330454626035 7724205798033 240606537047909 578626959599849 132859117571906 258307558515869 953006004605473 978023943275165 936824602401801 996569424249126 493145688234138 32987483980854 273125689385925 591684819166704 581505475914309 759272973918760 774983276815588 539790052481452 361190211103775 167009528758317
77372744543574 36921893487563 659497941529549 2226525192360 286745292556126 861797032551223 206074420293050 974710119120227 736503991863591 119322989328312 954728302331698 655190019606250 336057822357711 561650429390836 50384001199284 642594585021256 847414387349486 733058250354760 145370616624343 538653747845675
361052514568161 517253991819734 682882946351591 778648509219521 680300688748072 629497717916476 569003568303862 666949014731536 919939478711370 773237589643117 600386823266609 492654251392373 307066963701064 147722536111243 616350645228199 841891198568302 427067913766383 72823857018166 58211594225687 86155342895803
439765973270756 634499358736091 622187506570538 860861521332072 23679916404863 812944329027499 866187712392289 810892794108468 919953153563369 35871821646727 1288873137156 594203321443812 588053776319978 253173704291949 889011141125159 228704856273964 186228484851217 377863410047748 550350615326119 377939409648627
75366190284545 173200819055299 686807956184637 581382828460424 244043497122623 262203221628029 994404809253214 323131788793918 960895669097345 717504240264387 888283104169835 43905983721488 629694773057841 638670582783420 404448991313665 711361389954431 666026405015921 279699812385743 467546167036504 109372944251543
174085825964410 925354749595209 150196804899092 249068785319137 874904628643393 42795204599906 667592726965862 199990264460251 780926774898180 578700810314123 5534657029180 35034135827947 580240792350520 334092363023205 436209456962422 85635904496334 652376851668115 64090492403270 90397118324396 269335278828696
792584664234513 677361582120903 919539126930568 544750745667829 155614597193075 182041474972140 57578704385630 693544762854218 975489730643032 45621237073972 523397313656965 155109041567366 66508955513045 850800139894306 855423550471632 304162787233944 596956825978980 800006131426268 192597528756780 237682610600115
455742829091696 35441576238000 689537938677516 957406615758287 610105152012225 175433566997983 406946297668995 936250165148581 212990933369838 665189796185166 443156363253549 437299899815267 659240165988911 411598826366928 76831755254967 164806833529061 139659770674725 531110621333754 118549170086914 758843175263526
162507439042753 985057535591742 422386557288921 471764842036664 664384660215428 5697932494835 554496905873034 72489178164123 36941984498300 623842291513545 927948156087412 135327478868974 489356169948824 15883458598076 686189070954490 688714996217471 232727758098034 39331815524245 496869342613191 658093885153730
220316478777203 759973697725310 781254948316733 454616128831285 189288230914056 659931931436482 583387763235813 843833872687033 763337090489313 617691049272683 561582441100264 116090682817206 413051973803931 186707618761319 340399271454691 667770853741571 480819637466703 191561939661771 424065884950588 673740504164430
20 20 25
14909165342444 867028741890405 867028741890409 867028741890415 401189486088626 859819243565327 112211479681107 430450900810939 292101011247547 978483797544238 147194781582142 762656917072408 762656917072391 365044529553981 365044529553969 706362901899898 354339452013452 771202063689945 376342817286381 3128491555127
14909165342425 929070907651731 867028741890362 867028741890439 867028741890422 867028741890388 756696501606270 756696501606277 534191288898780 978483797544241 640744166920205 956308099696044 222478142517650 365044529553959 365044529553957 154236024236697 37661701145845 340446439788459 376342817286366 3128491555141
94660498051740 789054781284079 867028741890375 867028741890370 867028741890397 867028741890409 66440831463033 74570321142394 153221297819870 819532879687677 104978904426495 104978904426499 476167420667379 186843224347035 365044529553969 533029064477127 488561739943452 83924738094092 376342817286387 782412864096994
163800094093371 494572995967146 867028741890395 867028741890389 867028741890382 66440831463023 66440831463031 497798270321505 153221297819887 819532879687691 104978904426490 104978904426492 476167420667398 37047719467511 517846383399857 226491194408405 99738843538708 83924738094107 390281175387016 255886557158701
867028741890426 867028741890418 867028741890412 867028741890390 867028741890400 66440831463019 163796171628116 163796171628139 139060256444115 139060256444121 857467773940690 200396294667310 200396294667320 145927335879685 426981389605813 226491194408381 118492959030726 118492959030740 31325967947546 249657574617390
464138959986944 867028741890395 867028741890387 867028741890376 418288669870332 418288669870344 876497726105000 852178421773107 139060256444134 168876907234019 325045075588181 200396294667305 200396294667316 200396294667291 324716830662220 95543868039422 881877862910674 118492959030724 118492959030741 118492959030743
464138959986966 867028741890417 867028741890410 944304006784958 944304006784936 944304006784936 944304006784950 944304006784914 944304006784912 944304006784944 944304006784965 200396294667322 200396294667321 458646838962978 783970026881331 412242460190314 931277582153708 118492959030711 370438781148857 992304342085809
867028741890416 867028741890421 445437560445551 445437560445566 944304006784953 944304006784935 944304006784925 944304006784902 944304006784904 944304006784925 944304006784926 200396294667344 530378384432439 414121993791569 466298692317787 412242460190300 412242460190304 285154367219923 370438781148858 292409796187905
305820790656806 305820790656805 305820790656788 305820790656780 786907308643806 459535658722694 408948834169865 302539338298859 944304006784913 944304006784911 944304006784908 944304006784926 468758547083108 912095070673193 412242460190293 412242460190315 435104994892480 745006473969072 719383566620196 94923262295179
468232509450333 183034324901815 183034324901822 183034324901814 183034324901832 459535658722700 302539338298903 302539338298882 944304006784908 944304006784903 569783489013245 489477959535202 468758547083101 412242460190322 412242460190302 412242460190297 824891808773706 872004932928653 719383566620180 886397884562112
468232509450332 183034324901831 183034324901828 947319908398039 106074585685914 40645067161126 752772173138576 539505767181878 235873279739401 101412650808747 569783489013261 165061469856886 449450016370683 778506974835056 412242460190297 412242460190314 22344693361871 843588932610 754069224524244 886397884562128
468232509450310 183034324901842 794736736324840 794736736324837 826502299724316 40645067161146 273926604026362 273926604026385 273926604026407 64176096549444 273926604026372 273926604026378 907358468084591 37925478296193 37925478296181 336071311745215 541772556520448 541772556520451 754069224524268 754069224524272
694394747029386 183034324901866 794736736324848 794736736324829 794736736324813 40645067161133 273926604026372 151909826306962 273926604026393 273926604026385 273926604026385 485645788983310 242888838835792 401389385980394 713340358441321 977843588718083 977843588718106 747730437009118 88209994518311 325087426262925
694394747029390 677794053410900 794736736324825 794736736324810 794736736324817 794736736324815 273926604026385 738776180224228 273926604026371 273926604026395 26502447592955 917195643463663 401389385980417 401389385980416 645393742802613 977843588718102 777553166681931 431102548925977 431102548925960 431102548925973
794736736324854 794736736324833 794736736324812 794736736324834 915419324630093 208604290560344 273926604026380 146710376652619 368291514097185 448600407985630 448600407985655 917195643463684 380263831874411 605727522288419 174613246113015 4459350404961 4459350404943 431102548925994 431102548925978 431102548925986
220916664752969 220916664752971 794736736324834 794736736324849 794736736324834 794736736324830 273926604026381 153157105946181 368291514097206 448600407985652 448600407985663 448600407985650 518324454402328 100825457393085 100825457393100 100825457393089 354623622307181 431102548925975 431102548925975 431102548925967
27352512634677 822679027824270 822679027824246 794736736324871 794736736324880 794736736324833 273926604026367 441360907018910 368291514097188 661029276533314 448600407985673 448600407985668 393414655427716 333583478720981 333583478720972 483207767321785 485319519794592 431102548925957 431102548925952 431102548925946
27352512634670 206004939623441 206004939623442 168097859751609 794736736324882 749340127841688 273926604026363 532727457150066 300987116674858 199815047782662 484227184432876 448600407985655 393414655427732 839514932844745 483207767321784 483207767321775 155902771261316 431102548925936 323920398727115 628372101775512
377713434824904 958024105847605 958024105847588 399800269279248 794736736324870 794736736324867 273926604026379 532727457150090 300987116674872 199815047782648 199815047782658 199815047782637 438596560157254 438596560157231 483207767321788 483207767321756 832286614353013 832286614353002 323920398727133 630139855052450
377713434824907 399800269279224 399800269279229 399800269279236 704763908983470 794736736324844 794736736324835 532727457150114 716994107243067 199815047782628 199815047782637 199815047782626 505574204859128 850600864247070 259700985558165 483207767321753 483207767321754 483207767321775 630139855052414 630139855052439
20 20 74
699162492397664 932340998439419 932340998439405 621546168756201 296784874018015 25129759582861 66818172877916 586492560148262 134941411090737 627143712021442 627143712021456 866440620801448 866440620801389 866440620801450 866440620801381 485936965228775 768760045486160 768760045486163 210157936397814 796234070255200
220491045218382 198296483073140 231682196695509 231682196695574 296784874018086 38015919572683 38015919572697 97859010011587 178982984197157 786878002270956 627143712021388 353969965550868 866440620801431 866440620801422 866440620801449 866440620801509 866440620801546 768760045486171 796234070255245 796234070255238
201515107381872 341001056157773 792903556774992 972117450557956 972117450557904 972117450557856 455737444127792 204999637764404 178982984197160 62618193909451 944627973301005 959844416440411 681218704468649 681218704468691 330879056799828 171481575592192 659926077617479 319245301943513 319245301943542 168548499676944
201515107381819 201515107381773 818318208758305 818318208758339 818318208758386 474120203533082 788718339785183 190512969858961 190512969858961 144685051897427 144685051897398 144685051897453 144685051897410 582546401880286 147488556342497 171481575592133 171481575592141 366459417866146 802393786587941 70016723580757
598241747809421 802248999793855 91573356388157 818318208758373 426811249513093 426811249513114 463456216394138 190512969858924 190512969858992 338699338401936 243906489069930 243906489069874 698155233252038 147488556342519 147488556342447 171481575592063 171481575592021 171481575591987 171481575592003 70016723580749
670589027210235 76105960342470 76105960342480 818318208758433 426811249513106 426811249513075 426811249513022 43830764243138 190512969859046 190512969859047 189361467468870 803464918791488 871207637093403 871207637093429 541951537502318 171481575592070 171481575592056 171481575591988 171481575592034 719907454352751
1476540951438 1476540951478 1476540951427 138399763441262 426811249513150 426811249513138 426811249513081 707561444909831 190512969859120 803464918791442 803464918791371 803464918791435 403361666487314 440919405654734 541951537502344 535453268847818 415968131132261 171481575591937 171481575591971 706381917820284
26044933180323 380427899538253 380427899538350 121792004634186 121792004634204 121792004634213 121792004634239 786050482960998 190512969859085 403935401119205 803464918791418 803464918791371 403361666487378 403361666487378 177121309123970 655676196379864 627108959606082 696253844201964 101436978867681 639084597077337
567567378617195 380427899538274 380427899538331 143997080294458 143997080294408 121792004634173 121792004634236 786050482961018 683612521365162 145184815211506 464343526651173 621301095871703 6932031860868 220523134846516 220523134846553 220523134846598 297704526073379 297704526073402 297704526073419 81499737068984
525620662111475 380427899538271 121792004634177 121792004634248 121792004634230 121792004634268 121792004634302 771537683799384 771537683799407 771537683799376 771537683799358 621301095871729 220523134846420 220523134846458 220523134846524 213547170838609 935537593574449 132388411126039 132388411126048 341586744637128
944805561097155 397608971727296 276638543592150 305461736756681 538539253099767 121792004634319 787642742983321 722246535919187 305136953236119 938283349993757 220523134846410 220523134846445 220523134846360 220523134846448 220523134846496 220523134846341 220523134846319 220523134846334 600792940245075 341586744637187
944805561097096 397608971727361 341937273044855 331678440711771 581176870563829 909487154920133 909487154920145 719363902975207 24488702218869 494398070451854 444161412390781 220523134846418 220523134846389 220523134846459 220523134846428 220523134846391 220523134846265 220523134846285 220523134846359 521956667570492
367060143212765 652479969644801 331678440711766 331678440711715 64860120908879 750674209084736 750674209084682 750674209084732 327305242593324 615677319630361 444161412390855 220523134846417 55159737756330 516008192600701 820033451506771 636345812995178 220523134846274 220523134846223 974221341393926 666029338304031
924803438739761 652479969644802 669657220013773 212608221378135 212608221378185 133393085486021 750674209084746 891470346113281 327305242593379 615677319630388 680612174086166 220523134846455 220523134846483 978624175091023 929458494442362 840408631502317 840408631502256 840408631502278 974221341393910 666029338304099
597387888602794 714646804612156 669657220013743 669657220013809 791411544719032 897218065292155 961890082764384 891470346113295 651056463544862 762460760960244 418441472660365 418441472660378 418441472660409 978624175091015 645540432927667 437892294207189 437892294207237 974221341394000 974221341393959 852404721935259
597387888602828 597387888602889 597387888602934 75466024952280 413827279595793 102839741156168 961890082764327 961890082764302 651056463544888 661318951182348 661318951182412 418441472660449 538041399718264 404864144901718 645540432927603 121641850938754 525030483666937 974221341393970 974221341393916 336630394312278
597387888602800 597387888602832 385971153324659 814616467730553 814616467730610 814616467730633 814616467730589 78954975356706 584284737098236 661318951182381 795575436815385 963722434022036 404864144901762 404864144901764 274310148498719 121641850938681 446138247735946 252497060123777 837381407022402 343791000761905
385355948164645 385971153324749 385971153324703 814616467730519 814616467730454 814616467730681 843542558921288 843542558921304 641512029804517 929126663657094 944752701626523 706731637237882 404864144901780 404864144901763 274310148498739 457610633502696 457610633502675 439161514464505 922385824694792 501759222410917
412494601662437 412494601662454 385971153324771 385971153324709 530194893860564 425265796924598 425265796924555 425265796924550 641512029804519 641512029804471 210249501612408 706731637237903 293344335993378 404864144901765 274310148498813 173192999232401 457610633502727 501759222410928 501759222410862 501759222410856
941907835225994 150853882670723 385971153324651 385971153324650 530194893860535 425265796924586 425265796924574 641512029804454 641512029804488 641512029804533 547609114892935 332713370222773 293344335993430 997646546784836 785085612898904 785085612898867 501759222411072 501759222411002 603064780888130 526481667558493
20 20 133236341665801
808688845383764 226004725055102 295681481568247 380411999971167 240902865396588 628551021724112 583350668397237 388411354072186 428537348424717 6007849739289 66236335921161 130080482579950 475462765625581 376673835656485 209636372276135 108487819474121 936104995363149 593945078269570 100312400304977 939608717006188
440265981097603 159295595310674 534886789280966 145318113309781 207021003032432 552684784217236 101403527690004 304954740931925 138585419361977 35480101907482 138938834202813 76256120172777 740638672338288 245967045883742 965335937371431 477706906737336 469148574597141 622576095895289 585393504962271 424982733799495
329199319134286 109870875696495 212774685547469 207071633286539 228690439219793 108164162016180 27256219226511 155911377417780 251853368137031 797488786470987 874044819764867 174212004410546 293375119614140 336797800343293 220072831001470 958619411699240 982135475834486 822906518524449 927938189836462 170732607603197
366053702759426 190637306987769 274445618244355 295412114759640 442674955944554 309167995420408 850627610991736 30880897535586 508194260073474 882889988960946 254387609008030 373892459635798 249922420565424 50384844861977 143335521255542 230976742424443 620915589682655 482081969177831 4798525407804 82533232833277
232723920808199 121270000739762 1152273848591 15573335553204 44277791359038 371200995704958 938031450069003 957596934256006 999363347121209 983672033626524 444437128073395 790726024717020 155854497807781 177510636395081 734975354393750 272159658330005 436232529316948 685788188294817 652568205289774 934965973900641
104919614595872 15085074191930 17351445109543 71363610974496 76018368528656 136037924188552 970586301094873 820252011551205 827006848982281 731395821027236 343504677923512 769072706117186 674247227893762 584052802710416 669307832545608 562016879122099 971088512681737 708647729319835 758355398867479 852119502795858
35795561000375 17877997794153 50326050939647 60344812810252 460777539884638 433541575527175 279159089328415 541051125550636 720472741806185 756217873080820 379954635801264 201000141183751 602371951707678 69944276577174 712051010275397 926604612369620 386869754305880 352971653962416 545324990770514 596221966971694
97682272900965 811715841743907 557233500884969 57914463159332 439041913979839 652292957661616 796340420920837 251716300023031 296611348272094 436379618457178 411708570488493 149026628879773 613246139831412 642755736863097 711180563208345 656208853470730 908471311280587 846628359032053 892144318950125 925263428063316
158114743833308 932008830738065 900401894178432 523269233306974 535369459556767 738071680634374 472458163557237 344543652187674 226195781876679 384325160367197 481394833508608 66576503886938 535523265942049 156820740190621 290014279507642 644339344513054 845623952084073 880992617015013 748100461732136 556868470384060
257445904150102 955386616421174 863770294705633 893708047165028 739336246837685 768352127763046 380069086840629 214258642309807 831904783054647 385403335491085 590077745127530 635642840179263 387994235471930 294870542241331 357488273588120 332305548463708 693135899466939 685571419554877 726036482688511 140251641574273
681040290310192 496580364988249 527302341454354 603051123783754 7011053871320 68248830594556 331267154583514 181160408159487 297677674386825 696011719867421 71675006328592 288317924267165 789356491890315 731401352975388 331310393183059 923330978952518 980046385974410 795880828299221 589139727927844 499187147152959
586677668222448 922977987053733 382740085320721 221999575836091 998765266362878 446441934755075 392917272597005 402617920866332 278891531929385 649861750170396 668701902550483 414166523803524 574041935994318 339544534222425 294340254316466 180106438368524 851222344939400 893457312409592 613298602031366 611071220314543
622594819416278 195036498841155 334919213035269 969076039441306 871416993132639 262341842279158 62986414745338 396645533998963 318462322071890 531080276550017 654435971164064 526084944196810 557469271902334 574055986311683 671157828605704 139560027404481 856510787662309 906442210783143 876343819571860 292313762389816
936559544372250 139073326499149 628224793792061 898139228788360 784685393312954 360245063920198 449192204025299 787382140455389 722753252073905 618574409881457 480715189948859 123513178481881 491006071997839 757669904059560 873078577798466 170100449792836 654305948595722 953958203527220 988666402840413 420270345790075
201946604320504 242326716534543 850427102235744 613697058452815 845853452297655 803808966202401 803020791244943 728259550985674 782314673618653 550218638000258 241635756549841 458813883686285 433706905713906 45706324259036 269270889516802 244360143295375 770982599072297 859705111665752 97729998367673 888807908488148
102782970946962 794948426794121 807222203686021 759176968270994 745372828228853 127182804465585 341668339646063 226654165261501 727161468016020 839893450108248 765941140470129 797608854902627 892764624708031 907578337044125 660235758307638 598051937544917 272783683186653 237741289793512 110982767251554 115106548284223
600955412719583 700772174876229 703072295377294 813314404277395 682468692654318 219830844414513 197557086262998 248591978135339 477881834023401 365126798067051 372787671916142 776820281339743 852705358836239 821949302134711 778719124186846 721097022247848 721966852768088 419396370338183 52261279208915 686141478419281
661619353765069 615919556581080 592193323920844 827282896934392 676094177420769 966501478554424 411437752581505 141829508642953 581576242237417 458247540582861 328038242770541 876743118500563 777108510922237 892560498496054 722439069627792 730772978536142 772211240909005 316936560530468 22044114871332 96532565739747
865016488978614 638580517265148 965433595217465 955013973382109 923745108260443 838426992012481 580709033586184 768348150173813 849650264310806 217357168072317 208712611594469 980159083102049 322681025910859 331625089437718 560575735551287 745581741194194 854227300839131 963367904539072 382499773691526 864746272314170
929586339359402 25024280863641 133986976993427 840525856621316 584707440316092 568054367556755 971708268108750 960437206573858 816518968557732 794817184718537 697476555142826 289278238512899 31886675162626 41860299699563 44591031166181 451990017600133 491051848505274 158922403009394 495685623905059 731473985908616
20 20 9
687285246634838 64459663535660 64459663535653 198333330992689 497019701107136 277355361663502 277355361663502 174925679324511 174925679324510 27079253637445 27079253637456 928679164424695 928679164424704 373355413943386 722928830349464 304650533961836 646462413873306 57969448032646 57969448032655 932793504031145
258438789058635 94856078497096 508062375605619 52055005986074 52055005986082 55683956758788 55683956758789 27079253637455 27079253637448 27079253637449 27079253637458 928679164424694 928679164424694 373355413943385 373355413943391 4263129103414 803880261927278 269946493683034 269946493683025 269946493683025
77689723420681 876546534594483 186573816527359 215942280705890 741424069255584 741424069255579 27079253637451 27079253637450 274458696360184 360387733660182 872830843015438 366148163096363 373355413943376 373355413943379 848597080991731 848597080991733 688294719235556 688294719235553 688294719235547 837325505123810
999620221467273 450371135209629 851755178355773 215942280705887 524365474064298 524365474064305 268195078483383 268195078483374 268195078483372 268195078483372 366148163096363 366148163096362 373355413943385 373355413943372 848597080991735 56564654706208 79417343319644 79417343319645 79417343319637 79417343319641
279026185002422 620243421158244 851755178355779 851755178355779 640027731625095 640027731625101 368221389679282 268195078483373 144178048357798 268195078483367 800489916884809 800489916884806 2850643925646 303524912877444 286561230269794 79417343319644 79417343319652 368235554093832 321302396231725 491997977348070
418368452563922 121422355874981 64805621753668 195346981772481 333834960564226 333834960564218 456392728556088 408578989690875 408578989690872 800489916884805 800489916884808 800489916884808 847561437502038 125071115776124 79417343319638 79417343319636 79417343319644 79417343319647 321302396231720 491997977348072
837114681390079 121422355874978 623239814015489 942584475285546 333834960564218 333834960564226 456392728556097 333834960564239 408578989690875 800489916884801 800489916884801 27187504423891 27187504423894 27187504423887 478778317157000 484433038671965 484433038671962 484433038671971 484433038671962 393214818532547
332398153556064 836906776696448 23631272238399 23631272238399 333834960564213 333834960564234 333834960564225 333834960564234 333834960564229 12337514071607 631991888545228 833051835103516 833051835103510 27187504423890 962007754356372 924231259905514 484433038671969 250679505207050 250679505207042 250679505207045
782945563428600 23631272238397 23631272238400 23631272238395 333834960564236 333834960564227 333834960564230 976415849528892 762427789332943 12337514071607 670957702556458 670957702556455 128677654555259 128677654555258 128677654555267 953361356488046 562570857728675 250679505207059 250679505207049 98609101335156
929657730370308 23631272238406 126102422111654 30697944087430 30697944087432 30697944087423 30697944087419 887045775924132 716480352783498 12337514071611 670957702556456 670957702556462 128677654555260 128677654555263 128677654555259 804963382050947 804963382050939 943197791021482 943197791021490 943197791021457
929657730370299 705185567288827 126102422111661 126102422111659 934315825287626 133269933004982 606052922201792 112012735395192 657166918338778 131263051827013 761832358607656 305350650393924 305350650393915 919425640152329 919425640152331 943197791021487 943197791021482 943197791021475 943197791021483 943197791021462
929657730370299 929657730370296 126102422111666 866571183026008 150117690432133 133269933004985 112012735395186 112012735395191 131263051827006 131263051827015 761832358607650 991281877372090 991281877372084 919425640152342 919425640152335 943197791021482 943197791021473 943197791021466 943197791021466 943197791021469
855162511114706 866571183025986 866571183025991 866571183025999 659495984289706 133269933004992 133269933004992 334216260472240 486772615336856 486772615336859 736489224584764 991281877372088 991281877372090 919425640152337 472122920316222 943197791021480 943197791021450 526000105041739 943197791021471 767540366161443
646386787465257 184371667800404 184371667800413 866571183026004 60186547198975 897895875120310 486772615336819 486772615336825 232027728582812 486772615336852 736489224584769 991281877372082 22843305541302 219918080894719 472122920316227 472122920316233 943197791021452 943197791021459 943197791021465 943197791021456
850063959208294 850063959208296 214716118887489 866571183026005 796521047710831 564217655649998 486772615336812 486772615336832 486772615336848 486772615336844 988221225173728 648583099115432 778040677151544 759191385907935 349841020907334 723945283733687 723945283733695 257492637542323 257492637542328 257492637542326
850063959208299 850063959208290 214716118887489 214716118887498 546925973470843 486772615336823 486772615336818 486772615336834 486772615336842 227644340952916 648583099115439 648583099115438 229018732737556 759191385907933 440344477436281 672776518642379 672776518642383 257492637542319 257492637542325 257492637542331
624448123044495 850063959208292 324918872998443 324918872998441 779153780083164 767735660705979 486772615336826 486772615336828 483107329888315 189199168062009 648583099115440 648583099115441 109811897598251 109811897598259 672776518642374 672776518642370 840817047074194 840817047074196 645177398128947 257492637542322
624448123044496 324918872998456 324918872998452 324918872998447 324918872998442 324918872998450 486772615336830 486772615336831 486772615336840 970825356710369 281951123306807 648583099115436 586813495928324 126700142306059 672776518642379 480188694961028 480188694961037 628067946772821 628067946772817 40172727491767
624448123044497 624448123044489 249672314187601 249672314187596 249672314187605 249672314187614 486772615336837 486772615336830 970825356710362 970825356710364 192492000303554 431648804776131 586813495928327 126700142306060 567777276673192 480188694961028 480188694961046 480188694961048 628067946772815 7270366086867
490896127524943 145995301968952 249672314187603 545238842427372 545238842427369 249672314187614 481713244890553 481713244890551 481713244890552 266980142134529 729275867628301 431648804776139 254763719394195 54375980178291 928552478997183 928552478997190 928552478997195 465069964618915 748467807353788 748467807353782
20 20 944483258451817
323155585753565 177488551986315 609786407365487 236350313805156 736195649651048 395595476635636 772724741195822 9128042657730 272761850351373 234583765929197 98725191388602 866181001311985 252660159640211 353751411243562 102126571187996 672885324522764 35349560692147 690403331167945 603957801767727 975530247210643
229333768412203 270189191045084 378973823318833 741796545478312 316094215730223 987528350551191 558596407703393 368061835660618 71062233386150 60970409041301 577066476693779 683094711239756 613175374215468 612697079750884 812311685001079 610778505026371 117519758177224 3077519175416 392646363314993 192573775363433
174570977872463 852970508828397 50067609214686 514275185632956 608801271695445 608443197629208 511766989946455 93305512634753 874736795710055 534245237419223 795655212172485 937747481334703 448860758232690 326169741602787 84553569701249 905748969109926 177924176474751 855906086966356 536158567956916 968972554215882
312621637887297 434799758133824 839940183319693 322232672130914 790215767309938 514157882970554 221105740600611 832808980064706 826836577169270 94551499052819 270986207206667 975907070337793 41520812691837 498482099629473 998388882414166 127098153519586 213618629317672 977447473928312 855900350993241 800777418924623
170493844497468 908623398820445 94975721286418 32050370894109 750478160090390 846749918033715 99690446358892 610752106627357 306010894421071 670602850605971 129042591589603 809044365956249 474641067421393 729943954345053 595843578406094 69591585337890 687625765249926 626973076865621 187887335742881 925297863730825
626522813146975 2220255972618 57803100469775 483749893721844 485579885920783 398022220227383 348906541188332 515757243348062 765698102184007 764936673926712 551380264315839 720121639047953 833741070334294 113014733164034 896368373982138 875398473091464 365058482925764 145287599028928 839044001577267 766222649696473
407817985463741 656844023322239 55681747725574 895384516251883 800939873040825 715558074925197 526246116865996 839900532542079 434483651886360 729114085478919 762769012945025 905603526032587 901048906091429 734079628243415 717500014164579 996173511054305 38720049426359 821088784814102 202656432746036 282818411121663
181792775878493 272382546742209 43819521822213 793264124161170 559538980063864 585779224952174 906991094871726 81637232665540 895074506160162 204869432361010 585572685056878 679465582993471 275366945261669 427733668573161 758201763313795 12487761980832 676770739197930 768192311951700 444177717000251 743401510371436
629988731475955 293892870362775 459258678058137 540222788683756 529441258588120 289068723031984 443107315978992 303821786126659 756257880028706 885899425994078 470796406184100 992844477370529 76217805080589 831117160877129 907425094507757 568441651780388 771300611548133 785614506275364 842186968660178 798222187842782
607722410559053 967832325595700 771713874319295 756685296368075 637924344487777 425801819834144 491511057464444 795990766746946 182840631251341 967450358289250 621529432939702 207244635532595 405232748840797 763383483823590 33097048449505 477497568186158 678928485477111 123692746115411 292818227523749 765743304524202
521323675549181 13806866258131 369539419654291 228334087377310 302162367724612 408172226218007 695536370733555 127440164818702 711546130817161 76680821857747 896422385547018 266909839357971 822999098663934 163819765511511 116213118134052 679806103013020 323709862974110 280827313081942 823886228800033 255272266859152
389551533521649 810359425266358 671960417195276 342662506719069 547634004471552 606135202312593 122997583042478 286045106308918 45649351032777 993021829239811 453170874389800 690335548787177 108003653774357 921157242567548 3205729815226 295571146545290 270689856694272 145654556888845 111539931690504 783350320410983
217510788417147 263521552067175 201963340593327 958600893122889 178442729997655 259076611244487 262884496510929 569688555015519 967795239846185 32851784560648 240082807285290 991595401632300 942984371990914 145777072036039 865234837775532 410159859976007 175396654298496 504374987454685 231654818507327 632816645977724
462603030592549 340038934588432 440884862606993 170415189044933 875066118339464 232611647324836 880068681082205 574053482645492 212843724620739 757111636541981 809319510226538 455715190458469 713854860182139 604314882355986 998894085794535 138238850790571 449022088658073 844462170974171 426062058563756 44078052083167
59155444450654 731550908738052 587592496842823 256007137392291 621743448667982 6185825498732 651225053555036 299398522286643 588246179361346 984959076593531 537958711972905 106694772782171 923117179721384 13808586189524 400496159611216 471103277329426 976816270550239 617259995553067 457673581829736 103856925828823
346070852259287 577670186886133 799439772190405 358630294206897 402794524289414 656837266754645 456753492166131 940016229156379 979051425544101 53561209961009 194826494301937 704564123073461 204066755580243 52755008728151 599693653078081 410986265608643 69083937574938 698516783915197 493854712455784 824279822423001
140996570415838 489206793537524 54590047233016 774380925529051 823031943105079 228326911690051 929592760005209 748756685026626 363535656330056 723231456125301 571086376637785 480771205086717 702509028635908 294762094213150 958061061191723 83947884433145 456708991090526 82680494135403 774219325996697 448618513161645
995116396960737 598912406418783 837097376079635 400894990262424 106185977202358 308687557344030 45826985327573 95490101749754 274354404188356 539498290652002 369189005488864 378739421447086 967674643979895 371765484940149 82765691770371 965661977202970 229216915850730 549604115236560 125982705149252 891741874828974
778144001291974 848426256218956 71747741222127 421985657084851 153275908534127 719578973993850 32627797776082 792972728041996 433335028658708 624080383334964 669989595195533 269530368615304 908553491289901 990456284558506 167357694421141 881305019246949 123954103217375 444103220526660 406862890000667 861132545013217
483248213249247 789642439572830 259303331792247 25980733237627 504948275055008 161199119409973 994839445302674 23126700021178 957441033410592 497100424036608 282243009514173 144459209973406 778879170309737 30400060404603 191364529159637 622664134743998 657290271803507 856237470058167 688566894491057 532194191802953
20 20 9
442470746238426 442470746238435 392870599150011 392870599150002 392870599150006 920886572233210 889903873168495 889903873168498 698468527173365 27611283654833 27611283654839 389021667123795 389021667123800 32553828944540 32553828944534 558937088882203 899752701853822 337937672193857 867935450308675 463242421605846
442470746238417 442470746238421 442470746238414 442470746238413 396720765618241 683190540554550 7992038483520 998292561207877 698468527173359 698468527173365 698468527173369 698468527173367 698468527173375 32553828944543 436783462607688 223872565458372 223872565458367 413810512477893 117245756261105 337802397872641
438901549026413 442470746238414 442470746238420 442470746238428 396720765618241 396720765618247 396720765618255 998292561207880 394079387448289 347464362130698 874942072473586 698468527173375 698468527173377 698468527173371 698468527173373 413810512477911 413810512477905 413810512477896 413810512477897 337802397872650
192653474825541 192653474825548 421363592542819 442470746238435 328174737081158 144821212364947 396720765618248 394079387448300 394079387448297 394079387448288 394079387448287 698468527173370 339254153677333 339254153677324 137218287530620 413810512477911 413810512477912 413810512477895 413810512477900 337802397872650
741163656858197 174777165733047 421363592542813 421363592542808 421363592542803 34945168319013 284610567494383 284610567494376 394079387448305 394079387448303 394079387448294 698468527173378 240312741494206 930133232959445 930133232959454 413810512477911 413810512477906 413810512477908 337802397872652 337802397872653
743235442704907 174777165733050 174777165733050 337416662544326 337416662544319 957881543648358 394079387448306 394079387448305 394079387448301 394079387448300 394079387448296 394079387448288 542622324844938 542622324844931 57065899866034 413810512477912 173232442602345 173232442602353 502098361824885 502098361824881
481140247761032 811185735252870 22766164388893 394079387448305 394079387448304 394079387448306 394079387448312 394079387448320 475052106941695 394079387448294 394079387448302 394079387448300 394079387448295 394079387448301 394079387448308 394079387448314 28347388005675 173232442602358 173232442602361 698793572023362
882676671875969 430277700481685 430277700481692 394079387448304 394079387448299 394079387448308 394079387448306 123641779361408 644010811443495 543550151885030 536956170293120 394079387448294 739672198758028 394079387448295 394079387448335 394079387448305 876474441954362 876474441954369 876474441954367 698793572023370
430277700481667 430277700481676 430277700481667 126159678300412 545235174275758 377621925452165 77027451205821 77027451205829 77027451205837 60950215286331 60950215286332 394079387448286 975320178364941 240043441024989 394079387448328 876474441954370 876474441954361 876474441954367 876474441954360 698793572023361
430277700481685 430277700481681 250935612711668 446955574591475 545235174275755 810487752237163 77027451205825 77027451205832 77027451205832 77027451205831 394079387448287 394079387448282 394079387448290 394079387448306 394079387448324 876474441954375 876474441954367 876474441954373 297942164214548 339459225561462
136856110094958 430277700481684 430277700481679 136856110094965 216321123638091 216321123638098 77027451205816 77027451205830 77027451205834 799000981533830 799000981533831 394079387448299 394079387448297 394079387448299 394079387448318 394079387448320 145421235903198 870828134475909 816159566413795 452204887729599
136856110094954 136856110094946 136856110094950 136856110094958 136856110094953 136856110094959 136856110094964 700119617641896 893379688474312 125971757483096 799000981533831 394079387448291 394079387448297 394079387448306 394079387448315 33705453234454 137163675172812 430620579394122 430620579394118 593844493884837
311478179124400 817622661938784 769280918921077 136856110094956 136856110094952 136856110094957 136856110094969 700119617641888 283749901050085 773267841076346 976778420792340 735040803631168 735040803631171 394079387448300 914816476466436 226444143084201 226444143084184 430620579394124 430620579394126 280756398848206
813283847024471 813283847024467 813283847024460 813283847024462 813283847024461 813283847024456 155759960396750 959326552665138 283749901050086 77194413852776 71287396092202 71287396092207 394079387448293 394079387448292 226444143084206 226444143084199 226444143084193 755513659657594 755513659657589 235237345633613
658927064802965 658927064802967 698816832695377 769500521941668 660201555780929 813283847024465 959326552665153 959326552665145 283749901050083 77194413852779 351882914299818 351882914299812 394079387448296 678613585688416 226444143084186 226444143084191 226444143084183 561278640913492 561278640913487 385829083008065
658927064802966 266954450761747 266954450761753 925654135027314 660201555780927 660201555780918 943228092606257 577038558448042 283749901050089 77194413852782 351882914299817 394079387448299 394079387448292 226444143084176 226444143084180 226444143084175 226444143084177 226444143084184 561278640913485 385829083008067
658927064802962 978600063875564 266954450761758 925654135027315 660201555780904 660201555780909 943228092606260 352501943591748 370281129573599 77194413852776 77194413852774 796306381991078 226444143084172 226444143084171 226444143084168 226444143084174 611402350015206 611402350015213 265130218438813 935650123133847
912579609749837 414315564491019 266954450761765 940699924188594 352501943591755 352501943591759 352501943591762 352501943591753 305408375185862 77194413852785 77194413852781 77194413852788 161456315350173 161456315350176 454418780435323 57644590894404 618032952719403 611402350015206 159072688055413 159072688055405
99165901684416 414315564491025 414315564491027 691030149528612 877893759584540 352501943591752 352501943591767 77194413852784 77194413852775 77194413852770 77194413852775 77194413852774 44102623143731 305892569732019 682004754290671 682004754290675 618032952719408 290736474241702 597188655932174 844009445784222
99165901684414 99165901684420 99165901684423 123047112979294 505748496366549 352501943591751 77194413852792 77194413852784 862796054658552 69361927991810 69361927991810 44102623143726 44102623143722 93605612055190 93605612055184 682004754290671 922927150236027 290736474241708 290736474241700 844009445784225
20 20 76
30096930190997 560644615740776 560644615740776 884962553627370 326127227899755 57774740046836 858906560762185 169687659316481 38222976093992 965005086558274 676130591145065 676130591145096 382262256167645 382262256167631 938007652949355 125292369442471 366187141386759 409522762587458 409522762587416 366187141386865
531897065345070 560644615740825 560644615740844 560644615740771 560644615740769 67353368980063 903721747350946 903721747350907 958348095620616 521451231954948 30161171767698 30161171767717 671253222218358 125292369442372 938007652949332 125292369442491 366187141386798 409522762587497 726311342422995 366187141386925
573389639862008 573389639861965 573389639861902 573389639861789 560644615740789 67353368980101 903721747350962 903721747350919 958348095620541 337471897691288 125292369442602 125292369442576 125292369442497 125292369442438 125292369442510 125292369442467 366187141386751 871030300700291 366187141386862 366187141386857
82772044803020 82772044803013 573389639861900 573389639861831 560644615740762 759303044788310 473096930124828 473096930124780 76308782792961 895115587663109 144102704597239 125292369442588 125292369442537 440955551867930 514959051503211 644380933150091 366187141386816 366187141386842 366187141386813 366187141386885
403116965287749 403116965287764 402676484503386 402676484503318 192787669752989 548451223548604 69875106139782 473096930124820 462835678210427 670555583116210 979402752243637 982543586348932 773111614612277 153013186887411 153013186887362 153013186887363 498479144685856 260336672025511 653319098991930 653319098991952
667481628690268 403116965287755 403116965287900 402676484503270 962394379155607 661281219129252 473096930124724 473096930124785 72351810441651 72351810441581 72351810441575 558862600336158 130187619264261 153013186887340 153013186887402 153013186887434 153013186887420 115436090615127 115436090615170 653319098991923
69163255847931 403116965287806 403116965287843 402676484503336 962394379155666 661281219129268 478021079898394 72351810441713 72351810441696 72351810441516 72351810441563 548390800802677 548390800802696 992638507281295 55283347983891 153013186887461 336528481525255 336528481525325 115436090615130 653319098991950
918322121592389 403116965287835 403116965287823 402676484503403 402676484503441 402676484503448 390484504757815 536538047317942 636933106982382 548390800802651 548390800802693 548390800802670 548390800802746 923571925334488 531293283212665 217448926016204 217448926016179 913503029225291 184455715784021 653319098991979
918322121592447 403116965287868 403116965287881 782029726292879 993348082413989 993348082414033 974347516222248 536538047317919 536538047317924 818760872077344 818760872077360 818760872077343 923571925334563 923571925334561 923571925334508 645840260245563 217448926016237 913503029225275 653319098991832 653319098991906
918322121592444 355535479504666 403116965287898 403116965287900 402441943447012 993348082414029 59121908563366 536538047317852 536538047317888 413491920696994 818760872077305 143753299744233 143753299744230 951033404684111 951033404684144 3018590770943 617733848280220 913503029225347 653319098991803 519234449143460
5095278970900 355535479504623 907845731188314 373776819206579 902728936979856 993348082414048 59121908563408 59121908563480 553763980065836 413491920696955 413491920696948 6210128891907 845774353204463 845774353204408 3018590770918 3018590770899 3018590770959 76155643975842 292592324739075 292592324739097
244646403291822 670301109829959 693826152839295 693826152839321 59121908563420 59121908563371 59121908563358 59121908563312 3405425797199 366849646863008 800978734896107 845774353204362 845774353204419 845774353204449 337217905830322 885372401603331 877213869597641 3040759625033 292592324739039 690316763561816
670301109829936 670301109829915 670301109829862 806886425293355 806886425293324 723414224213495 319294175299407 59121908563327 565956528631594 483228151126355 483228151126390 386033569265891 386033569265899 777424792383664 17994278902798 885372401603309 405233024361537 3040759625094 116987180501369 690316763561866
670301109829940 670301109829897 670301109829973 41102188643701 719800976277373 791943511006837 791943511006807 379793441450439 608177853093907 815698367211447 483228151126412 483228151126456 898761947264530 777424792383658 848940958902771 848940958902736 405233024361533 405233024361546 916220127696002 672634612762864
670301109830004 670301109829962 670301109829948 443653370218104 197447960140136 153123980147541 608177853093956 608177853093920 608177853093868 403227152701319 483228151126478 373581367110653 373581367110699 283105235227643 897646451332554 897646451332594 897646451332574 897646451332612 916220127696049 358316966034774
685390568768807 601091442885874 614941699711783 614941699711710 789705596284368 789705596284391 123876616062883 608177853093941 608177853093875 608177853093892 645370096918829 373581367110589 283105235227670 283105235227654 897646451332515 897646451332571 897646451332628 897646451332624 961252127768416 501083510760902
357850059080425 741474071331387 741474071331355 282799984401336 282799984401371 282799984401370 487355178368494 682824685324330 814828649054113 608177853093932 794608325119000 794608325119010 283105235227614 283105235227616 897646451332472 897646451332499 519597242822199 681627315436002 501083510760990 501083510760955
235027939627921 316024772814748 995726305232296 995726305232253 995726305232280 282799984401337 682824685324342 682824685324359 977782213797060 608177853094004 110926045572579 15550379390398 770070067781059 283105235227601 897646451332461 339722497316813 296169844930090 296169844930071 501083510761042 807022756891187
331772491865285 316024772814819 995726305232306 995726305232283 43228487130218 282799984401302 682824685324355 977782213797076 977782213797088 977782213797153 51248769624123 51248769624232 51248769624178 284479719334575 316006059611033 704715044333437 704715044333481 296169844930034 807022756891162 807022756891118
160324233143167 316024772814824 995726305232293 328079677721341 600174792392257 600174792392207 682824685324385 977782213797111 977782213797159 51248769624209 51248769624137 51248769624157 51248769624203 51248769624148 629084587969919 852939179351520 704715044333493 296169844930016 807022756891219 554981450822002
20 20 63
241068813395113 210171614113973 130867934467968 214661132368611 209656896555211 786411703231149 159922722475523 462838500902322 631702296102700 152239865284356 579749283290141 579749283290128 419417121119250 419417121119293 419417121119336 419417121119349 304062135552263 806223825325189 806223825325242 361923282284845
241068813395129 241068813395123 241068813395067 214661132368625 633976772890080 633976772890115 159922722475506 462838500902361 551053347090787 152239865284298 579749283290193 323613477279001 677369093858295 202779975588438 928830801842242 928830801842216 960352294988810 960412693617244 806223825325289 361923282284806
241068813395183 241068813395134 241068813395110 968818420058434 202627655142552 202627655142546 551053347090743 551053347090733 551053347090767 927523058843497 830304862702887 830304862702834 206291158314501 202779975588450 928830801842265 928830801842196 698697793945222 660380843694274 806223825325289 97044411966074
242250028341181 33102294944062 168079972610654 968818420058483 968818420058482 202627655142535 551053347090731 85801319123552 962191880878254 283500332642987 471614278184458 418680737390978 206291158314501 202779975588403 202779975588352 698697793945181 698697793945173 698697793945211 698697793945228 698697793945193
242250028341180 769080479410694 295757128084844 846448652686145 846448652686135 846448652686156 557846681277361 557846681277332 962191880878310 740486650168936 471614278184427 740486650168924 63707581880947 63707581880998 698697793945188 698697793945199 996265091117962 354770882056990 898254763514892 819987347337783
242250028341140 242250028341194 330125932735083 846448652686099 846448652686195 846448652686171 557846681277388 402750101542805 740486650168917 740486650168947 740486650168959 740486650168896 581512708977032 63707581880963 698697793945193 17121952499881 354770882056915 354770882056930 423292289315577 819987347337826
179147625794723 179147625794664 507316645669305 623971756497739 535885642319782 102675974678286 557846681277451 557846681277506 725078705527658 740486650168968 740486650168844 740486650168903 567047741931264 698697793945186 698697793945228 698697793945269 974752267809316 354770882056964 406897575083764 406897575083760
653151493424102 653151493424146 507316645669352 507316645669412 78012411508421 102675974678287 557846681277475 848746867683887 636889105313130 59926232257907 24774668633106 640346178620673 698697793945170 698697793945137 698697793945291 698697793945301 974752267809353 710650690252397 710650690252388 710650690252438
653151493424137 244475768070074 336867359275157 336867359275213 557846681277537 557846681277480 557846681277496 636889105313160 636889105313165 636889105313143 24774668633044 481997046226603 698697793945121 698697793945162 974752267809248 974752267809304 974752267809311 129926422090775 710650690252367 710650690252424
868429543182258 982948453741364 982948453741328 767606047673486 624210751676059 557846681277516 557846681277501 427381855643240 710371437237013 710371437236974 630201672853536 402611210278634 970980760064224 950440747838715 974752267809215 974752267809277 974752267809362 974752267809405 710650690252345 710650690252350
389643813366930 982948453741355 134288367655486 767606047673453 131767456761449 131767456761448 725005118123603 427381855643224 603687393118440 603687393118426 758436640186953 33984781675234 889744267409983 950440747838672 950440747838670 974752267809305 297946416000954 416663824993675 710650690252357 710650690252348
389643813366927 389643813366958 389643813366986 389643813366957 323748851291882 323748851291905 725005118123658 937452926028163 179488648299838 179488648299903 758436640186958 758436640186899 464575822446768 950440747838728 262709890054747 262709890054779 183068771329880 887063981091448 957090873408511 14127321736116
110936595956977 502279057087180 389643813366980 389643813366930 535772470837338 538437766440304 837686347106285 76547012890698 179488648299880 179488648299918 758436640187017 758436640186891 758436640186907 758436640186970 510135643678667 52987766367126 183068771329881 211437146989809 498932019942434 498932019942455
502279057087172 502279057087195 389643813367025 389643813366960 918403937919262 538437766440267 837686347106316 538437766440293 142589980000169 142589980000190 758436640187064 77921069828928 785739123982845 785739123982814 648122526467212 52987766367063 52987766367104 211437146989832 211437146989720 283342527576453
930392580583381 930392580583442 930392580583391 930392580583399 72993772085727 538437766440292 538437766440289 538437766440288 142589980000226 142589980000214 456794236940730 365020450647749 661955540410934 785739123982788 785739123982830 903375470230371 903375470230368 211437146989799 211437146989752 828655987741286
930392580583402 930392580583400 930392580583449 930392580583374 930392580583353 538437766440274 538437766440286 538437766440317 538437766440320 142589980000260 456794236940668 365020450647723 662946069676398 931589076734558 622403773073857 990670016334788 990670016334815 990670016334825 990670016334794 990670016334774
469677461303430 704380339306761 256478591444470 472392598870061 608291129211066 538437766440182 538437766440229 227369394225872 139727728640 313844446594229 313844446594211 386552339726599 386552339726541 931589076734584 214227993019628 896027986224733 990670016334781 990670016334780 965304191349400 965304191349369
469677461303410 714574060420691 714574060420630 725449879731910 14610036418156 8952655263310 538437766440272 137673732908872 313844446594186 313844446594225 399813770597720 399813770597763 629350912896541 741102968441987 897664958876845 897664958876856 990670016334727 990670016334814 90457059483256 90457059483209
469677461303467 714574060420688 915176842285995 495294709321969 495294709321990 495294709321963 495294709321970 313844446594175 313844446594159 279019122099575 279019122099628 160922863736222 897664958876855 741102968442001 741102968442044 897664958876867 990670016334699 990670016334864 990670016334851 990670016334816
469677461303473 469677461303503 445204787855523 445204787855498 445204787855474 495294709322001 495294709322030 313844446594148 638780729342681 307091687030377 980178338890187 980178338890210 897664958876854 897664958876821 897664958876825 897664958876879 930576772037835 990670016334851 390415127792495 277963266053220
20 20 578293903925423
399049363487481 953677215264269 659135182056336 20729386059540 932316439162463 282775873714230 446180658410885 119188984254278 342418333350987 103951357478534 24264046682022 216490125488520 802170505403534 251120012595138 248064189048099 751771725907073 838895698859302 423345125331678 152062995400630 479712172934226
718682664292165 447871720560983 783289204620750 518299527523654 907779587681134 398448784154838 137581140116086 7351328876580 26272750078988 494918335197548 894460444716577 2491306766179 364207853124950 828529511795123 678146170015519 224074342486673 807377570954662 672786027833996 491596437732669 806399323231146
837418953021723 815104559910997 688921529011669 953319660099337 491809241018653 684127306963244 479046814625475 3285508427364 346398870786544 532573240549002 428611103850356 204521830201471 977819697365482 724735681068078 778634224505388 373412436922227 549066732664590 482753113966432 435836589116879 630227010690726
491884636683394 899323821900297 358347137833022 468538463621066 748613762796523 760713581298740 804939070799519 84513181669411 630260408448974 857487132588253 211815100801902 202593870838151 910930104453131 55422528440467 728993505288530 352331082034079 471679007728105 291084144963245 117677003528916 393270255346441
424351964367668 527295447508942 599481520938713 215254707149711 847494993401879 553167804898260 262887027406518 327232240692316 471033981919686 719298398807312 724407227059014 349802749862150 4780350312001 72892692405442 329933416081278 23037417947426 600634228247949 949207715868912 767096314130316 664766566758449
676455216645696 83716942949650 969573464844949 558741663727150 427518542630990 271933123077808 450573616285713 192015029747041 994115737352242 938394065321407 770322605830822 505176042608564 450352922722219 261396808727533 93758791629217 739827160859756 79034540813881 12886107965779 563993467798510 996327265352881
888664636533620 819860972637988 582860455734883 966320991289677 445526771089218 480031785882399 344324200176637 546996578244627 647797749387452 789880954568644 263485696071746 493179384582480 418081965562254 597778868474725 657598941928380 613852543264192 128817425754566 181683732050815 451140827960816 253201768760952
410174580987074 244931202765659 775157420438215 93614998660360 284174806543917 370427960650212 612653187081763 987528687964401 284854203615383 270197690534843 920486079655529 790665212139058 956735011838386 651000056342390 261588277159700 824254001833449 189375754144181 518153824887203 193123379266497 329374786967717
555365711381599 121410386109724 400811500494518 338521371338434 804579684959731 330249575526095 234000721658682 670247994687963 798931580266364 334256286461304 616891842430546 454745371477470 851159144108947 944761448763895 476597522301613 367302351794220 948928472483253 867588603700437 378340304208381 791382089171217
150971220022115 343819285639055 361065736826409 265129848557886 142706299126371 507008688686463 862701141450004 962773497301821 248782915503108 758088459151575 605769217129693 264477137455066 578776800990226 330596819221370 480002641567954 707233390388410 421599642883621 737737065750232 450403180142725 565934699795501
329340516199420 957829231203729 256162669024766 114664624916449 17587825585111 540373853278026 209315505643027 367021197088598 406758924387905 473310336373097 21618739771423 170715621543873 531617262937784 340123427419628 848614246782852 727041805364895 915817891763602 451468229367611 705634371795492 765651217843641
557263979547821 467889614903138 255555234950484 354008920519868 586841824630164 391844857783080 585423639932761 132071605242965 654214917118301 747994891733221 469238190997147 379850635030778 564358732858859 278255626091032 553063095919696 510812389973713 725249938925330 858061699199500 992775517059435 967338277037540
903340693468949 130447968939117 679352777144892 807545787940707 804425439614590 292383934042364 682650082848522 30720038064049 24438491846227 71510854445127 137366830890316 544417949383263 91970419300616 475246689439336 365847519499368 83583056757833 223054955791468 691349798466545 532724573093784 991477885090597
402779893810294 661600331546869 902340492810291 435090421371850 460716893315733 346931419571141 362086646684698 880512702235754 473928457086089 298295952777312 523231140056716 946986438382229 643156019097245 279376291041744 37997754260301 115196348732780 900997791623800 908932640249379 621163650514727 237077569090499
449754701449870 606251192140873 321263162728498 535681672155814 555989066012517 678489657630188 996444157399838 969516733227630 453601083396339 369709275810302 718339293219200 171449363601753 424614219679342 802766638999978 910818563826174 835757846036812 663843316785540 551051058099682 199794960158159 7661497200835
710894049644479 715779675419917 369892292034055 92095863462876 517853425790552 376834963472904 682335905347629 808584201299433 833556521749477 822598516736978 573371911766557 733739795908086 762741828553137 806654879184818 923954866608516 335749404869818 639237443666260 627758784414569 297390947524322 273770999305941
362960987588789 224106437045177 150470621979234 93061297322246 78174992826918 248428072653431 455196035210713 633112719156001 362961301820216 83715164072023 343890063774419 978842802161233 665633836411901 64404299061678 822605753268984 755081279514843 927666826773309 549370815386299 950954359150143 422753749532313
667656254253014 226967555015716 127660322979059 593693717250918 372604166029902 533239039907856 972176512352333 442139104568133 73794903345527 434803477987599 930300096256210 655993176146973 330895831522607 331728925677483 287869665960693 189519199454443 844037371012770 965900879099884 875131352997561 959107648622025
61160555785130 602124696558307 193553942839097 971913553882499 581151309636417 11789375701790 223565930236004 237086469406521 730557163132563 587265434881391 815315541534974 856962729598223 939188910597350 726610881311969 548200739438458 512080075977941 926351041490290 405859366773211 561521767024570 152389216875279
675298342828604 916528966303797 335678435545325 79753577687615 549959907943191 869028965709680 357320349048087 855115234729850 433804612784379 676272998574333 577414985199215 248063422089245 111880395546877 478445754348263 635454713848449 992733324177590 928314887561213 351100558257376 394445175807281 8408635185572
