10
3 6 5
5 9 9 9 9 9
0 8 9 0 2 5
3 9 9 9 9 9
3 6 3
3 8 10 11 10 8
7 5 2 12 8 8
6 9 11 9 8 4
10 10 36
17 55 42 79 32 27 81 13 35 45
40 37 22 29 30 22 81 84 1 71
62 22 89 89 34 46 55 42 46 51
66 52 46 92 86 47 28 43 62 9
39 56 100 67 73 99 77 82 62 84
30 33 71 43 39 96 96 79 6 40
33 39 26 4 22 75 1 88 37 6
86 53 18 69 27 77 86 65 98 87
83 4 38 30 25 8 91 2 20 52
78 60 50 59 11 48 23 24 81 43
10 6 3
70 72 73 70 70 71
71 72 70 73 74 72
73 72 70 72 71 73
71 71 70 73 70 71
71 70 73 73 74 72
71 73 70 72 71 74
70 71 73 74 73 74
72 70 70 70 71 70
71 74 71 70 70 70
74 73 73 71 73 71
7 10 5
1 5 10 7 4 21 8 18 19 4
2 7 6 17 1 13 2 18 23 15
16 6 14 23 68 10 16 19 31 8
11 2 28 14 20 26 17 16 28 33
0 29 26 15 3 19 9 7 0 31
29 33 14 1 29 24 25 17 2 30
32 29 0 6 0 0 6 32 1 0
8 9 100
17 57 25 68 10 21 50 79 36
94 56 32 38 23 47 60 88 54
2 91 31 4 63 95 89 58 27
64 93 69 73 65 36 5 58 22
89 55 46 89 10 47 20 47 38
45 29 70 4 49 11 93 50 36
77 34 97 22 4 74 74 39 86
21 43 38 5 83 77 66 90 50
10 8 100
98 18 0 22 97 33 46 18
96 87 99 25 80 13 7 18
50 85 75 97 42 77 1 78
92 0 57 0 32 10 61 35
0 30 17 60 88 3 100 14
78 55 19 40 28 33 1 34
31 47 13 53 24 51 27 24
62 39 16 28 27 76 51 0
67 9 81 18 92 24 66 98
8 45 62 98 44 29 22 8
9 9 100
37 71 35 12 63 65 48 33 100
100 60 92 64 95 65 85 40 12
27 72 9 99 23 41 72 39 44
96 85 87 46 45 72 13 47 1
20 12 16 96 85 47 87 6 65
34 14 94 65 42 87 36 89 53
73 74 0 45 100 65 54 44 34
13 69 98 84 53 87 58 40 31
53 86 58 61 14 11 57 90 29
3 3 1
0 50 0
50 50 50
0 50 0
7 5 4
63 66 68 68 64
64 62 62 65 63
67 67 65 63 62
62 67 63 62 64
63 67 66 63 64
64 66 66 64 66
65 63 66 63 63
