10
20 20 504402429512052
764146892526687 873777985516146 957454670991862 96790592656638 114585535203503 398815732160637 107423709288926 484880471982798 878607858919256 904766237079507 411596178227091 886878665755529 69671985280670 27306149705648 618421606246250 423125870685642 711550060137522 164620276734500 458662548620792 476982683749359
520684409493285 371771691792666 398242149912010 303400454381586 459573932126807 703028253522430 537313909201761 91011315473174 975017092071720 866028540569948 700955372933070 855086076431638 577211631983695 967554648116526 147045510494058 953547329184159 550695710350430 573169496933107 190643460744694 857469899387492
775522830624749 521812876441708 149069530366122 98884231015618 306469323073426 698366780025340 226239617192834 857268421365235 57748028961408 897949039923238 459761549788712 589539855298135 2243704041697 540185437801193 437323616012438 669226446125545 74933341853527 242269307263886 188479516838827 825367930158739
396208603965092 60508654718771 240636366181880 459121522309802 220458554159887 757232190942770 120211812113347 400481526357310 738841106790203 499155881268226 826556795676648 479911155416902 45593997555404 473134136680692 467608981505880 525982805203502 480679301160266 281060938089093 411537605897292 671909587903124
300637160041667 207866542768148 331969232702539 640131075800248 687354014894254 533308857587448 764130184153155 440970822307787 883371059092613 294335382434430 144454314074499 415731250808739 226759300313003 817940212923375 380687842257000 306881108252691 609781486567327 476882242278553 801735474807683 423044944521270
62836490931686 453638103016807 863458464127278 395808357543687 943016946811448 35587596117806 513082940721294 8558973845212 871782747669754 454130757370355 167880071587218 239911111920829 228676125664037 761439546985380 807859549475724 745980070849140 177979670170809 61264173885689 156945852497659 641490664146001
89852222514054 47017862480789 871535636185349 527972645864631 850858154984591 437335774308207 160792949474500 129840881652811 616183383021041 357667434318936 636639564583598 535732486469678 249136295860452 389247887617065 315861637056712 806045655360062 22251858813504 382988874659436 840308848624476 204378297485972
694604714746177 522540003239726 677202853635276 962507492017742 300321235764526 854310484476103 660564062359528 895924781230570 659875975451503 284446792172747 775683210677512 725271649620820 540919859291984 289320436453528 720175366526942 972877968959101 796907681773234 220626098671938 503692625699673 65774143335214
453206331676753 984706518271878 470249098404106 145160386176907 90048677186239 581693478522501 540718474501628 738034318500323 599932167585986 441861527698085 737920464657742 93790169685545 9541917210084 562002849696099 371458140217746 619927663334248 692243253497787 778038453202648 428890990050439 25792944702123
529922455557091 156127924477230 560890763284550 353726769421113 489786272592919 124090869015475 197875148594138 558470547328617 140725836379287 268605654708509 746232240073060 905464455180759 66987730927924 645229060757993 459236427160390 147598555072263 567790066962637 135734969561836 179021002166051 234973200519321
736653845213237 692012230744409 572757111906387 421573317772804 573295148189132 422287839310929 292074126273234 853810403005166 508273454872787 61036923705870 686692029166249 386580690312615 624797827677863 370714711971000 504948306830974 682316776249038 746921899614415 399272373204602 676930507253541 1388690361939
414877331529734 404310659749297 61324371281181 294816217801194 376274408988240 980753512091623 164027884339222 913022325233351 660357277329904 425531187236951 343883504397003 310272106366200 13027182007375 401777895551763 238036478172780 810247397001282 787920851969932 90810100763262 225012263065656 38143319337198
587921504032469 590536426579188 353231402253818 930196728415998 916425388188566 138225056578875 164858232805601 193277477298759 246860961160822 989318142210944 366905090763207 662876194416254 821264127626213 535583465913143 238598566892074 906521422412648 418901199047138 109910845271561 176136260915115 567104820073057
490787991170468 75388148337664 716540102602021 498650383673778 224142995241029 522302677024978 574600406615683 33203420825530 560124605853446 693620405036287 948320699675503 297907864174480 470188666160040 985781058350618 133409493231278 825882099582436 930236410623014 772647466298686 685329508210095 279809743547933
313883438107357 321941462725894 948163853432121 410168669150350 632969560066641 934854943161023 881326860767205 873314225004144 477011710250715 801600785627021 457702715529651 666711785153097 251876557523872 277915087949988 128304067836015 225714402889816 806926250845928 477515697766903 319514176582576 740380606430893
783334183024959 19320641860125 852112497943511 87083085000831 503555137448962 408294336381048 603635962801669 426706784019619 275888519816323 679522928844332 928168531723443 316660916019296 503998001319142 729148944779907 180329492626360 932261292835795 168007041785531 635530983435412 511091614439966 952337200059357
306257921149182 610760912257556 384587958498264 559303862354668 970785642399346 577829902134714 373784972934740 233327626248196 519571237399958 990136989441294 141117218453329 425380074188763 95592938882292 234715037912563 654388814121428 725017559987282 81092273200517 996656822442131 697009153398270 460973418421628
340237337665238 956601255302423 755487470023632 589005576693871 734323332269787 823121464625938 529844602996192 354494985313658 247985355872050 363113319210823 906369823006812 24238162328203 305571383254219 998147093575731 21189453802752 338858531207905 348437359917519 926676278028637 213265165696855 831051443462026
379865717808627 153615872382167 672744781896359 809510802638435 540057342307532 766327936564887 429185280388415 224895831299470 949099835908236 834881050716741 612858153852631 915208189953094 204128030517649 134093023338679 371252724866431 333973070105724 673189037351261 920949642605927 511121632200979 845171826187520
859843905902949 291563713912690 317579680512710 400522810219397 425245554330589 936788693978381 989211934734419 156700401318434 340852630191028 50682361268664 378535238290718 613963995378567 515457122325903 771115375004038 519595716897838 159839721605894 256756380411023 792139056313699 959294077768161 337441397364930
20 20 86
725648719618791 609023679384694 696703081824114 44857680014895 870504211774865 42718264610988 342611417112013 342611417112044 342611417112104 974742050827491 153038873286788 666609449052186 788175832846291 174874818071854 698208089792201 318434964268313 685744602645556 436782597737433 340425586423291 942877780426352
725648719618715 280556053872303 804619984947528 159535915623349 982727466591218 969908948669194 969908948669135 769657213626154 671490429267643 142165309589027 779868981939984 666609449052241 666609449052229 675483008627579 675483008627612 467378232378707 611424956549719 946135277466007 946135277466057 44532006140851
849738479376934 562578093629056 451655250374708 70935021496640 823566887992132 30813646458399 443629290875576 907505598308434 988041810407743 281773043997809 378856650978736 496423003066004 61505125617803 675483008627605 49475052269720 319324438993779 611424956549665 965437553680716 399739299019442 31956699197261
47759093630707 918058333713634 493427388432275 111474689818855 111474689818887 443629290875558 443629290875520 907505598308455 39410323171415 438942974045490 110603717034596 368424698410604 990129118820807 679053493256070 49475052269715 49475052269674 417313320800430 435052757039119 466260029024003 637063471742314
367348056517494 57970335469795 904180795610064 904180795610089 728793910411997 718422115353558 843818519664572 558009161044163 10488291262175 163563893849465 163563893849386 308872991773914 939951465359438 679053493256014 991060813842247 647861946496187 613780032204095 107078551415204 107078551415257 313351795116712
912532679668413 150285366207932 35863323549668 35863323549618 728793910412035 47613901074420 268832780417795 476469162882972 9279730621142 328694020245754 163563893849455 163563893849460 803273736214834 852030120471588 175135317184411 340165085329632 537002444697750 96180119767313 444234697587014 357912701250791
551114580910646 551114580910601 129446701538897 398952688494460 714864525561863 47037268656228 14838885329330 14838885329303 64576673303321 415878295019900 710401776342275 913276705979001 497736469734421 808203336913497 997396407353992 340165085329702 628216172722038 744920393504200 283604439496972 841550213374590
469905868550040 551114580910547 214506263968961 779457401441904 94896653986047 471998691475245 471998691475239 829932534310778 947386218978474 415878295019843 415878295019774 929529593682412 787863084368730 106303841722468 56337127469252 652434702273897 616386390721392 602606722065885 877194006035176 904203847806751
469905868550068 510065103128828 296233964010096 927450754049697 370194037536850 289243834902339 471998691475159 885811027824411 557853173539119 226426155244998 370577833114561 434973134387759 276593769504682 191528782319885 191528782319928 678047397465465 621406308231373 957256781185068 957256781184993 600756509265651
736640623754578 994582934746893 142525559018783 392790038629252 501862481362689 995698232608370 690763203060634 940246885677408 940246885677346 355397224583604 355397224583627 70747410843883 457619483039708 23172837935556 653943959417446 175651856772665 621406308231449 892391851536645 554549134337265 892703930545412
306527091944808 372367155870375 921199689458291 869201102947711 362561821131461 569367358619641 940246885677358 940246885677439 940246885677371 253868596411591 355397224583597 355397224583649 457619483039642 396316446666519 270903965857312 806204882692222 854670938057475 547856264407735 554549134337335 709794750172939
552612649100079 350573419421308 861790393374766 892618943324050 184333948951697 940246885677421 940246885677377 940246885677360 17938005894659 17938005894745 825117760054752 809376548331591 812603833972935 396316446666562 398075366470569 53607398611885 629143358610570 629143358610493 31021117843420 709794750172904
660241572051535 538987781294378 950313671318265 950313671318231 656467771718886 979996762368301 814741327053688 43419853837334 17938005894628 715714014818834 479041978530550 809376548331617 961581801314149 396316446666491 396316446666410 554847050472537 747433922117311 131430263610201 647648403438256 709794750172877
932751926032203 327462871335097 122570796684413 228150334400627 53627694142190 782319624922243 988328506432222 192211727199640 486607150427552 486607150427486 479041978530482 809376548331591 392530639253074 713975121566444 477978751411534 470162748234604 197081841594614 131430263610121 470738961061980 79932017578536
119359106689045 698646579882897 132629277481480 770394329085371 412875540373725 782319624922161 754457110466990 754457110467058 551512762185594 669762456822395 116111251250400 223663231937237 223663231937153 481795472669719 764296456872613 885643983971864 963597622896837 476266182780125 624318059999487 79932017578500
430780687022032 259436889891569 68497809034626 834510462201763 936182055383873 985105236167046 929255007216834 647539695917636 938653010481806 385276508705170 63035905584574 134251357537306 152867577201708 152867577201685 978100646319244 161668498890885 305637915630985 40063040482163 698989579784335 79932017578500
298083750525154 259436889891611 252240908291974 759343036487457 700086528404824 846053720834386 929255007216855 175841599224971 452923750833469 631958556281114 416802726982554 148710852302629 152867577201649 810058951979047 559913752584365 357651629094183 292792488719283 116849974513704 199959311274469 199959311274430
522659809181499 697469477317671 714070547025112 714070547025144 328914571057685 240366159063805 210282440562524 175841599225037 137608472249463 898521853934831 898521853934885 78116399664775 727154472166270 131013305514287 559913752584413 381202631772567 498286077191199 890008568883729 890008568883783 60428627637581
522659809181419 726971844702209 639025825720724 364436159043075 617430863000776 617430863000771 617430863000739 175841599225033 175841599225110 568405719219117 894669884687493 97962843738949 688184906253487 6498255796039 6498255796047 515208223108102 187019182429326 636018756986217 636018756986136 881133253103018
562088886217171 162021519768813 185059128376261 285475411342145 684195102685181 220688003913324 113632220305204 222407421581639 856419382025520 856419382025525 894669884687566 708638551754646 834314185886777 904437549417178 515208223108100 515208223108118 725962175309164 519455444692840 395427921864102 450758140649451
20 20 592415869928218
3084091730851 521913510252899 555101962807314 805506506079251 735903301351610 664284893236441 265755385533660 738394650078413 540621757970089 288802742069321 559766858220616 36504557576025 13524986218365 620439404594280 371792772053488 992665889303442 816161970305754 165724407932586 191641086538411 964330378449061
907422278450646 386159879887702 568747185624814 841592259762896 415144133982745 116769459086839 695166015128955 618956705281203 622184243834222 545525493693625 289912789589564 943613838452266 646835544347062 214397293556170 371546154411387 317734627510977 348409096575775 553371534739512 685124517775045 981346178597017
562126390276840 78225385870070 118458641297788 684918543360752 657842540290968 873774380723796 608605040301690 33818863960253 961083324904822 928330800838492 235059669959596 730263016591161 911008211992944 142303536908059 643238248925980 774810496730667 498845708878299 375478033267339 616566528063945 890603971147407
514401813690709 346764296413433 421374702725699 566793107149545 11134341330885 392165151313195 430011404848485 833396250373592 903716547389668 137600943976008 265084051275762 933739669970930 474147492705959 290237166668856 224636561356081 22875241132298 308666044782451 217021986834115 159192782745242 409563256062091
612719021340786 818976128097903 643940225286926 975587607420067 140308659009699 395981886631546 828251038093361 159634312199665 578670630836529 198385428012643 18383687455397 425947054369752 207253012078352 117330990834880 11487329409165 587472366514367 753413027637152 453086664768944 561230019013949 452463603821293
791065149964803 996681178197284 618433605729145 746659366930124 37241524732654 654303098262 231184841259814 715272700562069 115065635793093 88254968959318 899372933948474 512359292960128 626260950746933 776281034460505 924771443040627 480265113230317 289199632247325 688032250520912 895279846165093 471643928482031
500728763676234 811738655455631 837486461008681 168723429436957 515074417241115 396242528170937 148933936262891 231335800653507 621228320363815 115803393818714 444001572909187 178466083490435 659952618619698 699358988804408 547030710850120 895020278227857 507766223881766 600508460081880 68900871705143 550262919800454
340705768698531 551327980060153 831818783555234 420383134627723 626955725634382 995529859202244 303809500926179 75678703017564 560128853010666 376168476859615 193249965540686 397797473538135 421891498320253 956407801413914 650599547579734 88597984278475 201245703998163 985388811373284 950204420624546 240090821372063
684809749989769 93657589875339 715368518236687 314617396824133 584501860022817 258028763600831 872788671096450 529229497346967 454624443104750 893736829009149 803252141709392 945071721607219 937072851480531 755372728240976 303716352976332 318776686740154 195142265965207 405997564579428 402778488630961 797478652735155
348471866104609 683159970999613 754059489073048 558196448391203 976908399844435 95041518356335 846412633603259 898517515973900 882329907110489 953423341908632 779208032461962 361053892971422 292304987059551 435179010442969 233654545832520 464084704222127 486846581412114 392301423661629 278510476169237 450232001081642
131394078693265 59461741587430 162138328760970 565960114351830 170891354061469 486623083178342 600360239638607 641030761026572 68112044185784 392615979417783 460659271894181 934803608237822 417350163116441 776412159404982 998777050425949 644145050572464 484655194464757 142687788836774 222438969999694 812486650842581
223583738277166 499284084809897 900439698316084 344330224774354 894031101301126 420802378122469 921474088637193 769979244993802 402737097174038 537038971833113 43564015294034 618313076210339 655364983922781 548058846751646 503081875452261 272435725834390 288582202608871 250539967443878 680567937879934 728744123339358
574883105879332 164660484864219 143231675568903 655480852415344 615247156450784 767490619219606 673552008147874 761744287004799 653705894563959 760756536328607 968218624824239 910521212187276 783092329194263 878388385643023 429931359510504 856898005848285 420554807501806 682632603395645 901022844769590 26753692115166
700264881319369 465501446580819 836525174228615 645828349148726 815357271241621 674754052628413 503154744297068 840426556642411 900574793398412 746239946958042 488355507898246 7895441724711 42218547425935 843996531150029 678472786203937 702993903339648 264982292131739 503295889111219 804698754082574 204144702133682
886159194056455 3310287708039 568427924829466 197174015448761 305378895937816 795292963361853 847752871873263 628693477180702 719335843182325 458991025225041 105308595052468 202177063035935 224746184782138 448134992271238 823711342770559 422414546998077 510027805946730 867274907084157 640934862028369 21229180151784
467459637688481 891407538748618 487059784243425 346781885794000 102129832735273 874060305552927 587406779501006 837509401599852 894373430473552 833939811839848 825797073383709 736293241356365 28240671678474 615371693483726 293930929931999 725360188272182 18556689115126 791903971713869 719863762409019 291032902556000
862649468348920 901151054386533 607866407489501 743076520138365 296909335480031 777251221154582 688803082136486 734351401830573 765627965479381 674040567785693 868116002885666 458156262194549 546818655647546 500014826741931 802517769478324 837491375047946 581047111551554 316053070658998 84878250437360 930842324670997
898450659820604 180203361300933 769705612255289 914797359918904 633947393488654 841417923765928 710546429336487 309875069414996 419017919723428 865047611425425 164695896685333 521942837238862 76392574787843 664783931097742 631327066541003 370481844098650 939339809857002 564270923262434 933001697405382 633429908849650
440221023218109 341071862773353 696638714437143 211354274974742 893131882966372 343311963337976 460031300147259 986981769711527 978840303016103 301487754890709 697061962249759 762004954529016 893745243797638 678022651787543 315563535349019 549729039853495 25152019162264 995912636784896 463797034368580 259640721037677
410564189593306 572754069229903 341473003361958 959170271605682 870209498669174 132600292465693 829534330930357 522935617326000 84352895048085 612749170645388 856152162444638 974660674211322 150928658729378 872300038827570 496322350133571 435055032454918 341003785974208 61566398612169 347358788004049 344050605385299
20 20 99
199926626079033 446589482587378 782320775956214 314909739404852 263085651441860 774465436948818 959696201675032 888072243523721 635405200541682 161406097743065 888091003509323 649819502622345 673833119247729 720852659012820 425258279188669 812935159352844 481322963386933 196091567385913 63441596972288 432042154918412
24809244664886 853580578085436 782320775956279 782320775956304 351036196344705 936712369391539 822455809667942 635405200541721 635405200541701 118010620025011 723446583628638 592379594087591 820549551051342 304386903325077 631090939007016 812935159352940 812935159352873 236717501845385 91835725273168 760920563451267
501829002939353 625526525058370 183265755406541 738498474400688 45483110245100 936712369391506 241117341530597 317179979496831 13132095371985 864300916943823 936240701961584 922335406435674 820153353190766 118264594885730 714027194382853 590457537870814 837722931527013 621565236331463 989389545528109 379106451421110
935063645449576 732732961969702 151765064100519 115699437218897 367134139109622 714803819178362 247073280203125 909575486370460 909575486370466 303934793558400 8327796631768 755893412668505 118264594885708 118264594885679 350267182547142 108627163655288 837722931526945 208536887059734 640475918109549 902948911141101
341283430310275 732732961969747 232566906878955 791043980492843 180499399137906 164712916915184 247073280203214 485227803198649 346135121198981 12101852222906 617558690413198 518321419957326 909291542814817 128132479344002 350267182547138 534959723947365 207989724089646 859289509716505 670626113675524 802835058779926
403373070138776 691458214387338 786295621057870 209335015329178 72446902452490 872867796034536 346069798760692 212394281730213 172299453592004 712147261603669 310719662687541 331652058015058 418184457677126 128132479343953 742686874852774 742686874852856 681743883245903 844121670496621 619851728044600 936104906390323
736391839566452 691458214387288 751484171496058 668599734632984 872867796034562 872867796034478 895110195248141 212394281730150 481280321198122 737871726166131 355488515199128 831751432050869 83654928025970 459584155181723 933509813182541 425649246298466 425649246298427 118501925859649 185781603028448 152824468861982
638906754821867 273654136394501 789951596067513 137011129182107 872867796034473 872867796034556 773557880341700 621102415960854 481280321198036 830493176821656 637104701036969 282910721477600 658557486377114 658557486377097 62996038346494 30180604100092 947956646077054 556989546566792 556989546566830 663191851301233
815775034203081 847406573316087 328732623373645 313649346582275 686265502638666 143335310697879 134253089986786 965386855404303 279410884085202 279410884085270 351516396982227 36174466132322 410815842890447 263481801153060 62996038346447 441374594264000 704253047291087 635577014505250 538934392822448 188169264598055
579936834701092 591187478662126 401283852626572 686265502638730 686265502638709 484319576855463 926925251762914 95808248465473 594295406028904 594295406028925 556615751281370 687936019610821 152381195338516 850571743268166 850571743268165 418396667950415 557560914181202 557560914181195 557560914181115 699954857773941
766730023589774 772718933664152 71244857219020 305019711459778 686265502638766 388049353025330 185771438497786 891833962705131 594295406028819 818239110482112 836017863939145 510439290999896 510439290999943 447139753951055 20537697382765 20537697382687 79005731214924 546411468755705 699954857774078 699954857774008
665002113766082 718553205186858 172360952953024 808764632266689 572173742916110 53333926945919 849610733817762 247130523593513 479188697075265 897772184470850 453720605715539 251899121432278 133186635957621 630205138924316 630205138924272 467450941239264 467450941239216 339348646431436 393110756741985 393110756741906
60070000483547 60070000483580 165637845907140 875272868477359 875272868477278 123345880548484 331392031695241 172869665683083 710579664326386 762264621236441 648840071612756 681761342624702 236896210328103 414808642430591 380747203875911 752626608772919 68243699984761 68243699984745 428132065525334 109604087053852
60070000483542 790982129599826 3162897901103 397516629826011 748747606904829 729799669546488 69810098503467 172869665683139 708029852612288 324125317346295 76493338206963 681761342624737 16839848759719 282864119752635 584896069471158 874401108482049 317143415991237 333939859253108 333939859253024 109604087053789
224534470742792 366962264390035 751237693187402 303369978074970 731644054113113 210991663002646 950244105536693 450597009279882 958930464035665 77148923590748 77148923590815 591940499892555 731233729918400 454816594371038 387276052320722 321650570300178 321650570300091 983971559216675 606396137277621 814359299113997
45533862283152 366962264390016 71796591293652 303369978074995 731644054113107 520146185824102 885096073073192 450597009279831 947881068882393 77148923590728 77148923590735 795784460307887 106870276853309 901527052306851 321650570300138 321650570300123 520050115972554 133551092447852 606396137277685 387750897018617
108100234863922 794202884079693 913642717417637 913642717417608 913642717417603 664258122810329 885096073073158 977835872662637 136513117350626 375465637102415 964744337325707 497086637994628 315048109504117 315048109504162 150648825059146 573632399345761 133551092447899 133551092447840 133551092447905 995409605936518
621597080862612 908036045687126 361081118626260 913642717417566 275810627678145 406275523584260 212005584724680 135299626370857 272089898812072 125340946442344 962143523650728 939638287746401 783884213576802 315048109504143 792220988492459 568026586640621 969684989556754 84552148606430 520985026751120 926134458331479
399080955588694 399080955588669 47503861093961 873811821532520 942996047758157 744837020802448 236653315146182 535669705134501 813724408121398 366805473492046 290707178971390 431921817267351 962343351743489 962343351743351 968954536394869 456229080073569 95883560353626 589168841583998 684024801008336 684024801008378
136604162419828 625528361447060 47503861094054 953703898102076 953703898102073 744837020802373 113281012942439 713526100007050 713526100007070 149579427045741 236599531647140 194882954368801 962343351743393 962343351743362 396736412397073 199274061024916 490825162958274 490825162958340 90001137033433 90001137033360
20 20 82
78400658475178 370801624772169 788174229845569 474076548379426 128834773846155 405763512328299 205289879244865 205289879244817 961570340255273 63948405111057 929344939652879 408567142356431 408567142356427 17698692817998 360506145158190 361507679323779 846280633723698 851381624330785 186238841132448 510324774774268
738327698389535 548402563663871 548402563663937 119016061005917 193739975987130 807579266126336 853383237664628 757370776344845 286061282190031 720854472308053 283483738010915 317601601958337 54949197597879 54949197597819 54949197597831 799150691846945 122614228583304 285864534385592 285864534385538 673391786081011
697484325198401 967447546333683 117282172600751 697705795886195 355861217796552 355861217796633 634038928691140 540005580113544 540005580113570 357329307641583 357329307641520 940808281617186 609351679730902 483993006683095 552273319950738 177181006861072 616095088684676 342024414049766 156301225773766 494199034046779
849842267939175 507809287846842 793335274517997 355861217796546 355861217796481 355861217796597 223545024270803 540005580113576 540005580113569 673869997379119 879359706697558 721617221279353 229054167440186 554935937362396 727804170717633 727804170717596 886445105691645 212365248630513 598426957986755 509728269678296
223476877809914 738620324976827 128758078296249 355861217796455 355861217796474 78372355550027 423885774189804 698320426842459 505874943305535 389982153456527 879359706697555 879359706697636 261488723165671 713396024561714 537789533766480 18383286174782 927590503080013 363724187474065 363724187474074 363724187474136
840647570394329 509576917821806 44638755767684 465016929775934 355861217796469 265739926213147 172117689080097 755768419966808 48537555106283 389982153456608 604630469741011 604630469741050 782988219843129 954514619907991 537789533766516 537789533766454 672571709148011 365457247710198 172263114428749 172263114428709
820344943110297 509576917821825 372725235881377 465016929775915 465016929775927 129384703660998 160731335146851 965451876180806 706797213886824 91875712877008 530448324864838 194898858928854 810210268747977 239525409379296 48236535981591 197946391174580 197946391174651 399678926308042 952416708551944 952416708551904
820344943110240 557056733891159 557056733891232 424397055007944 184633311044060 393830913291875 964252775895555 901038414607273 111711381631759 605007870525640 621421107941705 383908411003630 810210268748011 60701162460546 197946391174560 197946391174562 93253240784547 354589639190388 702116287185455 952416708551831
744066737845696 197189588537183 197189588537199 424397055007998 385251467745567 393830913291941 793675041459782 650076740312199 867338382539496 387471151607723 148906107387009 336503495146965 278283256642387 953806005761611 823154428452623 823154428452556 919308869815563 210080716407176 346502673156124 346502673156112
15948715124292 306942947867054 155916287727378 26054250087205 385251467745587 358314541753143 657658231968280 605384205664190 605384205664221 605384205664213 596461338531467 983561884527217 278283256642306 273804773116314 838305270629340 301118806007715 714312836978088 150308612454012 77471149877947 286007385196007
225150540589598 225150540589545 774068613013413 770376677219577 713069527235690 511652877956579 42049718281040 732001053083217 503211636861039 942462001734190 427945814577641 637282437316571 637282437316621 479512524412450 479512524412416 544526578487428 215696180852598 128929309942474 608880134966106 393349335053080
225150540589518 225150540589512 28747592425260 807550152111440 216544314572622 740725565243005 64503946289964 732001053083179 58840649198536 659369247542475 47435887287867 637282437316503 637282437316561 556758632337687 556758632337683 123721916478205 882506237248550 969412507215888 652573188340831 23119305312082
515194786174548 853409130834225 12274164809636 5814514402653 876166216866132 692433712788664 460774788140428 819319180213438 999654757852527 235720939819588 269335907240694 437508892150339 255601895327634 976362200081380 180756775209522 732545762020791 742406825063269 673239861122933 673239861122974 14825777525031
78794502336581 78794502336578 791481584476232 445683471314861 346706661706930 681598759852370 707275987420640 577845634856701 117946488574614 656073501776159 883783759556580 883783759556648 109016125943292 660289288127439 180756775209583 809178799745561 296319818751056 514809617588016 608434491872951 3133558406950
237650877390666 671992137801139 950118059102866 950118059102798 568671299647718 708435476304250 708435476304244 231518674243933 253824850153759 561544965096421 402615790272513 377396364402361 159315338583261 35719111387533 897594407453681 434980956550352 800488982310309 311579531308902 422989148434128 951309154736220
237650877390643 448523746098390 448523746098391 448523746098372 929017603967643 840856316398085 967859334172988 589983251204595 33113350262832 561544965096352 190321365132534 598582949308194 772853177758564 633342729167724 884405185572713 255993609133124 21168063621875 804092950252439 318253776800882 726732473732604
774320971660060 624910113136460 908564594287385 762407738941428 646147506300501 936271749962425 428773043365705 522740315882400 663299140062791 831907528195743 909313846321418 909313846321355 891711704942328 944884107349619 355195677758507 471392190912943 471392190912943 240548671370899 83600442509803 831988916355370
774320971660005 660564277375430 137827970391538 241353720465037 684429291137209 507190995727412 496271049500077 792054048068695 890753990261860 831907528195822 682956612473736 312828405266602 68404035905809 413797711489813 830273847911385 912943724107773 116293412737443 224478835391626 293213055376485 565973970217719
531734009902072 660564277375366 160142500259421 724659002632864 396927915513172 54260499836297 464930205961595 379277689949184 492741190917502 29675876948265 169371846534737 897418065624931 897418065624876 897418065624854 481048530905670 912943724107740 430696155481214 704625050497242 520532280964853 37626836033339
549652641181691 363878038361946 798890871819316 612445249164049 85829452810801 112757662714241 574269245279222 911615374431008 562704671698923 904765297473268 700756043355357 566757824156187 635679410908227 502085683215059 837142296897531 958444700836486 669916791173049 256096920666626 665254276134793 920340733635700
20 20 8
315150597694322 895758292707349 895758292707352 74239957045339 479281269752565 327394810381309 595946599573540 113925086447732 716075054752912 965075306611603 124899669037601 432604178984426 346617139287968 346617139287975 619687302381654 887788758713515 667034619831794 891043791921382 468125649539401 984470269812254
309347827324184 309347827324180 402166451966030 165155205004120 165155205004120 531606065336289 51756976432909 51756976432912 74173936610503 525499599078343 124899669037594 124899669037599 346617139287976 271903764827104 619687302381648 559279980500432 559279980500428 574559642543237 979827782920410 204569999507925
682981012431306 780863138216149 352880699381134 528248240158272 283056265718147 626909071293039 798742482874879 51756976432908 74173936610496 866416722113132 89650106674281 68361715313219 941778405538955 942786469258939 912606875077901 545819535691373 198190593132044 390666585033425 68966669894293 471556950900387
897000623730 980735713461836 440400845659730 753282752089607 798725850739823 629055957521342 320588891531626 519148511403200 648219318714694 651411465270516 651411465270520 815363132048708 627298541110090 627298541110089 313163463098501 313163463098505 845455347757605 26267950065440 932377568090169 784945152189816
815560310686759 607108834401097 719081686474947 645831288683933 987497278337221 690377438332802 434370073828489 459998112168274 812863825482433 651411465270509 651411465270521 636170773449465 636170773449465 357335214248433 357335214248432 86578630589383 368875436161499 661346742222079 313842342857518 313842342857525
808699224738773 421686748027912 119088474687571 729317966710186 193146384045957 386556566507521 468700825037116 780178290105859 994400020163843 885592620911859 465178366481486 636170773449471 408410064122879 267571942428595 931981303860265 140565008906161 769302590573266 769302590573266 980200321336145 783830544011961
835577514407108 466172994970482 466172994970476 471292855264119 545675355801566 852695482013968 772108439774911 100655562787954 256136787045832 80265638376806 44315030457635 484211700615644 636392912934364 77053591286391 914672789719222 588717237579519 394384529980596 71066247813761 852222082134616 381096028679917
395412982941756 395412982941756 844865591934169 456211411682988 265209747431992 689208762414719 337055374102646 337055374102654 683957673987468 268744086616878 39516045000406 39516045000409 77718330284719 963468236684236 914672789719220 7639877692029 44799735088610 880719592403543 152476811080420 400620129934865
528343309359532 809553715550744 852002834667224 582927507565538 300031298263116 754171330881988 754171330881980 337055374102651 502236287320096 597635062333288 108070499065396 855192655239693 367236254466764 257248580432774 914672789719226 672791508601768 731389140843286 99422105868541 637022893125315 320442629408195
287272609886792 741911152569196 297293824717188 297293824717181 99579827713148 449870704744497 763832781717943 456248291415478 462758497321249 340544302907083 614054583509662 614054583509666 367236254466757 150005086791516 874096329844865 901079816622941 68627494848389 761371012480606 792698317695676 413352527379206
179908929506756 883218626773117 763366177409653 326970087777440 597435426376691 449870704744499 219682964440231 602471165525247 421357993288101 19843639940423 89667505560993 738222649194944 875275244306828 604645416356507 405472159435816 840305286927619 840305286927613 388670696220532 449706300060074 247044526567483
179908929506756 981971947888202 763366177409648 613419240317763 102848543241843 687135186630927 786814397526063 467182416710869 533439369478389 932889780924491 351793042581185 459102163972205 707787573781105 113312293599441 741890256053936 122611937797462 837547341471122 983640714825090 536663446802941 262807122263518
704599107331726 981971947888199 263241293524905 854027922173989 27150916331354 232068364692349 786814397526056 692257548779246 309254173292535 309254173292541 382903116068309 445206045616588 678666138840115 113312293599448 410427803078662 637680150913944 784374678928415 476217667763977 664608123902303 542850006688584
595127500544349 3666439537633 789297269934936 846363739231975 846363739231981 805788455538144 566238440942593 876082308487 305581814339668 280926242376929 382903116068313 445206045616582 651471663265285 369271362120147 34615888175495 784374678928405 784374678928413 585814248589602 195605352662559 791799204427078
902265332081284 313884908115625 933055688632236 933376507054262 415872015644556 415872015644556 190822951802416 828635605519096 401050844404415 251017865908594 382903116068307 691946239335722 506171475771183 506171475771187 371447078703960 784374678928407 989460922286118 585814248589596 663071523834496 724799263621432
86452875268086 72891946185574 59015036017968 66709557410186 415872015644553 415872015644551 666830405429856 965021247209738 726474774447227 545411098638631 472347880033018 794404947890519 506171475771189 761680552389781 79920392209521 726355731615570 473389236094838 234624409436739 87456672593486 123755780031373
52075103869665 46453044704772 800771849615687 801324971471347 137371482205247 137371482205242 514748484931449 84133998076101 697543465446014 454839689894987 573153364696187 175335308889037 616729755341478 748904322065815 717359179236367 787549673749512 695651052350130 332459282841131 87456672593482 895180629120297
71019152990325 221940669368504 728982111983408 841888891452800 789120790240621 137371482205243 533177544716015 318781289791578 198153119783378 198153119783370 198153119783370 198153119783373 198153119783381 251645783215006 337762185267822 130542080918982 771867892832603 660306068142969 504439566215062 224339482601040
715545366687986 715545366687980 317302532589020 226976229205000 330443439740328 821567578304814 533177544716017 632465001063563 312425167458567 198153119783374 625310498032211 94271667182018 950241983173193 251645783215009 669951838335496 669951838335500 812038801526745 812038801526752 241131189700881 63270690822594
974629438695431 715545366687983 715545366687990 715545366687982 330443439740322 375275779773998 652891895217708 143670642413084 223842101544394 223842101544394 409041352338774 657785788411990 472950389351342 270534602342593 967484162734735 249716819980683 708580146592403 431291315374119 241131189700882 144939352989774
20 20 262017200474651
531405776799710 420230909085496 238351090422473 515637693902618 888720935938674 988805222234849 57861481992209 365716054125081 592244938558795 582612623794325 840119062817145 193353605314400 158469968531521 423861477071789 513442939460484 920263815206116 735453546951781 976716630786692 99055381345535 819748790421071
298873511507616 57198781978357 298146219652759 140841988439084 177205062059098 219871545594174 956581928225862 188010196098671 539562700196209 606756196642063 942203091334401 962934668590544 6860667192107 2932836911158 808332907594415 882268661103417 603012330123253 730876515935867 956926406912052 932414849868522
162223417812283 5383241573310 243127939426763 273196282938685 428773745421962 94333040847566 241603717012209 314066161601645 725730067890488 977833939301 719872321385119 214798941400927 735384471538349 718668493263252 699235417361073 697189069860688 880998466229860 505083420231036 430527045940065 404771774750348
488764166634093 746984176517046 625064677948559 667778777064544 109252579889946 158779084316077 836350002140870 714786868214785 731780675577040 144557307110193 969576201291450 155940243704037 325768902158082 616789363743294 99904193110874 710312637406665 743898753249985 719171494631743 125942337228581 593925514716748
146980862134378 212224897552121 419824598365188 252305102411190 104255660080287 306726199735532 872623041654398 708006864760854 255547600559615 115728885240093 602028618910345 759116522222884 504593553910603 291034508802700 489021505264032 603000774612723 412145912774069 329224744865722 471046299529456 4047198438886
474638216474538 62383888695434 674120634663068 493499242651538 123199309386316 612059130388298 977911523125944 890128206673771 945547363048763 974747122608022 626439651957268 368495379566294 602511714718072 649171176012900 172355525722598 362218667040868 411567261991560 918270782858845 597504348791608 260933108146063
629780905898456 341719594709200 225863059560848 301819500803581 789091473959975 350501652724498 624565818097749 710257986093638 853050078296171 723674342488325 785274599985888 52085754855344 485738669415180 667055779514621 211374364491889 438174343105523 7999875218524 284050833484573 366410540507697 704738496377258
753386632745927 741772479116507 997746124118670 779147046415422 356198588984559 353828169124245 930266615742808 271268122351564 140693085283274 165886047471913 666949368232051 52258071321896 542200543993211 450062936797805 3922289104890 838918260503012 629532054462821 984302968406082 741560091801835 180219221500739
280050708789826 495551949396813 368169730686034 210769893435370 583805797484221 210149653589785 12370419794967 56332354807014 183619614666701 405168898366741 655108750611540 101216469875673 370287051486139 989541443233105 213351321677579 292051111574553 160667145171614 589386509660568 917969252103329 947680319847516
495176573601102 511033514032692 715987977807322 986078426833776 23646884482124 982186460063051 458731581762674 402633976212471 14488943816829 897769396028888 495554670382809 706169511429814 530349426910608 192433642528930 796409297969181 664495905137952 283943029856753 271250810455045 656606242544698 302844156171199
432833047564155 697325121557912 918810932347841 642758440736546 750059844277064 36780323285265 222168553762434 314981128277594 944198113041890 907551731372621 913163287162402 56765224317738 695839293768324 887104721582455 897675956287857 78559894244618 211793735950716 28719544987515 156832760000775 279080276378873
262659268250526 714698320752000 869851296649699 330921713431134 115238474559877 141658895600966 88787435415412 315983233377255 33741722900536 164822580868357 134721257468152 79034096964481 574013388508151 676892132400117 229970266664488 288725861772217 364521841267223 330484785918630 972159091687616 967026078927443
122989788235947 582386505444231 794908311417528 718080137178948 460360378956537 952496784391306 770885244715913 509375483222828 145605736954491 570375569267425 14370272178062 663676967311095 413444426420742 995759598347248 785320705624778 218918317011474 468970771861733 209300592423888 445544592590260 110052161985407
41675231769620 484869714311308 979634647988856 619371298396846 151050915526066 910877093891605 726317903828338 346154466051332 284494429794251 685279788024622 706634247826678 591068897862837 403717039419769 929879954497217 713281512473204 125319169920165 17723398663678 524772314139489 769792610612861 477130411035150
796237516207221 874488988175301 156562965073395 550182859031013 237286321348248 961959869753724 727807965483684 757319358180187 93650671796286 228359578426875 63518363719779 462991529084744 805274332367291 312011471980754 729499857584132 78579065495482 691965771653819 758361994509831 694643295069367 730475932001738
242619754216396 796793350593947 777422475284206 845896954635943 735629663103201 64480507213683 523095493077816 585728545108486 525703820982486 61778316675708 320076930161702 890088929945923 603258054507048 302964772667001 682549744192978 238124463540623 767133712146995 987558265095362 470262074730638 574736311005838
934526432986467 932472664693174 631897931553709 17471050405947 584894446253872 906155247971601 668258792130121 692210442383137 316538778557581 905927215367588 804898030474132 36153322118251 637002012822471 977731191539030 834180383787669 990640573787163 645189758838270 665360177760877 585789362698819 114480212911600
47779909879936 404394904967578 565130094906861 122546861805495 940410065483482 501933917894792 373369837304463 364457795333007 761968724525153 895665022393520 658843386768792 367707458515076 516712762815158 677023851308956 670136202199147 107806399763237 604240440489281 365916956530587 371143341370479 346346815045339
435784802357422 809575273835400 861513597977343 261246186781218 374163407737631 185168421377570 502772356553440 106819184720621 200215215761962 452239586683139 807245742894676 941475460528129 318418192552144 416759695353675 129929199854603 411908204313622 795815971040095 722211348249300 744941266091079 626873023871680
674635181016974 904259998006729 222966059782949 757346990713816 976276176915364 183502336565452 465142771871296 717115067998620 84308318271778 612796839679309 95565319460970 200538328598201 941766801935708 478788509637563 280847871602473 914916798757400 480367967007165 693132383516004 356777487901275 792791265422404
20 20 321175680829369
422878459459860 936408228064074 823831170339703 383030217957030 354536162662987 195838728733432 95228052794170 659936643723585 556347310384550 571352025700247 645455465132508 466990354435108 884771246828146 616589223532222 175886922932158 401405775066068 418447749999724 81428156294388 756282247256950 888139259964452
809744432047329 182341073999244 511412119803530 464228152970042 108435666369760 478333661658518 668986052905895 220699281744428 468450041098578 982579627755607 392189597244072 850413071886782 980143583145896 838627530434185 895813047065216 871354153460505 766955757951599 361289035104798 400974824258938 293126259258546
675330072419353 540012366187965 370734820620687 806871547104337 146421546679730 764932174096447 618943434388324 932216063000179 131411620366229 980594334593946 498713975327801 76774910917021 397159955402570 628321754659989 575210784153598 750096113238534 582293196501603 581402702245872 674820517954349 672602070154732
199567613342640 268621559420915 189883746127780 527718152378847 852294963691342 761570577926131 968870098415927 889669804379372 215997871809372 430973856269758 746861880815606 100061178666060 114288614974648 882162687428448 339677745066353 856382842817892 820780520110300 713986528495840 915051998711987 230741347091530
93113676153680 367891320791352 639936315247050 23806868604458 659389598541544 47076051584231 183412673961313 91612394083321 60143433064929 252343116128700 431472964089887 597758286068013 555066516043867 462175814615887 817616122472116 897713248583733 344429096653788 824998590462593 402551497809090 773535410425426
847283520648309 31562226595832 860491176771687 725851292537873 817616185830135 176332958712585 272089822800949 750122143931564 874179551746530 858150344242877 325317138128097 794804339892475 416029750918513 870145173811614 435968129039512 559262162074756 797669986440009 433533323208134 242907655261217 839651835425143
416715077997562 269860451586216 741698654857053 326136128074003 791818584634027 807011852630134 734644755139585 999564632983651 506983501977187 238922525034659 580350514135937 515042921460369 850294684520287 131878231425787 626094196312647 721348618027172 351662102205908 640276911311502 746903303773952 312118771610588
966795700977039 679812229695791 192127407328780 171229987363080 361505974068180 32255026040923 979023112099592 708692721978690 280141356327407 285509113028876 118039216829117 118506340632522 139878768195744 897354219910459 935993888595688 454430880232030 526136638234819 136514234410583 790404187927204 804111217347452
939127438790431 846983865800253 671737499126476 874580747907450 772894840312070 12354276938776 841543862064721 49566756634566 303166731459155 651928041008838 884934964179563 138246346529816 125939105776754 562295051965008 290566098627261 870211418547156 731365243376818 420529891861650 30293984300996 359687059270054
761792642110288 27851137348782 440854813208415 102952369749396 889999457115428 125564256243473 505825544586022 546459052767764 868096084520008 96780218272081 693749734894761 445596315252647 431952215409998 913988055768738 857220231641209 358741447818894 648744931117076 258831135928549 285479594501418 314982663820793
402130199933372 222704620520504 696227899684520 878976304549609 7996112750078 57725520924029 499312582969164 362205749139604 727966506033914 395084851920305 479143006140006 550857767454435 391781223863583 684240610696757 118213764368743 85198462469314 864630314263830 545356957622330 58725240430660 303501412778632
82913775742183 266820224898121 876301618111095 577168387216783 890487111794895 60068752746772 909170113603109 430247610404969 153851799049303 424601636162175 146319836058564 868578078550484 399108459934405 2323958554046 154895134138552 770093095722427 544223569709691 669853259270975 28156293730377 121938627415222
840576593756339 336171112798336 879954884773237 587135396877437 106036759654508 460561080005371 169119966041820 439420492144451 122230636969007 400329998589554 827097932221242 492401882208864 80032962601640 847656109741654 862127220426031 654137547454101 580534117420912 421387964616320 551462207269367 278582340830193
971676700796662 552220147771519 102556999486492 462685140942191 605707716587146 321948036586887 585810588650648 780664095518263 422174174465680 973838395982409 60446475102279 854844818233144 469327532159808 337067258418027 99299347499825 405110912157601 513709275775674 394184132032019 706015566073250 468121599443116
60131959885228 569057272061254 930439338508907 544191296830018 987582135835331 914364925781193 318845955088899 15295667091219 760901149639134 735610726493284 461231667207322 15818267842718 720191082967925 351159179636853 611417279183777 837393212071504 836228432812055 444578430705486 935904039367925 647152224043896
217367810123581 467731267702360 390249520283996 216143873279184 868642138246216 721205815190199 437023255399392 179376007331918 509781017014817 700173249617575 826747442560254 774940101485087 159764816232722 32332691224683 569956867614825 275955607793285 372876030898016 139806480643567 909559598961431 516864042900796
760223018855356 847665526346041 411330869062825 269862110683063 715720730175511 767957326484911 569197888299861 712427671731089 644632011954457 84077639044954 422699423321252 8627119320205 186215780669088 311839630856922 433097508023752 240313504896211 102823324104133 620745202775957 63284309414343 418610328283666
274270893351272 692096270732786 243135527922860 944598372353710 52609587283223 604014058689862 656771261697050 951814216264765 965412467534176 256996006679399 262448360777151 230172304249978 181161908413435 229366307683546 288504185528214 805973327660985 604268043616216 362142470565202 246905345893330 46464393424135
784901277653912 608848622873419 579887787816347 121822108850926 191578294534502 146100652994461 740136959804933 732337309131721 374223401883269 641791118686356 759492171239492 441910961638667 555117390509976 362623503789217 152285040924859 608283054532241 741771984118199 6001905950675 331273170398647 968589014799436
996695001213785 83361744243884 153578035431659 159733971057627 997929509695593 967428808412530 337158158470698 100007901980055 412767477388060 533915036889576 386235079361002 249045844980073 664248229773407 918184018881368 664598473740917 922021420112744 917224227092299 688889844164272 551493600339169 292906380279226
20 20 48088169021524
565066472366075 723923023171950 554579142614649 569729476831804 290824320743525 108850233108859 659222473884040 443020413991577 63862080278296 427238774829170 101653532342725 102905785537134 442074077697064 136937100203405 674181502625922 500079295375858 271682813579672 512568863235281 372861708805730 864394902335267
22777179376462 935795273953343 193521941064675 488337035855043 125770101920929 464010163018961 143064693371897 42942813319651 180897480803683 998101988680790 999564005865396 485583338600035 468647034030933 53955497981307 47243893119349 664371819484567 336645908550753 450719436276581 670490195260434 918965364064093
713904237577987 122084351652424 313421491774419 604587886261937 232671515481418 716281384216710 110887177526547 137531335725829 276653288615852 258962690848039 211670108199576 852939382031834 578887628767342 556812817269761 558818009748699 383049054277948 483189664056735 802938871558211 555817846710537 372721324157915
811598240307469 387849869065849 455784892113815 572478775160318 363566401259111 444883596657076 484087988286919 276534163493141 261099269821122 284920845152795 65547191122616 941529041566091 985531065703610 74607684609364 28432838434425 760035188738949 231830281174329 969305107042143 524687186333975 936963184946002
75084763528375 87175212227271 258731804261676 22940834595394 20359363778529 833454210785367 443794175800876 807318650194219 373573844280825 915209484863737 16461338097758 751292202254147 544644093724730 899847426046505 179860908154477 159160050160022 779513856520893 232654534786730 741686246307655 721879523364788
612418963312578 640705259933077 631003377508261 920022231738240 31212094208655 346872861919555 273181610803041 518034842379697 524716119163506 665892277378818 758214593074016 986521503094342 366228354766029 92813440138563 127436926309471 474997796645419 50194875297034 211052997133199 381596804150032 350971126094747
840784950922764 914051366522346 897899666624689 613425304662433 958921031761395 867079537751123 229102170492328 191853865167832 504979005484907 186533551011091 125458323867416 620051070475293 753440595690996 376675443429773 231195354400091 5453134791738 571483743189183 898071687962315 860510323380669 902187956960333
890272670850744 881210600454737 856183526157795 189510660500956 641219499705842 72102835606295 269951352216785 239711821427683 68495710439116 505095523147037 49604452077276 123536333417781 114532138437581 140702882970692 325021741168281 362852202428784 459995213906660 849792014793567 672474373826768 900406008896769
391439188560486 584937147601972 124133719323958 310982558311616 524943355063050 275303754745518 930981987358695 469868363994091 401988339901760 384764413029720 724648102412984 655535037661521 834724557257543 166333104691383 343704494331045 250727972238754 844832799795150 627282269599407 13939396546008 39880897579894
422675808900120 134737174621621 315142389499955 297147811601908 405124055710565 681032899641748 453524093358606 313197780875390 158252126861474 529624451160761 568151929153566 376650971042700 25616637596156 142826173161410 468039969597061 387058962942594 297571435299438 277881924429313 184481249106283 751707200357415
441080239887783 161800619514255 224843199644597 320974429148330 795579632445327 290584942516570 188055616576115 192655915591341 173243851713094 529687412455766 174539438586553 885742799013047 162395991789220 692172861989139 508828220698891 438102320916397 741274595348446 964915223444840 937512805183024 967593186439035
296217346989648 352132198491890 568112745817130 289685384566555 548775306882626 936025596748058 317512420657644 886521686401789 750942210617503 746822765675585 748188691190612 133718684811728 236739358241297 382390274629686 404180350890906 557072848423426 194787901685530 31417376795879 891764938445518 843259174395461
867153380877823 312977126714926 885323821679633 855403318329437 69020192354732 683470653321652 783316505139030 153666654569664 788882960480384 829426828247219 112206415148528 29925410989989 861559933157491 216982700774442 391408714055901 590558747099385 911782366116077 46424356702936 889965268661913 370289195107774
96202318764622 50705963769496 38295840958289 630719099675249 639467892885115 472401360214557 758519595910968 160242477407712 199899120986404 884482761255692 152985160912820 43849839556415 175881732789816 367312059587166 117110039492158 572864241469234 112182690794095 404333097462463 434437285869045 513947320613658
50828379919773 737763547450471 851853758147937 676435691994089 624751881235851 442025831997563 484330847046764 703289479937059 16135713014682 3182281564515 769306970816220 248271900074407 203182484284398 40808084612424 701282651579810 811674745185196 539750856757465 530748680085425 513503379428395 736119356589802
362488756470835 511727251784349 873491688379652 759733463625933 544799666161166 482046843866361 621905227024509 936159049720475 257738881063296 454799240185736 993443295009476 524012058848034 782305868698059 424747385808889 734134532874951 392286746084383 512972839320365 220268422041497 293396722632973 787509087972707
93208655060655 950734108406341 903081830449603 101830080554965 584088954552438 909985199318229 611779231810271 482092130690314 784551466171139 479162184353840 15196135097654 653219452555182 297901391933731 350198363754701 729295337159098 263917763520770 564272575437409 461265980734248 349312648588980 363227403820983
593765207128144 467570903183372 911031157786745 23447872422552 26084340020055 749308419796803 788616486709431 391743132796354 469776645001042 473226540771840 898069938672397 686966803949155 548700811533380 99376445316719 300235852879118 591546260838520 224301194811119 602449803094245 463596057276514 946189402549377
312315008524321 440311276420045 745688398389467 644903771922037 788132447178347 803227970311153 795784325522488 449668634362922 180787228846942 978598115728895 652748662695750 937094385525102 377206087023413 257203156590984 556390875996836 371126007343828 545188734447043 938684647763700 506938388475049 184734508122029
963213241478702 721982143895532 281105953611330 235121637699881 761029017197455 808370268257724 466919106241141 316415392583367 542605350094243 395748179769043 970819652261640 158747877452622 422951694768182 423189731101320 515206360258123 341985677686335 395113184400107 423444254731778 736957221576925 173591919885936
20 20 23
790900830802476 163175241322494 58589254567060 127641099371027 498382941696003 178727718083239 453845049637529 696230065248186 98078852898128 567255928985311 937310995450844 482284153512663 692142653998317 830706389039250 221505878224456 953536070255170 475341674219143 635598770839246 3608930493966 661258017332800
126475430872266 440915393604026 982492991452442 48499133875775 33444693498689 959412483732345 699878416264820 696230065248189 908135057817375 477956225949428 72926421261060 317195243641636 166591186215771 434258594673361 434258594673384 128963837223923 605578313932422 55340203532103 3608930493981 392239449436461
918914997764473 974270513281772 897037451855505 680316898373598 244674608456212 430068211231366 152823823157271 613074442972905 578684171886154 716093800534554 241721438931862 153186410360134 430115014867442 473608298572171 896377871717126 463484364469976 263457086588964 629896342750055 627717588596324 643295901830159
317636606537141 890246564012891 79437917803717 79437917803729 79437917803726 848159282117326 848159282117306 901175628977070 407046740817534 394789316525660 271728778478640 933437611380353 354459102335325 661085041527189 92551157662254 699353560164728 237311413484184 613270503717758 814009144936868 575760036335277
955284146304037 955284146304023 215011578461112 513319167329772 582459573388118 759723009140208 704997864953996 354349728487099 226019817647570 82498537167081 445171507105452 922986836216250 816984247411388 258109828029878 846691946052615 237311413484163 237311413484164 613270503717741 237835943328625 182113516188285
281620159583707 20648201230804 736481480901448 491561819778051 77266038292243 759723009140231 278487687887006 542397081998224 542397081998211 985941202635368 631232477406132 922986836216268 162180872918905 162180872918905 162180872918907 246927135647833 80956349561454 128834862111139 237835943328632 482044803947335
757623815526012 757623815526008 314951188355238 699398261229262 300207805106783 977873379985566 47316354946543 199022206221029 464849776746620 169541800089267 892005061607238 627559941727088 161496481032175 243175259079842 243175259079832 956013268932751 194063290548411 272687416008619 295103036167022 654406255712603
930483996648801 757623815526031 183042190298 177365030197949 860681508353656 180785491172273 379801858474756 464849776746646 464849776746629 393428329756521 892005061607232 867277895175797 731384020707633 455829378440663 578536333180408 222190813172741 71879724384071 71879724384072 647001911814946 701970124336779
222504762662933 169243345640241 394161760319613 386744786239989 386744786240010 333177319323728 458652251232873 900323114371825 65523652034502 374385397478079 427760100521233 483565082225824 731384020707647 356108628435261 837395425452849 334026748080692 34183943268929 906312559895175 251512195930196 701970124336779
222504762662932 567637145608262 915993020479808 644125343734708 532212907455921 532212907455928 192910484481264 716195889670508 493903430838645 493903430838663 493903430838678 440153901089050 686785205748983 691854470364798 474946343852647 115170228685072 265468436297237 158541380488499 251512195930212 713564913898669
556752201081721 37243465149327 576783508088779 938807661862592 736290659057881 644239914376554 721394115841047 301689858802518 727893800454029 727893800454009 763415977461134 807630070421381 983819392857404 691854470364786 719607945367528 701278987529790 265468436297253 283970127404965 146886736142823 642744798494758
714038595498352 618659717903268 89945880933870 670274104832676 989406333847065 544259247565720 376186587774899 364654870846371 657819734727984 727893800454016 698648393399835 570074767508629 307018525693490 854725226659486 293708972555615 465339808463241 308446043630802 24181195789544 811203963859290 337652810199437
278216100084981 111076379839015 590924960286651 168472759626025 321402502765289 103354701540596 622541102106388 780031346446428 657819734727982 271283667352319 993801281788148 570074767508622 166115319158234 38106158885246 125546141877659 543091237429081 282213067620828 874641524945163 914822995829004 822069797728003
192848335722386 140962895650032 534736069467144 292881418353822 15144610749119 682330404849783 343774127488560 130245790089617 697453504882090 703396918761643 993801281788137 946124054807353 254444209877006 325420504851677 520318099530370 474419303138132 168891252680680 579126950677995 654023565028060 84267940349771
930348470008254 477354807080414 652048395363205 607146317770799 474880670131909 82745875579219 76288709700877 731921593881888 25751584720853 703396918761658 796190047948548 127960279562191 377452884015169 19876347426057 111923565808413 318437912525186 310008250836642 579126950678018 607449053497650 607449053497635
409662054052275 960970232477853 357836350902957 276285348146750 790530097069396 647413143391726 76288709700858 116370664606520 947507815015440 703396918761670 902388074537072 943952238984292 943952238984289 771904145725436 665759021822171 742094277420488 742094277420503 905752598874506 697234785201996 711276900862356
380587284824371 304138333189221 105984665336078 782617970034529 468233163341660 703277159261248 359614840075890 47104879867449 947507815015427 809136125334004 648411435999113 448181256759021 448181256759033 884436475318317 680382050153880 957140335215697 823481394861085 905752598874511 596646823866654 903335261374311
644014480195300 147431436177784 555894967217987 566707450649951 859023351029050 916977955602804 94499998635155 88832409069688 230119300028585 154311614635486 226015635591943 758261194759624 448181256759049 523505689206929 523505689206930 145341519432417 293086440857363 264395111986458 835799630077067 177981936816222
288757044569722 99874162021142 960220825080446 92350731959720 186593567974835 488203826697164 488203826697149 488203826697170 230119300028577 540016623236981 502747859108148 802869682660626 802869682660630 565635641060201 523505689206927 668390988496683 192899446167522 601292819014790 490185187302576 490185187302590
78939084807691 867773830465799 697747811348569 92350731959741 868448869985583 162314609530845 566814649728677 340748331462561 979322840999764 866218023811122 673427925480256 460063670013294 460063670013300 817206479294257 662800474671815 185135124209897 559285589369177 394983297750828 996053282404902 171855239246988
