10
20 20 214057083304895
154814748114717 174193783536361 129732753995782 11144060405224 564651387752010 742117951267298 261249416268803 302099223023299 353815213788812 393801805308958 376114671467261 347608097625334 720297738239295 672153522344146 476338360170333 569480261990650 651778565191354 869381273192824 163998593131857 436740180248996
750331721932278 717828408307680 969774939508004 12211604930147 234620937364934 201852890233334 119670631638862 487349029880659 641431749402964 247054230354326 966763157698588 202001859056787 765819487094532 739453384574382 354369310798023 408694625702965 585607935197591 614861366769836 893334819521870 420667360236051
6117392815321 194275493230028 421028196037942 181992467325639 221945618671964 4955577254486 961938350973528 582383356956025 547099918845449 191200693469465 841352983298815 657227948902794 809741974169350 901627704914453 30213979166539 181823830053347 357090393389815 714283640440518 538692204593517 272647030947711
208947575113025 329231413736003 552000832825920 268060110273404 285215173617022 741732924058490 743467330764892 668196653306905 179755565835343 311827297961387 183032101290871 711591360579469 80931460168342 907984766818445 164265540840029 395911660132870 239323962802051 43556554731426 31135358178672 641869297271828
391017799173763 722634370067544 668615573695718 512863404639153 422894359681986 872009077950094 742369342093883 247399707854192 245220422669468 327808389840164 395141531834993 264901038929974 59920205634914 87807478156647 296819671731782 362068582672956 330112524693414 43441468967362 9269576035412 62954122777883
63069722620778 729280655086392 874545429663177 35940334091493 77893887736670 979740370016510 347608105336812 500066682006460 380377922593353 139008695597679 393233822739772 625589505777290 53279542785859 204946625561112 81881822592604 745816696521356 401145458301114 504753839592349 566375542194757 163506921638879
423406714726226 935266289793615 816008955338291 468654554968150 457990451277219 708394830880515 615045492380655 531622673101895 352581017056372 63689147616943 321601303410804 442275255006633 556846026122689 227237427482965 10349765016396 754813496731197 116376678638730 184105629397762 349794154214382 596416947157022
653615402150887 357791933604708 778929703828545 513101822238774 398615049469705 797631238049219 271800946466195 922094907291428 358775933806076 206370819845690 41330067470081 492177239674369 271284226008472 526766158287104 372091305902419 265516535030127 236274686677387 161837478314317 945214180800453 791288578024610
64202260619797 911192487804951 288226598287024 935298079615933 609276528930097 541545823858713 383892334370239 806288382503220 293162518298036 846995574502925 332983955461568 231944435925415 531008443613980 540204295459207 169441627963772 589673247330485 394583884394542 997818768170074 281214564828476 810130930648649
366562145914470 936965021888462 802284624680046 349640269532615 769516216745929 325350398464963 449124036504090 613148284844187 615139877915058 66601631049178 580133159026302 40039226501061 20452070958096 117201456302360 872495890968672 383767344462429 422534026642595 771688701989881 349375282832626 868758509960395
626654979447765 155134216124202 656416458931842 573261697644247 900641252376702 642228199969723 737358900838773 239539240870604 763401937552096 627305831605879 324198659219027 796400408598984 283316296167875 304783684956220 67537124362393 733869544744133 717419098143090 580956023652506 870829442228539 29132967945500
24538853385406 76279143437847 716855072740695 945340090422712 804100354411381 338875905938331 836788772660389 549004695348835 177551848797156 414891360655402 241171659756602 419482270018940 309575932269357 177081237308892 514529094003698 543301883330147 836451950083137 295160268055047 684800424855683 271941174520052
984809252098728 151098832285759 325346242062685 899384067208710 543830334389462 926885146576658 218496077100285 22654924365161 104965631236721 733734793967850 60458894637443 277808559009695 231244677902137 131246646343730 466023178022415 384860707589953 647861741126060 708546147941628 339514195588394 997817381942651
6906223770551 674160719392012 749956563338337 583461264706240 41169685403388 2685814511823 371980644156055 694861356516930 542978979349555 37164587575104 407781734834308 331177588299522 37729208676083 65947429099416 661759752080692 551032001563390 803449095444017 887276135143726 515599699962836 294724328907771
803369846423799 981514762291793 464166205316188 610816519531366 108170326611871 396387138529903 88536031443241 378900185222034 846134782829167 271463387081791 575920537130494 471609520394581 114302468313397 464146693758820 257721065943967 410918343464301 981268984977612 881245024960972 732515128173994 628749571277485
176336638712203 453706781608588 86622481177581 14487077891545 202282525350908 543420696470188 332595951316926 850699157308554 848804885733273 76962394182087 309570456229042 785347958714883 63157031494468 908277966318021 143631137146462 21212735519770 821833207720083 419071207933066 120302685089521 123708102278863
741452666719558 616414959587764 586873820990461 924059198911680 953611673056730 219480196321700 930656058661585 19360295119276 894121589426789 273571235118258 541305014200090 463737939342981 458693157229639 241067875143297 692901182794420 903298662122212 868876635372896 649578219039238 28302284645405 324523953249944
985972760259437 90929452482510 245805786657118 253338256903716 748190264526330 24890338255687 791924254068947 713737089685788 513443950370290 216860472426950 964764979660461 819424134340816 28354637764743 875353591921314 118521585315574 149693131974755 82038953326316 379548974228691 205745557898330 128912022076452
918928420624669 937648203548657 753823298459939 953422493389813 924713359373515 721702961453054 915475159722308 632861314183246 522804259640599 160116845051648 784422508529328 658479146465454 408561687982105 137113721883994 740411277801568 802766493067432 93419609975236 404660862698273 234272848590910 922751786131448
501955496285263 579368599721098 189143304654610 68700555450285 767236424290883 22048552520627 928051015338464 452242661760747 569463125774202 493018054853861 332344033748534 459498212824921 375305178040795 592616718779704 800282685326744 943087141839743 135006566545821 413968836930677 783385175547774 660040214682412
20 20 54
379943869139549 808053619864956 941869072553957 941869072553955 294580414477536 997574987880259 229541702505210 24032103129939 457659003469558 660333935918556 546099756627729 533748173288103 94408260693197 793472084499552 232375155695077 560630345389119 859629384145815 287333770082294 919047594810161 596283227445262
379943869139567 205666636315913 155813124709337 155813124709367 68082742833015 919923697995394 961694991703062 691915676762949 102295187802114 754767427862210 650846489111927 461595965857168 685552361245377 69099211455087 231812980157246 560630345389164 34641849372508 34641849372497 424344187463315 224950382319080
68626853767764 185903706158969 383223926856801 992436296932360 598213277048016 856999412300828 183701324928785 802975792275328 953521306185048 754767427862181 650846489111908 650846489111870 263806160740915 57662462314950 57694004104478 350180138177791 34641849372547 338786320114013 307352481269979 741229753277296
853778383758699 185903706159005 736869357583539 10017888210726 10017888210771 10017888210769 685283622260779 726037905697218 844509197289000 754767427862158 758773782977334 668139536795074 859843724842275 979794283660814 20647831568669 20647831568640 893808549962298 748252461897222 744889762014335 185599899960004
354731812261227 478439847465461 787515154226436 946639240716513 10017888210743 344735329683347 685283622260819 685283622260872 572773966037104 758773782977340 758773782977353 412962658008798 20647831568594 20647831568593 20647831568625 19081230245781 715706252372800 210309710107959 210309710107982 185599899959967
462436158686050 943242946479807 220255806805210 919152581918165 274576495692551 880513181186186 33688530098208 413558808510906 557007204857917 11581077009046 147670007773504 333810552437999 878422053905266 587837852329827 231895477105776 505128153160059 814740799760093 738155260999983 271842756325105 271842756325092
215610116151535 113847383322925 625784846836098 919152581918133 909056806042748 880513181186169 357978935078723 620771691623621 885830106601656 885830106601666 582319357776994 99767808364343 870556237552737 463659324212771 231895477105796 408743833154476 137920519504410 850842083717343 468517224763718 442037372396459
145998243306552 596722475118327 142748756737080 493175479690146 874776555196382 844652666789078 539340796225924 262482481410266 447690954705320 447690954705326 956126619121082 686006756879537 657716582033236 602144452907178 409908488713635 222675037258684 137920519504435 753481963980161 753481963980198 116200139808797
88070285973195 287396755422855 788634292029178 52507042585037 100650409442658 918791553114441 49120383686436 678108868323908 752454247367647 549654290303537 548794329652856 7515748532311 674005644440155 22953078555844 363944741416391 243044169918039 265895859117918 49828779257454 480468608992234 116200139808822
801774625522968 492297979632852 657438392068554 461148451784337 132723313660065 918791553114449 459144583395861 97795912399163 26043481865753 549654290303529 777098709428467 777098709428451 420772939984774 22953078555838 22953078555827 668834994006801 30924289564458 235443354177219 768362982972683 116200139808770
981558389789554 47519163728689 461148451784305 461148451784287 132723313660090 409136558896702 270727971378007 928580583279970 851541531595973 949640018020207 691108266294002 614046252675125 21091274749630 22953078555863 497939746788437 978566687462403 862706937968573 543074185074391 481716917769292 277065370354111
477617144958054 443703941241482 559820563612079 454053026539759 127510573750187 409136558896666 363205230349438 866838056754887 17746033872083 299860479153484 544065274833745 560946712369102 518240597822302 22953078555875 327065589605914 485217526577728 745832246927258 840359122178441 596636068590297 984414707293309
345583421006203 617126353087114 834767642863510 454053026539809 172454301771818 773334354226268 866838056754904 866838056754868 862265228538975 24153037339228 336066994938754 341909437803085 341909437803081 823277385345614 524204317593916 208793419015118 745832246927221 840359122178475 596636068590279 86708393136019
922533344254061 846264846184249 846264846184294 839556327298897 977308768127347 570123172064666 979174925801998 979174925802004 979174925802037 325354555177231 595986889095464 18321207248677 21636020293249 842281780974397 941900043974253 285098245628726 895605776118294 830295046980930 232632076436529 86708393136044
888079643243003 694430967150972 530367501748932 974863994592674 833364903155692 785790425865223 796176497859887 143202653118610 624891687242230 624891687242272 582644313282137 660313911889994 419028836461404 824879081769596 981515692524348 973001122588929 255863445529718 730917241300840 730917241300806 87831720297035
888079643243049 940421807023919 940421807023925 523471491901449 345145014478395 362697968828820 921333977807983 573538480759259 624891687242227 637311511152003 799083071155843 694079456830894 346988323023197 346988323023191 981515692524398 981515692524419 470498650493347 430104754509986 874029482856823 874029482856780
586311452110589 369945487397927 105773214949620 544687696117851 546267241640033 362697968828778 934869513713179 456211325051265 645684631208176 111589946314649 114926865581227 114926865581193 936389468410627 981515692524408 981515692524401 981515692524384 427448751933154 430104754509940 111589623518432 703064178111958
244153558616336 501146206606036 9109270838924 9109270838902 420230924528443 803423381062574 877719760033631 456211325051262 966820721355217 736883696743126 537664178282139 399658142446336 288467825776225 647225038219428 562017598650605 864645701922233 451829070553730 811546282035071 811546282035068 42366790029548
107184944958518 501146206606029 557050129714351 557050129714349 803423381062488 803423381062540 947482581244180 456211325051273 481589902813394 599025920435120 233146132106569 80030610130525 80030610130562 647225038219436 73570848301210 916654348533323 484820641331591 279720983387038 64362983832719 49128406533890
741692323245279 709688137589633 915739623710293 56796159793740 697435389576674 294544253278265 294544253278226 819801260734898 811191233690563 539936048987238 539936048987254 539936048987271 841236520315071 198507471497055 806422437585422 806422437585374 20426643531030 983753713321520 30300834672936 149228941223945
20 20 74
316029965559606 316029965559679 766003800617134 873132780290720 778817230171713 321390742993566 226235727035233 884884837365580 345426720755820 215447554491272 215447554491214 596332119041002 596332119041022 836231645745514 379921889773419 950810933015736 344555673633118 667876244259040 134683364819553 134683364819550
563499097414310 542518643241150 766003800617189 829493978520416 890954561522973 520257172691365 495433878454576 82086456375657 128902991007157 417508498335838 212836510267524 166418519925290 166418519925278 164785803030382 411833632649151 896429946134856 311901325319209 311901325319280 625223414772098 512268496726282
579657185376878 729201493755567 446838069050200 88559330428575 88559330428581 676235470408537 422585416356914 818594288131013 997717284378844 839583905681012 212836510267590 590484231211334 558265387269397 555413059553214 278806408903415 330378348467621 330378348467554 787467337490124 787467337490112 105470695139095
537294633166114 521904840064568 598822170567064 963619939801954 324428121036480 676235470408539 893220539664015 839439625398963 996422973698790 839583905681036 843123151932207 667182093394501 572559904803541 870454030158666 658966761303474 988981996735957 551376116332310 396598319869716 946676362584566 221004435967682
411433060714859 895929895240438 895929895240477 413032832297411 691443550001304 583480599595834 202783844167690 617335109240388 617335109240334 839583905681032 339183050596360 515363127161033 555810520818148 870454030158676 870454030158726 365717526412562 750773054470129 233905783274452 114822785890505 180411664670657
150270344882249 475796370116961 963934532632007 704212733086536 292150171126378 443438745935587 285467792655828 265365184373665 422073289186074 480917371586701 970596592528809 932426337540107 499986850500279 691537613987309 202447798801058 365717526412534 707096325521522 269411546878151 991509613084072 516457830885464
146609204880540 566250849251605 779919396116253 397795893773797 292150171126382 285866723424113 324786444406371 611160944907534 611160944907607 471114841537804 970596592528787 398844434327819 916572032217623 941990085480622 69934343725755 858534514820325 707096325521528 269411546878143 269411546878183 718395972258466
162851778575490 325652348959896 110437168572681 393095141348923 345468314745341 61652246670242 324786444406321 284042929721413 611160944907614 412303504466752 865317403828577 865317403828533 441413545673761 200400146245653 791818150432383 354967987651514 16819310156468 679259221556541 152711068080255 193582655591114
784043921838118 41826479871762 186766652785374 978325666171516 92020343589024 121154040463601 992112015268509 992112015268448 669877944288976 661459286179833 152961988265853 987702809496340 436335019291302 436335019291369 257234194847544 786228259461873 882698424777668 992383894285689 359832912148395 338817175434935
784043921838069 532233499460257 39953642805313 173086012709662 235763631052956 174239570337490 218125638002506 387135644128702 669877944288932 182167921714701 888736542685592 546233513284391 298895743854641 887242076721204 710268045359263 706709150144620 976751103745433 758502407289306 944138172550333 759459274172186
295663934033401 21360272541919 5209574743807 239095129614350 61334578143857 222352906977500 367107566468381 344115922379973 667990192684552 351590263156702 888736542685603 735064478921335 94841931732592 510551556964093 510551556964112 366705544797455 366705544797523 982511328636801 334348150174845 250748813724956
789104764757646 851409419221524 203835551061604 77683515449554 321416645904239 321416645904174 11610689898539 455615946220000 455615946220054 998126390565113 480450313920125 993117565032791 993117565032839 438225858354067 438225858354122 907143026177424 277455839612660 171830007889501 334348150174895 5120050540760
982604443509101 851409419221593 638984311217836 454590926363986 578656122636765 499102437328884 495530234482496 934438724170979 281881135550884 519784189874545 684891392559919 672959408202853 86354594983351 918888356298119 216110897498729 207724241696516 66157329075283 171830007889499 188966937770915 219563314233394
74210068979385 310629396621885 345672256871213 849950560944772 584354307703071 305379624618977 527045423128906 934438724170976 541820018150524 660956685182824 967763185093944 672959408202795 225118104370865 216036030595640 514773860042851 115816030501677 686080160334505 886883240819606 285771010192967 711447755662461
614140683647706 348159761528071 562170021684637 602527486387494 385915392008095 821768016116657 223905135878868 717058159498699 718165863717092 538278561600950 516794292775019 116713789769804 609294722801463 872362683343146 514773860042783 408880101030037 791384452027343 893872117701332 117690668982103 835897290984316
243792144131076 88498169633471 526287509611286 569021017629290 595732934177608 575668749502628 892759313266402 558509678221101 279318480995862 675589928794832 899474630357558 644689857784370 415485291218035 853053357656323 853053357656384 96756534628617 911595698665420 732469959084670 868665462244482 45646740470922
248780972086974 569021017629331 569021017629305 569021017629355 573929611609325 730589056908958 307426172297760 481807372978854 775439697158853 675589928794845 884010032214808 884010032214858 767172168284961 873253709206589 873253709206550 924210381782732 934395413704563 934395413704557 340654632498383 684342486191022
889594999921038 662515882318526 138211920656701 138211920656631 199990709256389 530303496489839 875127582673637 653130786035062 820178978459548 495375169255130 67700764241088 67700764241110 970814005540958 970814005540890 250196608014582 891815384919658 705690962743641 392596800772537 632134085198646 163792452276462
455342522403183 662515882318509 152157982189949 324703303449383 696919255931926 20437063741360 582487524860891 190051840946571 311871876891288 130146750761791 106341558424161 970814005541045 970814005540991 304440529681844 156353690391474 972068789483902 752820839568867 766584023975849 766584023975814 366516651734908
548511689353865 795852556590248 631911075313877 916746165436562 916746165436522 611528770435486 375571402302403 878514267828295 963091205402350 143331731127500 483410865299556 656999384072563 673282848969499 97909045516386 156353690391434 329781917787357 689025288918473 766584023975904 766584023975863 927103220764931
20 20 193156800583495
743459164019596 1242778843715 733341222092244 631612414205085 559581673124275 260472398670631 879143895815103 857234521136742 706497475280357 953576786147838 856464053820054 356002843735578 382797882101736 735902553896207 554321449431939 581537199665171 684620787593520 718718394378116 519473917722286 450278262741025
723335745917581 812739164246429 467948194598423 782469445869418 784398700075698 446575238211672 301448365721010 769301729143706 95385798966249 640700773237067 33422229457637 751838945204203 302691037166710 779570244797643 944924206413384 855960070214944 161762170979866 816321059508587 334392538220083 511440707047040
224038069616859 990718521811170 432218045022548 382407703712763 552585814098734 613631762863507 625706661686824 606174120513017 487150673291174 673411546277250 57916590408168 584360942084680 175426691509070 676832461789245 61703118718831 737793851053409 680859995343432 662616112379244 228122747537120 345160810374974
623375571095358 239410716556116 64110128597607 287064459758604 655654738177200 812826849600952 920009186381075 584321960338823 200189241589011 505129549368031 733365367370763 33125894957581 162253622703972 860391928381840 575222789132538 562810965730849 326129443732693 364031775733886 5110638614042 470920792661835
180799787158982 282226892137732 525474887830733 954251029578953 131857329594256 182593982827182 296375438985030 465504789364472 306649147558525 170650602110117 312973671203999 281969319931677 9281360722182 681536151985858 329834689015119 541729539322366 567857042663073 649266687434139 245706862589774 249330538005139
384012188763517 530370711408575 479974219337626 331031608747380 514097389486832 11071472784356 171029312466756 52785187806205 202705225610959 840537981303895 664520070734420 253477948020774 236220260134225 411604983072440 235776773085388 633575340341023 375502058340355 981339221637127 593238375821912 533815748227994
369775927765982 563495511187374 70997083314194 314402824263102 361105586130603 994707206142399 3836671957153 203093619264630 622216598139430 427190069903519 235439909665289 791616395647756 639996308217448 683385189327589 516623058198256 944981687762526 296435151133166 933395448672253 840403457884730 66562389897650
732584021070004 775110297842997 752952427727634 880023801925868 293709353738549 96511010118209 106917679446151 284953744538894 599153890512941 811211637045764 301856229723813 340450853069515 893615647721456 125316988425948 588123680820731 5639426141851 22856237269761 882560848504875 898986499978405 182340612602957
979362524157993 961380688841830 300159148911257 766020632508620 663452941779198 52212238742934 345158238432338 371882257544459 848513327063897 915037608905659 554718487391950 642484586340585 671768154805582 134604312220637 673859621042934 661615273173643 547779893230187 83964266898434 701241104268962 138066483529442
934959830884904 36952856713761 12097978473982 443676030623702 204526584157809 61827104462456 898291055421778 217601717274927 697966218795150 409281503211954 788471000911706 524069195480789 341232620374751 233439458388606 7263811310094 301065373008768 417573896919106 164562024229109 215001814109200 179410395271367
533575655252169 325822400269061 113360694378490 510273954880976 183609973181370 289809693271891 452655003255833 927594971520019 901988411376076 892841552548681 237640982586277 767463708079093 426846612631580 460149101002988 432513565764438 483600583420260 604635838057671 429274681001781 495911197626541 85989307091411
969541583315948 735704369882183 629078726756663 532552996776482 713156688219750 182567264815365 520782761746217 490604192941478 473150385556532 404926372951183 731728513146155 849068103393546 726551704938214 346229478440421 242379371216870 391686338088766 529245045750140 641988788167656 323639645473185 202769892460531
443333871824592 864844098284428 576039430881785 915531965450103 607236679498984 928025543655513 817845539842909 186991221147780 258037992678389 344208491417668 490117713426110 868032407498325 39626864613191 156537060767523 443463680091105 17134749580339 570187927170623 334838280957796 651984986117144 429500303544257
679538667684848 647387411615990 873616553102488 310936850044585 942777708337266 611448185171456 316896039768395 63814231930174 543400227364046 712869922213251 609217417561247 499715790326017 304842191166674 631827116137532 314202369372895 426847457857275 985973075394993 178825406998578 976937058388457 318872412661568
551678915991600 5934570794338 262395782617013 306763705169434 317984344857555 658657472404980 844462999642027 194154110221643 370962977590321 47703730950390 414584660469957 93035202494901 298964756512697 527727473904364 802177044577914 949153404497512 772193720738798 921659185925030 423143957924732 840259542356373
15149454205752 194669763561735 941134184488853 499238432486280 242567014277465 541012361373557 307735706967125 406253454132471 203219172128739 220610117046741 692368830834948 115719030705399 1701465715634 499205106563192 895305942718574 256354660228605 778430219346617 344593350771144 879589824077144 396716227585407
227475610001020 302805129251213 323234982281126 359957885350734 160976373999984 463870203291884 492439741972316 474885620521888 165856742131384 686029325411553 733486728052078 755690969467927 259908119266231 302511964479145 778510464810077 991132848086786 254102113358640 94794274057030 529323643806191 51073492330208
95917501616172 524020554708436 905868977969382 904398355085392 65327050991279 391325433220030 595170126344962 711729071121983 270219619152950 579635864445873 326248599298121 528762118629785 136361435153744 36407508480494 668630198084239 202855301070782 586778071572097 851313289183078 113673925613412 8285610904375
619777458203811 528669679783140 23853443105820 62165112203515 118533844047808 294419778562719 735615894591679 6435840277068 535306168701443 574753767322802 21915816918192 683162240622590 285496607082319 116149129599928 199201565409472 250345612949850 604365504007239 332461209285877 826166119582588 803801348376086
681035057754560 604963016828747 899059503026009 963515903323832 973336827923131 163399435596782 594478498154104 957125453003968 623433742899784 415571888781878 327685362161777 992046117004377 428333053073196 482103932398986 109528536062125 990042817831775 70863929907438 210255503077764 780699863330520 177024719988510
20 20 19
789823125592576 59095676331167 922701184800565 196087405475742 399771641038161 594123015999130 594123015999133 69688927728733 69688927728732 486895706434786 279894547572958 355087967349474 859643067151827 808745807288357 808745807288374 504562027714276 148790320100847 556675430819165 717723748412559 617528981206098
646831459266824 641438836745557 972741693788902 300394426402257 546720409131386 17056809416283 68165051230077 501869600210209 386561919025221 486895706434779 2237574805251 199613605188797 744211989986750 317496594298144 830787965019225 51541140720575 51541140720583 51541140720600 964726372965170 145089695015029
646831459266811 646831459266801 984478605478892 120904907467411 198877430212392 51107697099820 473071999129117 9216266545979 164282630844667 55941292532760 497174174060641 784338118581196 713952817455792 914785853479120 830787965019226 558400441176484 429167662128421 874639864147583 918605449890995 149397214817665
873579287332497 863399538568515 831836893863616 427371240019809 683322433015716 278848834772897 14244571865052 353042966889642 514800826648252 519672360316922 336901258996989 172753534041240 541270378965462 111594496491210 375743992637626 558400441176503 734720889379298 681650565025278 60385254806965 269467771787224
23144293811640 789261211204144 779387914227056 779387914227045 763106242543043 465814959081766 91436096388222 519535330417606 675340221333542 936349274117182 229595202538004 172753534041225 541270378965469 698049217822449 940661575671796 397092398031877 749898593380181 604396624719357 60385254806964 592993877130908
539727513781664 539727513781657 636184209025806 637962916008364 147802138737431 372752405517177 844256111409930 874014748331599 588709072918244 217871818232241 11188651612479 627739797617406 431013754199626 504114070696461 341940641559146 230204221856661 124231378723847 736374497734840 801331853565540 423435901675774
179431577215526 539727513781664 740602903494821 552650895397313 160527875283086 264857407808023 543376904372831 367218979859368 577277309631008 52720665779301 32460553801909 788782500856125 484219630418504 224473625583665 341940641559134 160711409089003 724788484578993 808349685169081 220171186983919 709294229473792
528385831065827 971293954585770 222182759778210 179576523635882 160527875283102 706312310530696 259319483726424 354405099051844 577277309630998 568520233100388 186464728901505 369210785447061 369210785447076 542873816829902 109338536350804 637580573136103 527617075452927 808349685169088 220171186983915 220171186983920
70784762375332 5683543043071 962818943294221 245580822158430 795975718694496 843415579868589 694108802863613 159109826344113 988157178050797 988157178050815 182977426082363 182615216762071 182615216762089 182615216762096 284684356421293 637914238434514 683009215360210 311228223898045 726614615656698 569842180335417
726896387599791 386828619288946 179511233722010 98549162574457 914338330219347 914338330219355 272899504658420 106540935286283 560712539272773 376434712666399 843213268742575 420426575973538 182615216762086 182615216762101 44276195860562 98026832088040 85201197004759 567386273868465 906607840849927 501766873841336
726896387599796 505480722299385 179511233721999 917747089262086 271189313072476 627565364531027 106540935286259 106540935286267 928477237748686 38590891281636 184320098504234 391197716760684 392242498492865 958782195095784 869710575265474 247590396292024 568769309598474 165124887858189 471523999080413 941524964610770
179511233721985 179511233721994 179511233721989 917747089262076 271189313072482 927342548190619 628794751180948 243690091525993 181679558718778 442890199058480 716131583412748 982276901788866 664956446957152 766801613698543 406384485928677 693595893562059 321009736633674 261877275864108 799328322961853 653955192261366
424594611738788 531380597234936 655579879797598 917747089262092 332239415959816 634164594773601 401860133230007 511930551248645 271452728744780 769529444289941 769529444289930 194764407937326 84298185051188 84298185051196 84298185051204 433279484942087 29804706692478 417427418990307 807070658974999 324546701672240
921513759682691 770587345463226 714285320290201 229495206884474 698024445880866 698024445880859 59216430561045 511930551248658 718273437204200 480668065484771 257486131935725 257486131935722 985561028550639 985561028550628 538562700643140 892905454665047 197379247782633 37599911525880 645893394031519 356716428638539
759680642768543 770587345463232 396661365361120 543409611458922 698024445880857 698024445880862 197015816748510 180846778915783 552374820480646 968574385425460 236623715053712 194850719979296 495686121572839 166448531424760 703394015751954 703394015751966 287677286239762 786265186105906 668225556092412 356716428638526
909547251468627 972129999613528 563021343771694 672113683449192 887440409193356 760402533423110 149267843310274 180846778915770 202086599982743 486523723629865 236623715053710 825204000823440 418289607859465 894252091223930 920650591460006 179467879398021 277908685255773 508084734862019 683730667882722 562400638326210
715839145189961 546781870465448 563021343771689 535154502757018 692452565510503 172506397634372 64985089047229 776166657675105 765531848692609 996486412164402 128068455045567 466451885409987 287824089968943 811935045801157 89922400130649 179467879398010 179467879398008 508084734862028 11123089144328 458678456953329
316805962554506 195050812868064 207639230179140 526622878731724 572641063324760 755057764350955 263973613040056 470745793087011 238052701001353 299059703906083 489759545306591 50140197879733 467313282256471 957663941548491 664090283798426 4863019564604 557486697066267 801893003982485 451109468652151 451109468652154
19775804318892 625575049482497 370276525421288 627875771688601 552127364220483 781848987496198 780320759027449 470745793087004 367682315687303 367682315687321 838554017529255 668053747050003 680290827749154 952006482209636 159468650137096 996880749177543 336082127694817 375638940315897 375638940315878 283208603254149
960529863098822 782553311102518 57376941231283 627875771688583 985989232008449 470745793086987 470745793086977 470745793086986 816302123756440 858840561656612 858840561656621 668053747049995 843232578448872 843232578448875 445173095410208 432327197935000 336082127694808 793171313012323 897399490161704 897399490161712
20 20 620494578918298
175625279929403 545921616492260 911000426407053 333618260753617 874088402669358 410830302739748 644866627491585 621388613440766 640212412033908 587060030227979 783597779370583 741034333284785 702104003350956 726705243951283 70946753871142 752187849881213 371897746372735 973839097360679 11469808152378 642245739044962
30772818072680 293283997786452 534825866833369 320344312887391 854412688049708 896424134574862 374652742202263 204476793882224 918032649387454 974015657639963 298928239181291 868785823705683 995777416779050 913159208207587 303848278840051 784782463350404 705402185444367 245825456091994 142222886193748 437975097491271
574758705860065 720005827349200 764976723640716 476769521412804 581578715523291 916329126934932 249758405972419 449238362435944 629493746908624 560268823175420 739321269105612 921101857480295 607294127908200 724492155513075 921138608494949 52735575219878 673054005498762 803305311549222 232315608575358 936518566397961
237378539676074 170908010488404 655508120903958 770747169122328 221064025738108 99719204173738 362751385905959 662428205131939 153315759133441 85733229122332 911104026574108 418732957845225 343803713509922 753091623339420 937711741423217 453790068677744 297199071308417 993768476169368 466987602003126 656637907685259
46156625280442 118247700246315 203614157229084 89211007836763 160241081088094 369710346983727 165593414168765 944572702195235 324041386482735 347201032383155 803054742160664 380299577479810 198720624168148 542379851447330 569260357375657 994621437324918 318404731748504 498856251406078 777158714379832 768139788748895
571598730183150 438331086949381 499111688258353 999281308450112 559095968612340 152486685347766 711016793402525 523730869381608 679829071012182 483583275089686 695833716929059 487753214486044 623606456661641 206492616510862 684078490137258 960217128319173 333547442510839 478115274280977 498607039920853 890928120401988
558311235659938 689012212022942 670585489904564 692880024344384 643419816039444 112573980717229 624297653531355 903452665307160 814147794755817 914503561157806 538185841816913 101472385173313 225574011095788 349805979868382 647647186853562 237228754316519 327621501771857 332134081788911 730698333392798 293448388609799
587804502581273 697093977721791 466069491520801 925520566739150 367832964792700 322459410570628 527940483393509 486808553540239 233963398138995 780939733257282 652203637008599 516586384068058 789160121644315 811139324699413 8481929813328 602075958035837 86629470686802 731319624857584 862756023667909 649620042773614
572154451753084 311984281276655 100338769269082 977187900210614 885579759525590 955543629031256 283951925055183 806956966764573 67542189122398 555050979091181 278629240350812 686252024714824 588086366750438 291695598601345 508954385464122 992983638124565 479338041222670 293018689380817 459919303660465 579715897039822
187298952383362 309172077175163 801819218289047 269699860656954 762462359189780 579307021972978 216151457721723 40103107347869 470330267933144 284834210090713 826792184943497 474812974486999 149556182868996 532571116372252 825637314420788 878007479278156 64287902030486 520251756101978 808414065904456 263893204132419
207275924001469 57960616751205 978832940527961 677924571435533 326235915420724 841837167375561 282518934878580 739267712689972 407292296845054 918613971324051 9482620844255 375491441656702 763342124150084 243219955891214 612555203244768 978247942931391 525312989827412 73928245898356 10286997193885 766758326234509
766503245450978 104812949193695 554577168805952 380483438999263 230943439383907 187403287888735 514670002108515 262502246311899 610091305728465 65391949626571 675081728113838 285748589049675 31539584851584 198545139947403 499237156654622 594052631943347 644861335893489 916531086452905 869086929071288 158266679688413
131792153354717 38571053224664 128489672302609 446185552931721 262553949477561 877489375622142 900744087760289 312170457625314 626176618383511 998250221173726 988374768972931 5074607599935 698631599358268 512324677120480 694394727796184 274172581407164 324290868257214 241356320779363 917957220974091 308129967130701
333084640826274 16465476008157 261360166328049 268683745147905 80575558214307 980093941888600 715269059810751 43677197742266 940233945019176 874921509087757 582600238473232 585498975415209 468934826954399 541044779477919 937583873011584 492707270297554 28618970214976 799941166003362 733786776998354 780053977340782
892288525532831 966382917885812 674155096969858 748305397567751 440066466078623 438732116926680 538150444188443 671963566203685 922238531046719 365927387455784 402857729105107 190923480593155 15426167545030 927237239188050 406975144187676 348663208077591 379500489545831 591535326383711 813028002413547 402757151811048
195276787630737 156116961138575 885810458823245 323159840977847 380591775107909 137310809274040 785147829782052 323013643527133 703266654889608 320936827504336 469402829948047 229784996607436 679284423680361 108011751757562 497029037625957 389844596228412 204950572311737 954542845897888 681608659844272 278399278222576
922181672687003 35727901944935 738053614251911 236444514593561 222595954314597 704982641116596 469494508517380 909534484629280 457473449168668 208221449800680 847168642536888 617975611239614 339524548187422 219937439228252 466064222749694 354870620479075 251308157008776 792192094439234 102516928938020 641118039214022
730317750028189 173273129137504 135616480385246 537884652190522 80214493742087 372595014331486 689466453973097 560442023190385 832956223760570 229527724787186 777818083143185 947432322011688 304757823176526 66413962255642 111807032972687 555969208545029 564267180286325 225728906073948 502379635536694 867047164972731
782393748130383 393502244429227 35673008147650 979677109893496 421894087177515 505846401613917 26460384059031 414278578405450 795678831866068 429466692028314 647505174873392 428796753312405 288012728759214 3738793145804 53975657562628 677139971676563 820929073992938 263685138506620 890601092004458 145464535038744
447275156445607 248035342216253 414324384584582 113168019197604 904542748960872 590031264710237 802079326817164 238065608496514 24771011376151 59574139577266 147152520780764 855324730375118 767315091594392 116953334225761 816570005743757 390423810156128 873009276755920 838669050140945 479912237094964 456724964656320
20 20 959076441591774
178827521601303 296764461305909 435268754102798 441692929806020 553491141333451 35337213784396 997032482956174 119452246898340 566380359819547 957045270906295 689817414852863 993203305126816 180761588138708 840781858774223 19303180005619 229555634858667 83255855674392 126315717487354 340119006400627 225328641351204
845320978606031 87422009277754 12439195669886 64219020262544 348647722084090 472876859041432 268739574306946 405660432599175 977513036705259 401310196147908 470062214092205 743703243288336 336013087604117 188484410364942 4048995244187 710563954355100 181552849526399 781993900457099 879379252507563 257982597188316
907762572244802 165697651533465 146527625526431 506319313410451 159077260433300 606027715312953 959763334806415 180634899365097 278579889516779 269850690982457 30357077195044 447923751301379 57584026474004 12366966950588 943823412717425 356908885291127 932545193391813 337755311324088 942320274332890 781380003634070
781787084243037 374487575308422 180799844263246 641033685350229 244904027649184 503969225735946 239804230829844 338474748118496 954633235348697 421129622720370 909791606374072 279999870240252 241957682648669 203534405167501 256940084364938 165947647355064 150112393752499 558537367694805 912606047657455 176105062668018
312973363844616 950098578511653 433137784100609 649212250740941 395950478220262 239498684088962 216194404211075 295814089213156 367378917165475 598387902510745 636009188067535 874486373438441 673683700763312 555359114147816 676623556344412 394309426723935 380883686211020 597827292572875 854714730186425 413477059429206
15476951054920 75920026467058 743437383564101 426524043857419 679216168390285 226720762101613 257361445849343 543814244723102 567889012151879 335598424014563 661931905825831 920542240528636 271997661926632 472975221121180 367386579034870 216422981489635 162111735708724 542448299264038 15886069245921 287309929164582
734200955962623 593777154353360 295771037430970 805346399408484 761311286082013 75192114174562 403607852239860 984373817078480 619498393138439 772623299658197 582725661912913 984634301660510 698050232865156 952111887129220 337339377661934 898033369930023 843875087134640 349691736964986 128689692551867 90682397055600
856327790441610 202479228252926 993208738654939 422760394845100 932035020294303 103213206383447 678796772256543 918171769157472 450522661460450 91391738842412 605023794758242 979846437420459 836457674822824 914448601481130 111897924565927 785335916512496 740618553160133 23746323542249 804152716808455 314764727554581
571152337634685 71978311490321 957114773074015 239209576944286 466499404995699 904905927180113 200961629079411 890964864546480 500214501518226 471213146663214 282029675902769 952484577676104 105391905188362 505429281081804 263718139296465 123022523334795 990989692182978 802305240209714 189782290013736 984568984013356
691594571956900 276026662085614 288130365407560 706310392058623 191060367260981 325851795998125 919485760991659 399073649047469 951566273933896 691625789398657 225343909446889 535740659915856 331092750189217 111108398528301 572114144593525 930034216178453 476377933574827 193377729353682 161089783421491 439367422210165
114793400212560 680910880786763 360508086543333 761536281199889 895169733639891 241098532372881 51946687165870 65721773063851 611629636924372 545903740333494 168127458774863 363568460894050 937339595678973 918806404765814 834451565460245 880013864077615 979248703858976 470361595550759 376086741571023 186843058211357
460130112824766 577577652326820 178684211858229 325904454510259 25769909901922 812184952347876 756277145739098 320929627642387 565824735833396 423585255636054 961948294680951 82330699304611 248273971835620 161492678547625 855942037303757 121340914421559 944643427146915 987648982918670 95946973277369 775351295010103
937809732303058 812595747923304 919710755435174 938380991049781 709095736703265 147746322602854 232290882166144 94098034573286 621131903385953 658479746439778 682836120011525 182941000834068 27605408579161 648960143339100 743057617574500 269630954708152 88849431125882 49621534008894 926525242223721 494228046144652
901605264868804 932896284664150 229266964501961 670883680627436 39456975645291 949741108382090 620916999907998 413747688574838 135810644379617 235852772316613 94806135586868 579793390371186 342594611611886 829931356239013 861493434053699 146452963648335 663941554257544 341965108916007 80893749027809 214331545935079
559597085186345 734311813686612 894419912917029 10358058085489 44710638897849 242769859464474 251585145165119 593232547261262 354303949854274 386010677613219 785839363237853 919225988852871 517305511888769 749323213131140 106068416979958 263593311618492 395211972139141 771629637907538 490637276015349 56627140333732
376845564854667 725421239798956 784742376737435 1304725207027 721955063551925 89474872988300 194740550655898 70622118310678 177324809942149 434789597007421 114770065999812 279355921673972 434255590951971 690274176399266 336381934058568 426697502253913 436151424986039 518015486905962 817365872765896 874449977156910
866208182667094 426276127672696 514989539249572 867253806225334 275772483162968 776559298024215 119109800606474 832189530878205 478881314414627 390610920662554 903774029210844 440203318617114 223621661570177 663843519662615 162098782876307 68597212955582 902774012164162 389378288884165 303045948875717 198926298951458
510369826873234 455362372572985 184676976278731 849103886829633 960484816432676 835335922980355 574124776858087 915059756935773 330738494424614 675732169692891 271652313732439 27159139489985 549592671653702 212234755450279 711006660355941 866585403659563 759312783405803 792248023344745 463748647100629 668888594737692
119826139661792 929290261979969 774307887288399 29534214301598 403492651562461 785633478167543 653798075944954 385128881903688 774162199590320 821097119182328 243339146133776 327237043247079 145035856044317 970290639453018 893596699167129 579929209374105 687917416070840 974619034126857 530838725256600 50133319839169
481640368867084 947088990623092 28069281920935 492618054698489 162065296454984 826550015717675 565284749200047 635321792825131 107337034946535 844967067063686 944002540785965 87706419109898 507268345679787 17236461329843 224006726165032 294346448256604 910989653449031 570772879941648 440599902809328 252932475979711
20 20 11
990386259653400 18391534143730 196484298705286 587994300712342 594232151456726 951102476113146 137758589456037 761843508118059 620955491983635 828201436816447 256790348933156 294134667753198 471481888533130 448637781677945 640159001724529 409197044866773 331630852926270 959331144943269 276292585295218 409453892628234
601769441510090 4038384508147 954015841870811 715365985215307 58450163915811 544164178790620 720427857780381 720427857780385 566627452788622 819615254691924 6805459323261 657042895248488 284319054040541 448637781677951 360414853606245 360414853606239 360414853606232 700868613441600 374206313766873 374206313766866
497206203624281 547495241012084 10921530633739 203577329775195 331463120812464 96662608306293 720427857780374 229435683961028 139382288184473 864216214686656 910039919940146 518636242380465 683157508861974 208875815770424 659605159182718 907930322513675 797728494884168 601316491533793 710104892079992 720677159884464
227411805147579 51539266716717 343908771121208 643368579571430 331463120812470 887622558761530 720427857780372 543579797112201 208842630966258 61986857793303 655197279474721 913369457377206 9529886894868 650811144045500 21670410895349 90877164326792 69465031457819 234806982236705 438478827882718 117944831189133
575633001784319 575633001784328 515299961260008 816651745045028 93902881848479 784490399085803 520321360332942 543579797112196 193192188363855 499256834967788 195854315380166 386557690990422 583091755103764 765525574659273 61327933704219 85984584452295 714209607036544 164001733035908 438478827882720 582159165015912
393442955048533 113185060884512 85512212938056 584515375083486 768051250117693 760859709827447 495192958378583 495192958378593 149623706685637 992410576644767 583952978123353 583952978123349 817137394407841 817137394407837 663764468304662 441231932320677 219647127049396 615300434857040 897941404237880 918958704769938
198393536181588 198393536181577 904120188480794 930984287512616 118756805847353 760859709827442 687266975858514 397769674352256 568434538839432 410587815032616 284091032590676 952478784774313 883515573144301 79611000453459 757475507476086 757475507476092 374094177892924 615300434857036 897941404237888 460390080420047
2352947673380 12413662821337 548753679967841 823252387357279 59285699841625 563057127450991 839217423095667 397769674352247 457893766873404 630042865200987 559390764333761 5618152244782 885676091162029 757475507476072 757475507476077 547677607530490 735038635023238 123173940240796 426397728691894 978496225257399
578618169601282 482387150029504 945315047512510 16761875970659 483777354872826 683034621393103 344307014678638 303065612136446 59243661900721 11573400044564 600721321860293 918079813191979 276723244796096 731030022453515 435621738398419 340642674366394 735038635023231 517344857167036 414401088147684 763827356399646
958993681345874 334421574581588 803804519541885 546094688523561 214581296370254 214581296370252 800765784996682 831078611164551 644227454175439 637690126792529 259536745190886 547816250430113 262863135972780 273864044592516 903752547807699 776580212922021 152289551137282 139153470223906 815031858149948 467956672867361
648587152924435 344701344309003 629808021542208 659306858195323 191980173080635 70882655059167 494876821723079 868215224738652 644227454175441 637690126792530 58527144552723 725151987517503 725151987517508 414193643247760 356862842350623 307501640796204 80555459136288 398278732516493 668115470543890 92763273597442
648587152924430 984120062682241 399704162885308 343584248039659 686557299163673 402204806705670 405859130003165 211689157561600 940175063699461 724126725501241 69075782879246 836436025965654 717282451481223 356862842350623 356862842350624 307501640796208 811514895232222 468698780659254 618795352787795 974914997070732
124393401234169 984120062682250 729121546275538 343584248039666 686557299163669 604200681709618 437371036833788 949196619592358 296712454296357 468004734614337 810427914866688 836436025965665 821689128543267 174299317480604 921222574786624 546957768550586 722267784888043 802377496858996 254953664682737 63867576183281
604994828629407 648142182068540 468748079774802 906449531020399 906449531020410 985872603354345 126165932106423 585058459939777 358547534864447 723556966595444 910026316963907 164956838014493 64765831539020 237919985527366 921222574786626 557982381627991 785391822012829 341989617016161 842062371239109 797662619605464
748883464462880 101058953244290 994512624818259 67417029094664 448126436746270 350637945667989 296417552229027 243137844972635 140500008426626 99824081598255 164956838014484 164956838014483 972319860619491 512851139669112 635651525825976 192803430512732 636957030197286 359078700009281 965504518980871 993222875394820
97156599333924 97156599333933 211007786637245 533644959199212 448126436746264 727577186254745 273903904334704 461552093150702 174866474843895 174866474843890 561068034345466 599263408350323 946258866526334 799879292330896 648375731345724 192803430512721 77248413359225 77248413359236 598941088881425 881611448104702
217475439672501 393416499541373 778940406828520 216802414418407 733752304982677 864693248606859 711805901296215 885362006864124 46036560486 174866474843882 632912572549288 412664665959032 910091654154133 253741461195644 491847321958207 208889772492342 77248413359231 188225289132624 982358296871555 605354313028942
210553930665271 343256127834384 44935883058654 974663477578322 862783033148428 168477631067102 711805901296214 58649159180047 50193747289987 209464012179228 843748909892962 728996221694176 292623204372326 292623204372323 97211033778305 793192693111777 84818186369872 740484037179019 514722699896168 924088700859977
655990167011274 956320819944057 728774116966800 260598618370585 682313784460508 922707191388635 89882183425742 974218387681154 920370218736561 616373045846508 108759140000807 913671175837296 128188158238907 167363954670332 313698190229794 533334999459899 544670794510655 274643974963845 563628146637828 300637407932844
498085972612465 184482969152725 184482969152721 682313784460518 682313784460510 845397782344229 400439294485182 974218387681162 724593940485630 383438498451368 173877759235549 658500501918088 128188158238902 656673478260056 181231988907732 273816056050391 479582393939098 979815900470154 726275950549988 294993550307864
20 20 12
178753776326984 959611947199971 396212943643993 414788578145703 349763555045621 539541232741854 366296547635771 273359670235586 872444641214994 486612580151229 491813706001946 454890991473703 764251535036069 274128491335557 554512081499362 181670516158340 829106375238643 829106375238631 162183184550402 865630053434368
708263883451154 362005145957765 396212943643992 283612880000349 300310594477126 759919452067932 198777220963640 692963012494424 951225357992123 897047066224338 491813706001956 555911129711983 528856825283933 284997413143408 15015376648360 15015376648353 331521180817756 373564961362388 775224435813016 65269497913907
460190072881175 814067590303869 278027717866540 452010921208815 452010921208820 489494572996673 198777220963630 487869370167049 129125970765420 815485291675376 686426322143332 555911129711981 492628386587185 289885704931347 289885704931347 15015376648362 15015376648360 618557076269487 133568792722763 397939173651094
146086181539862 18297121377468 351455870487406 940735878985780 839096705631919 83331100235290 131803345045769 131803345045758 560088732034442 656072871157401 566543955315989 414078837204248 671887172529025 662813099456346 662813099456347 15015376648351 121954652760935 158824371427509 125055709888656 842616261508055
807820699249484 410666408432562 351455870487417 667336905923739 223020119073694 670801373505155 670801373505143 261062892584966 59045253706180 656072871157394 573992283009867 734524414182919 428879669358030 827466333926423 540688721079740 15015376648355 173931673712227 173931673712218 351783975133927 218522010068958
807820699249474 377712206073757 494011858332256 184252175278537 184252175278548 587212025585411 329234164596591 376627346522233 376627346522233 376627346522237 624039174748584 355689083974990 428879669358039 36828140493537 540688721079736 774675076781675 907592716990670 785679870614847 460694564888222 665428347153819
871631703520812 377712206073748 335470677330154 184252175278545 123959172153975 885248133566431 742917331640031 17434390202311 468416663397385 851773955748583 549074651714256 190697108796822 428879669358042 88171768308469 219916084375609 755616803944862 65031102267182 108523870807241 108523870807247 79665678271216
937085096789483 84281623220122 286103691759609 184252175278537 123959172153972 742917331640027 742917331640035 982572264632628 527993925094205 851773955748590 419449024009831 819522802442129 493931502699691 910709982547579 3118269291249 653004658661253 171299412576162 754033945680563 209415233153489 739060394591253
100622259706923 954439776067555 930431722127971 600359540274269 806831546418550 561101087182583 561101087182587 345019818695938 823620588379677 287506121045048 419449024009829 162264561526614 162264561526616 542247101994765 3118269291254 568178297338772 520156978908392 871452689090748 418835844084779 951311747033411
100622259706928 560275566080633 455361799760083 835544479161544 434412001719476 434412001719476 760437616394919 345019818695942 823620588379681 834907503879019 834907503879014 139746279372141 691774013745680 542247101994762 511444200622633 511444200622641 485395710572904 210217220080547 225023458825514 440954141850629
306561568982657 306561568982658 306561568982648 953386442341902 953386442341908 615705402752142 615705402752144 956890962465002 287248150015149 834907503879029 373143615051612 373143615051608 86299065744736 158103619244269 511444200622640 723227872722917 320184382399730 320184382399719 320184382399727 440954141850637
135928458014289 306561568982667 713293406539785 20573941367856 454072450966237 479604451499149 487112859422612 307670558214929 139319721362079 448510405379961 243499147691344 715879284527345 691008782333495 23020535718521 399912583675724 565867982975157 367097550752497 805796571313211 585332373607340 695941204518815
739110152718780 746047415862925 507916161236495 862586763129453 454072450966236 345334064422530 487112859422620 25844788609896 25844788609884 601551777939517 142523238209274 715879284527333 32203382339939 721857278399114 399912583675712 457327838756448 580481265802923 165259819699957 751665979922673 882555669555878
170379031132812 619919118403211 330080368105417 330080368105426 890069807535095 826303581118971 85855827403922 371498695530405 577683978946787 428262835101776 142523238209264 663920289593390 417006808710001 534839294654611 192846109133807 210609171357770 910968842595686 165259819699964 719542011583290 139218937826296
470028253803910 430062847634013 670623714757986 93400571058038 877293302833395 803104607768395 70076880625400 580199588647234 896014969255140 442360545761380 368742164866561 410261599635030 657239962124105 176801927827619 874228298319821 874228298319827 647343115065072 664399570645271 821145639195747 763827572241561
144917095800916 144917095800919 764605907416018 565846435054853 911726791872708 911726791872714 935467901004334 881135083418061 896014969255135 675560599699611 789386597044219 931952832935192 931952832935191 473004540507593 842244548752487 473004540507606 384272252929792 439531706480812 436432588199067 72497248274719
282099002081316 543093799875647 985580787909863 361004264729157 635142771402056 635142771402067 34574869880989 785099079696204 896014969255123 971406706885185 647441530913451 905909610355264 140709891679744 473004540507603 473004540507607 473004540507600 495652575968533 439531706480802 520787086186232 929211670334506
938910942145047 543093799875635 288106571845583 395465675628335 635142771402067 618782192745458 943798690440387 780118653748397 969054719128951 698327369299567 215676845738542 86772921197524 740579782349963 993776285910507 752948764565409 83486123494417 935815972729137 754715006249803 246741228024494 90617210213811
927324703600296 368481173437456 814595882825895 660423962379901 635142771402066 643710032878606 943798690440393 943798690440391 647780788017168 647780788017174 258783005593145 86772921197518 836188965530339 849960282982686 391425339125375 834353617223076 915432415987212 956101762829745 246704825043800 848879380282623
927324703600285 787001521653565 525382167167738 525382167167740 910100360035589 910100360035581 960957355910918 632011678723872 880391053445684 801640827577677 801640827577686 764658740578077 860046947947005 732860144196636 449759037026856 443812223979079 915432415987208 419652844945942 731474911417149 872340236461793
20 20 39
63436778657398 226950455441053 220855862199811 761239673268202 651052698617401 651052698617432 833982213245494 38508575586633 257903598539733 76702799166958 186692737686926 437352353719814 869277347423150 869277347423127 869277347423127 866598696182858 899807666751766 168081933609348 168081933609375 403040701239644
524379807057354 812212360257443 577137688155580 789817276173268 767910117217952 832757551210754 703056785422085 38508575586658 181446623087166 181446623087190 50608246828270 437352353719846 437352353719851 398636357543573 82410391554134 866598696182865 866598696182863 565282446654400 426170675183362 802905080884248
415964108619472 699505366772845 699505366772850 642610156161412 649300515110782 1338316054132 905480146572849 898983505298400 138526293049113 945961086678234 692375569913202 687345965230012 995723024515598 68049970792567 511300429525969 743080529907794 741290435206188 565282446654398 620885862393760 374572668221067
55160320988038 839013959999955 205399823109901 205399823109880 441458515977666 1338316054159 441657725084686 188042460008476 19199606845875 362850732664917 494210444634864 494210444634883 306377061812428 147632934225793 496376801008770 743080529907773 353705916578142 810316188857886 850244864067619 157605227452296
811739183590570 839013959999981 530001115226899 626953544323221 69214151573001 684998682124339 104469690598373 401472465787702 19199606845892 429685213245717 423183843975947 431508653726082 703406763662470 315598236978801 690648260190594 560672871769942 560672871769914 171274384436161 171274384436184 767634101826357
103814540573691 103814540573681 799759992422282 390081444284216 127429714533868 127429714533896 606513623007222 801811773363115 19199606845876 583964963005345 658830295904869 693209310837018 612798596461405 990682143662303 690648260190607 690648260190640 560672871769937 962696186411557 171274384436216 362162839728574
798361199922071 256977565342397 923676524759148 96813605632535 10234708370724 10234708370705 233089746152245 801811773363120 13320437735979 435673243813561 689392069086260 612798596461377 612798596461395 282514729101976 942338745248884 353723733544298 52441554677450 436095233716098 77575869377573 7834667997532
625275333631939 256977565342396 256977565342393 829197841904947 366204066395832 614810863477726 63501499356512 148846500469090 632975531319078 580025128119589 580025128119569 898059500548550 782972077939618 540100855203256 370017552998248 406977194917377 52441554677466 26879310285211 127106237064769 538221128351742
822679655708085 707562708897311 347948736530999 991938048968798 975150973023910 63501499356543 63501499356546 239499938409965 271053784023677 714022704522178 794497675091000 495207786957474 782972077939596 200235917033127 200235917033134 200235917033143 613582838527285 613582838527246 83663245575714 538221128351748
543005081409591 952752572812608 277480360003834 673251371469544 763271329305917 740938699812503 63501499356508 239499938409992 85429746126285 646158691155868 290036747418319 243685513173491 200235917033156 200235917033122 545601100088043 917649746218272 780652613055766 430155968204110 380474424892163 380474424892134
560532222700355 229771067229991 821417619289956 201298650070754 385217131881518 977861617473543 279907592903974 696877538735878 791613206804268 646158691155865 110139544365404 808343975184976 808343975184945 775847573990179 775847573990148 314420308183879 299441222123011 675596642531264 711383283696488 380474424892128
903876941397028 594504879546845 349755892832853 825131147139092 801231935832518 879148474863353 582345844423777 527098991919703 902947613516906 902947613516880 536040919379691 455823185715670 872146420924590 344566887296941 500086877254763 299441222123013 299441222123033 389224099010869 312478647699382 994259925545449
855580477135376 605862857784266 605862857784280 843898790805978 339217300697313 604053944541331 255811550812702 137773194752059 37125666818840 425699137119396 689975415336524 335680447409273 176193651642996 344566887296957 176784488975969 299441222123017 188560946984682 946514545666604 946514545666588 89076187987117
260718740378821 260718740378847 653955398853512 828641194946737 751257323554933 143733454564894 759959668079008 778538518204828 919129303563600 266616384032222 660054137681385 212979600726487 9753823829802 813858538190401 813858538190382 953525946157202 314598702786480 812575079484050 454923697248447 924464298216610
206391181800499 40146127929729 653955398853530 708722197705968 919945685056105 634031485612869 759959668078976 657043001587098 728841070820125 571478707001193 40840868444836 212979600726517 618393785258144 783787088296616 908270504308345 514440615306730 134005753494244 607837928950987 764310988473455 818494098724714
917199977552001 503420319156264 73322964106706 344388157036396 70066496021351 70066496021334 174414957330509 174414957330489 593447154887078 172555748069117 372635109267211 721338330327216 418591005825382 783787088296628 164463467768454 134005753494248 134005753494231 399424044982742 412553215097966 305963851104217
325116748076768 644481630856924 73322964106691 841992940095795 841992940095776 839690801221153 174414957330548 529032608409032 172555748069069 172555748069085 69320089720450 321087154868572 994535099350198 473775463229594 964724541087109 964724541087117 55534741840965 75749761867528 75749761867563 510315765373036
595931232861417 268898359408058 161665396321690 775093247788537 208187156830835 935769555279996 935769555280011 764304975202972 764304975202985 961977705564355 772657643806421 541385015067753 155429572478284 462275865475335 309459125690460 429346428117570 410469965073280 75749761867517 802153236465963 703996759545463
884985342809665 303319220747725 270513291415738 153624291742767 570838195989883 919867732349604 270415854249526 99868157183404 311738666028407 311738666028385 311738666028403 607909650547542 203673265937246 203673265937221 70760406851573 521772602065155 410469965073305 940584121723439 940584121723445 416138054932713
993999491046858 215060058494565 53237881326070 401240467356806 453239187540542 919867732349590 166519513385701 840162911404953 224453376880518 766099247565008 53174402713211 921099071869135 458540704874657 797753327353525 563054320773500 563054320773465 836488740092238 836488740092259 817835229415821 561932353274526
