50
20 20 42
29 23 66 16 73 41 70 77 24 37 73 81 59 47 9 6 9 90 60 2
72 32 92 25 92 21 30 95 49 74 35 94 10 52 49 22 18 38 31 10
57 69 43 47 97 56 69 92 87 74 7 70 48 37 44 36 32 17 18 47
37 52 35 34 69 79 68 20 15 56 30 48 71 89 29 40 17 84 61 84
83 49 89 82 47 50 66 57 21 73 67 4 59 56 52 14 89 61 49 49
49 79 64 61 28 26 55 53 18 17 48 10 6 18 24 56 62 77 71 58
79 39 86 39 36 32 14 68 35 41 19 4 9 25 14 62 86 86 100 31
99 71 71 2 28 54 93 8 3 28 4 50 32 95 62 20 58 42 13 66
70 38 22 54 33 3 83 83 36 53 38 13 79 83 68 61 71 13 1 29
79 90 56 67 8 34 76 87 1 26 53 11 38 11 93 84 15 51 62 82
44 83 21 25 50 32 54 37 20 21 41 28 11 73 76 36 11 28 38 93
50 25 1 92 65 97 67 32 29 7 2 24 64 25 75 60 46 93 49 88
85 45 85 91 44 54 82 61 69 50 18 63 23 35 77 46 6 38 40 48
74 42 90 75 60 96 79 0 93 67 10 71 24 11 29 37 4 68 93 42
98 20 19 99 75 53 54 34 24 44 13 44 51 33 90 71 16 45 64 50
40 66 21 90 39 57 12 42 74 77 47 65 68 33 33 54 14 53 88 92
5 1 34 63 79 50 19 40 47 24 38 62 66 33 65 86 33 29 62 76
9 32 54 39 51 28 51 34 70 59 57 44 97 57 23 14 22 38 61 62
47 70 69 6 75 35 83 11 50 32 99 17 66 63 55 50 52 94 62 47
54 48 64 39 39 41 56 9 54 13 90 18 5 56 74 99 85 89 91 39
20 20 31
93 59 43 99 53 6 15 33 2 80 77 55 67 88 77 59 47 25 84 83
24 45 54 70 89 91 75 3 18 83 90 62 91 65 21 63 48 72 86 61
52 81 58 84 52 50 78 67 56 31 99 2 39 91 96 88 78 66 30 64
45 33 26 77 68 80 75 52 31 100 86 7 63 83 65 32 47 60 46 58
56 80 69 72 74 67 39 44 85 69 61 21 46 61 20 15 37 68 91 77
64 69 65 41 90 91 76 44 15 36 57 83 78 78 45 37 12 43 64 91
57 65 8 38 61 64 38 12 32 7 13 68 41 10 46 25 73 48 77 92
58 49 91 49 57 11 35 42 99 25 5 35 31 24 50 87 56 42 67 2
74 30 10 25 2 8 85 38 70 40 28 35 65 10 19 46 13 33 21 23
70 75 41 22 15 62 57 99 45 17 44 61 85 15 1 67 77 61 64 13
74 18 37 8 29 71 93 18 41 38 40 30 36 34 14 70 15 61 23 15
85 85 16 36 25 23 80 48 67 3 0 99 54 5 53 3 60 77 80 50
73 69 41 55 41 34 46 62 68 45 44 70 6 5 0 86 98 77 46 22
72 90 39 65 67 86 94 23 13 0 41 88 58 37 20 93 96 82 68 3
31 35 59 94 53 24 88 21 30 15 23 90 37 62 41 51 80 95 84 75
56 25 45 31 87 70 77 23 37 22 12 29 52 87 45 58 63 82 50 81
73 100 75 16 7 37 98 22 57 45 39 47 35 29 2 36 9 74 59 89
49 4 20 2 60 37 96 94 67 18 33 43 71 89 98 83 96 79 84 98
46 19 6 27 33 65 4 69 96 43 49 16 93 68 83 92 81 67 23 37
58 38 48 4 6 75 58 28 31 45 61 37 67 40 93 70 73 37 60 78
20 20 1
54 97 58 61 60 60 12 29 96 96 37 37 100 11 33 34 4 5 8 82
8 54 86 80 59 61 37 28 8 66 36 37 36 34 33 0 26 7 8 8
89 44 85 88 90 60 61 62 8 65 42 47 35 33 33 27 26 99 100 9
92 43 43 71 89 60 61 73 10 66 72 47 34 34 75 80 67 13 33 8
6 6 65 65 11 10 5 69 0 67 79 46 35 33 33 34 67 33 34 35
7 7 66 35 10 10 73 70 69 68 79 78 32 33 33 66 66 32 98 34
6 79 67 42 1 10 52 51 78 79 78 78 78 78 92 92 65 98 99 34
6 37 66 67 35 25 34 34 88 31 32 26 78 79 45 30 31 32 34 35
77 15 67 68 36 37 37 0 89 99 31 39 73 73 72 71 32 32 33 23
14 15 57 69 61 60 75 74 20 70 70 70 96 13 1 25 72 3 3 86
88 73 56 61 60 59 50 22 21 57 62 18 97 97 40 70 34 33 80 88
49 50 56 61 57 14 13 21 21 10 63 66 8 98 41 2 35 35 69 77
48 49 43 43 57 57 12 26 76 9 79 8 9 98 16 70 79 39 96 81
28 69 14 42 53 12 12 20 82 8 9 9 10 10 65 71 7 8 62 62
55 98 99 54 54 41 42 44 10 10 9 43 16 76 64 64 46 7 64 7
54 99 99 42 18 41 41 45 9 32 36 43 42 33 34 64 82 7 6 6
54 12 100 19 22 63 73 6 43 43 36 35 36 34 35 63 83 83 97 96
99 99 99 18 17 98 68 12 12 13 10 40 35 34 33 16 84 82 9 96
100 59 98 99 99 13 54 55 54 54 77 40 6 6 60 43 84 85 75 75
99 96 96 71 45 13 96 71 72 55 39 40 41 42 59 42 42 6 92 30
20 20 3
4 81 82 14 54 53 49 51 54 84 8 74 62 64 65 7 70 10 85 83
1 28 79 78 53 31 55 90 47 82 38 36 33 66 67 10 8 28 60 44
1 78 76 63 54 47 42 46 46 83 27 28 100 94 98 85 7 89 92 80
82 84 84 85 82 41 42 45 44 33 24 98 99 94 98 88 66 44 38 77
85 15 10 8 81 71 73 94 89 32 31 38 97 97 92 87 53 42 43 41
65 27 60 58 1 0 3 97 85 30 77 30 32 30 51 88 3 66 84 45
75 65 43 46 39 38 41 99 33 30 29 28 29 57 10 90 21 69 87 60
67 65 45 47 36 44 43 37 35 30 30 22 79 46 50 14 92 67 47 78
40 39 15 50 52 81 42 57 36 34 25 23 23 46 50 55 32 59 21 84
98 96 96 51 50 98 40 58 39 39 24 26 24 61 64 89 60 58 58 85
99 67 93 2 4 45 59 58 40 41 78 25 23 62 30 29 60 60 58 61
36 2 4 2 37 46 64 61 49 47 26 22 22 60 39 28 30 69 58 58
91 33 31 3 36 3 64 76 92 58 29 45 93 63 25 26 28 30 56 55
92 95 65 53 35 1 61 79 81 78 78 90 91 38 23 53 27 23 90 52
6 0 19 13 36 4 72 6 4 48 90 92 84 52 54 55 51 54 90 89
48 77 75 30 33 7 89 36 2 5 0 60 59 55 55 55 82 21 1 56
45 47 76 30 33 72 71 4 9 7 9 8 66 34 40 37 83 45 29 79
76 82 75 74 75 72 72 9 64 62 63 51 75 37 38 35 50 38 38 32
2 47 75 73 94 13 11 8 56 18 59 6 58 56 98 35 49 51 77 77
46 10 55 56 16 13 11 8 59 57 59 6 22 22 24 25 24 3 75 99
20 20 6
81 86 12 16 12 39 35 34 33 36 41 26 26 94 99 94 71 30 41 37
63 90 85 39 82 41 40 36 31 32 34 40 42 80 83 95 43 40 44 42
58 59 40 38 43 42 47 90 36 32 70 75 77 86 46 81 22 38 4 18
43 49 55 36 41 43 100 95 31 0 95 77 0 89 82 84 85 24 2 19
44 46 40 36 34 41 60 28 27 29 15 50 0 95 79 43 85 8 6 15
37 40 42 39 35 43 61 21 23 24 30 35 38 41 72 28 36 33 3 9
39 46 75 78 62 41 55 22 81 76 27 31 39 9 0 23 13 72 79 77
87 81 77 78 25 75 90 41 85 74 76 77 77 4 1 17 9 66 99 96
20 16 19 24 28 70 22 46 98 80 76 81 80 91 3 88 65 28 31 34
25 68 25 35 30 75 16 15 11 5 78 83 85 89 7 7 11 60 75 48
21 2 4 0 53 22 18 17 9 46 76 81 86 92 63 30 35 29 30 51
72 62 0 28 38 23 26 22 18 14 78 16 82 82 65 69 8 68 28 27
32 65 0 26 21 27 33 33 25 30 27 21 78 73 42 15 17 60 49 65
19 92 14 32 17 32 37 29 92 92 96 19 93 0 32 34 31 60 54 22
65 68 19 16 16 11 41 6 74 98 94 14 11 83 2 97 93 88 71 52
38 74 53 46 46 48 47 6 39 99 88 11 35 79 84 82 84 88 70 57
3 76 70 76 67 36 84 36 40 99 100 98 100 95 81 78 22 28 74 18
81 82 64 78 80 77 20 24 29 95 99 93 96 94 78 79 74 75 77 54
78 82 75 79 76 79 62 29 32 29 33 88 69 96 93 98 95 96 85 42
76 36 58 58 27 86 81 78 34 29 7 9 58 95 99 59 90 94 100 25
20 20 80
53 28 94 18 14 52 96 85 33 27 5 5 25 59 4 79 79 32 80 83
32 72 80 50 23 17 42 96 33 71 73 29 90 25 66 51 75 48 80 67
2 61 99 61 61 9 80 71 82 73 24 16 13 89 58 100 98 58 69 42
47 59 63 19 84 3 38 75 55 8 87 8 47 61 3 89 61 64 76 99
68 96 84 54 99 32 0 82 33 32 56 96 89 41 64 68 45 66 44 34
54 49 82 35 19 38 48 78 26 69 85 24 12 34 75 22 14 47 16 44
36 83 83 91 77 21 61 58 79 38 69 31 70 45 97 23 56 16 71 11
4 26 97 30 22 75 44 85 91 63 47 33 71 89 90 76 16 39 21 25
56 36 73 50 2 95 54 37 84 16 47 79 6 52 25 77 94 32 41 44
84 61 75 5 2 25 96 18 1 32 83 31 20 85 86 35 47 13 69 95
82 71 70 27 93 43 16 97 37 32 56 44 8 77 55 7 57 19 72 6
28 23 62 4 82 47 56 66 84 96 33 32 47 8 42 70 13 31 39 53
82 4 94 67 67 44 31 17 66 99 67 84 47 41 27 52 7 63 69 45
100 28 100 51 57 1 81 58 68 25 76 79 11 51 82 15 11 6 64 74
55 83 72 85 73 30 51 11 86 13 11 61 0 70 73 20 42 8 37 97
59 7 21 50 69 75 67 87 71 60 78 97 40 76 19 98 65 31 73 94
22 48 17 31 23 59 86 50 53 52 25 62 66 48 46 51 91 30 13 53
90 23 48 5 45 83 84 22 87 86 68 31 24 51 5 69 93 62 7 99
21 74 96 60 31 26 82 39 60 11 80 65 64 4 11 10 0 75 84 66
57 40 89 92 14 99 17 42 74 56 38 84 66 0 79 43 26 29 77 38
20 20 10
34 39 26 21 32 37 10 19 45 69 68 89 89 45 16 25 31 97 99 79
31 30 23 29 16 23 56 59 38 31 2 96 85 86 92 52 8 100 95 91
79 89 15 32 34 43 16 13 25 10 0 80 86 48 40 23 20 37 92 91
74 95 26 27 40 43 22 28 33 30 85 87 93 14 43 36 62 38 100 99
98 41 31 53 48 51 95 5 7 18 43 61 86 15 36 36 33 38 37 35
43 48 41 45 43 34 31 11 5 7 48 19 84 72 82 15 6 3 4 62
98 51 47 45 50 97 19 11 19 8 9 43 53 70 21 15 16 3 49 53
76 48 51 43 98 99 23 60 29 13 57 48 20 19 21 74 75 6 49 70
45 46 33 32 92 54 64 67 36 5 96 1 41 98 98 92 94 9 51 48
38 44 39 32 97 87 57 76 55 4 29 10 52 96 98 51 46 54 54 1
37 47 11 51 25 80 89 82 65 1 5 12 71 98 97 86 88 79 64 74
72 87 18 11 63 71 85 64 59 6 3 0 9 85 95 76 57 69 74 66
81 90 82 86 89 69 17 16 51 52 26 3 55 75 93 77 69 55 41 51
59 7 68 96 95 70 77 67 68 67 18 27 44 85 77 68 65 63 36 45
68 6 65 97 90 91 73 16 71 66 43 29 37 1 71 23 56 80 73 92
5 70 62 25 60 97 8 19 63 72 31 24 30 45 41 34 44 28 91 96
75 98 31 33 52 26 40 30 30 73 33 35 35 42 38 12 49 7 67 80
74 34 34 40 33 31 32 22 77 100 29 33 73 79 71 14 76 0 8 6
22 38 36 43 30 68 50 2 3 0 6 68 8 8 4 40 66 21 17 3
91 45 47 70 30 46 53 0 8 11 10 13 49 36 9 41 44 3 25 18
20 20 2
95 23 6 31 50 51 91 4 2 68 67 65 93 63 61 93 10 34 3 1
96 23 7 8 8 51 31 68 1 69 81 73 57 65 75 24 12 34 26 27
11 23 68 70 70 44 24 69 71 71 37 69 48 47 48 23 23 35 26 28
5 3 67 69 68 69 3 67 69 1 3 88 34 49 48 48 25 28 26 27
4 1 3 80 93 93 95 65 87 78 80 82 45 75 75 20 21 24 78 72
4 73 4 48 31 33 33 62 69 22 79 80 47 14 74 89 29 29 29 35
4 98 97 97 33 32 95 93 97 74 73 39 78 91 27 90 28 1 31 33
14 12 76 17 43 91 93 22 96 76 78 37 35 6 77 90 91 61 31 32
14 14 2 17 40 93 93 23 98 75 97 2 67 4 6 33 34 14 86 87
16 3 4 18 42 22 20 49 43 73 89 6 9 41 5 91 26 27 26 85
18 18 4 17 41 41 18 49 48 43 82 82 83 98 45 64 24 13 28 84
19 20 19 18 43 18 16 4 12 81 83 42 51 99 98 66 57 13 27 100
92 90 18 20 18 17 15 13 14 92 81 81 53 100 13 50 55 69 84 98
13 47 24 13 15 16 9 11 13 14 81 24 76 16 14 97 33 68 58 92
75 54 24 25 13 14 70 11 33 80 65 24 76 14 12 99 97 55 57 81
75 75 42 71 18 97 98 13 31 80 61 25 36 16 18 64 98 84 59 60
74 13 12 21 20 60 39 79 80 81 82 41 34 14 15 96 96 94 53 54
92 8 14 14 61 61 13 15 97 36 84 46 35 15 16 1 55 53 52 53
67 15 15 34 33 89 90 84 83 81 82 44 43 13 18 3 49 51 52 18
82 80 15 1 82 79 37 82 84 83 90 90 8 14 15 15 50 52 54 75
20 20 8
45 37 71 38 88 54 62 58 48 48 50 49 42 43 46 38 40 36 86 49
37 38 71 51 65 65 64 50 49 94 73 7 42 42 39 39 46 87 84 47
24 30 35 43 60 60 31 43 50 14 21 18 11 40 49 50 51 80 86 84
26 33 37 10 67 83 15 49 14 13 18 15 37 38 94 52 60 68 91 97
25 32 34 26 62 64 28 62 11 19 21 14 67 35 31 28 98 99 91 32
42 31 26 20 18 65 65 62 82 80 85 77 81 81 88 72 74 95 0 23
49 80 45 19 13 77 45 51 60 49 45 40 85 84 78 77 82 89 6 15
13 50 45 47 41 48 40 42 64 45 38 29 84 84 65 73 82 14 9 12
41 48 49 46 39 43 37 19 59 65 64 98 90 76 8 77 83 75 20 5
52 25 24 32 31 41 70 20 75 4 31 96 66 91 6 66 88 78 77 9
87 80 73 81 20 20 16 62 76 1 9 17 11 12 4 65 13 8 18 13
99 89 11 8 19 25 15 67 63 1 76 66 23 18 11 75 76 14 18 15
82 97 27 0 75 74 20 74 68 73 78 70 69 70 0 2 83 88 87 62
82 75 79 58 61 20 27 82 81 75 60 65 90 89 8 4 49 94 92 45
86 76 87 62 56 22 26 76 81 79 78 57 52 67 8 16 6 97 94 39
64 76 88 67 30 27 19 5 68 76 83 9 8 61 13 15 59 74 76 75
67 74 10 64 65 55 43 6 74 70 63 69 6 61 0 8 4 44 0 83
3 6 68 66 65 68 63 66 90 82 68 61 63 64 89 20 26 14 97 91
11 55 73 51 53 67 74 45 95 89 79 66 61 47 62 67 22 18 87 94
64 69 66 60 52 60 87 81 88 33 72 68 23 37 32 69 88 15 79 75
20 20 1
68 35 77 76 77 43 10 10 87 87 91 88 0 79 79 37 28 84 64 1
69 76 77 78 78 4 91 27 26 25 55 55 18 17 67 86 29 28 86 86
4 91 12 39 45 45 45 82 5 4 54 53 17 17 18 51 83 12 12 85
92 91 2 3 45 60 0 1 22 23 48 21 20 20 90 82 82 81 47 7
0 1 1 33 19 47 55 1 1 55 47 31 31 82 83 81 50 82 46 63
3 5 2 26 20 20 68 2 56 49 48 55 28 29 81 80 82 83 3 28
39 38 79 42 19 15 64 2 3 32 31 29 28 11 82 81 21 38 28 29
9 41 42 42 20 15 65 65 67 31 31 28 29 8 7 7 75 99 27 29
8 41 42 41 40 14 64 64 55 75 30 29 30 39 8 7 8 27 93 92
71 70 14 14 13 13 19 75 74 74 29 28 30 29 8 7 8 46 35 87
94 24 49 50 12 12 19 18 73 76 29 59 58 47 46 46 64 64 93 87
48 47 48 47 50 69 27 27 90 91 9 9 11 85 85 64 63 75 94 95
31 32 20 48 49 71 27 28 78 91 8 10 0 0 1 2 49 50 96 95
32 42 0 48 48 70 39 9 79 9 8 10 1 0 0 3 77 29 84 95
7 22 21 57 70 70 39 98 100 8 8 9 100 54 81 3 70 28 83 84
74 23 48 47 69 70 42 41 8 8 8 9 8 94 1 2 1 20 83 83
75 23 23 47 26 45 39 41 12 11 99 16 7 94 87 80 9 21 44 82
74 24 24 47 15 88 40 40 48 48 49 7 6 93 26 22 22 22 21 20
5 24 25 25 92 41 40 41 48 47 47 39 94 93 25 67 23 21 22 88
6 55 24 25 26 24 39 6 6 34 0 41 94 75 22 23 24 20 89 2
20 20 10
100 70 79 89 98 60 48 67 73 81 24 31 8 4 94 87 50 53 45 43
91 67 67 94 97 64 56 48 32 40 51 37 60 5 87 88 19 16 12 72
94 44 58 57 95 60 64 82 72 95 71 63 93 90 89 80 81 7 14 9
59 39 47 50 100 29 54 65 83 49 84 69 87 47 20 22 21 7 4 63
72 34 39 41 28 94 58 57 61 11 43 91 92 11 17 7 24 7 5 8
98 28 8 61 86 44 77 82 82 49 40 32 25 17 15 23 33 11 7 0
39 45 74 71 80 36 31 44 91 91 32 32 66 85 73 96 25 14 94 60
51 17 18 8 99 27 74 81 96 93 30 24 15 7 79 64 22 6 37 48
48 55 9 60 61 68 70 96 100 99 7 19 23 83 87 96 90 22 76 85
67 47 41 86 14 47 57 57 39 42 41 45 67 67 60 91 47 57 72 14
38 45 2 35 8 51 63 28 45 23 59 99 60 51 55 17 65 55 87 90
58 53 87 36 79 72 63 26 17 54 59 12 81 50 63 7 63 60 82 37
57 26 25 13 84 19 5 61 51 41 49 40 38 89 69 16 58 72 65 31
7 29 34 64 70 45 89 58 49 53 70 89 92 84 73 25 94 90 65 9
69 73 82 35 30 91 99 67 58 59 66 85 19 87 98 33 85 94 65 62
79 74 62 64 10 29 93 89 23 73 36 27 19 83 30 33 76 6 85 70
74 73 67 76 93 80 90 21 27 33 30 37 13 17 21 23 80 13 92 61
67 74 67 20 86 90 48 20 11 79 69 37 35 82 6 13 97 50 30 59
72 79 90 10 59 87 20 81 27 25 76 68 68 78 85 94 48 17 25 12
54 71 0 1 0 1 68 77 28 1 55 79 26 72 80 70 29 61 27 15
20 20 9
96 41 42 77 54 14 10 70 67 81 80 75 71 7 73 11 12 21 17 61
98 37 38 42 91 9 2 6 3 0 76 70 72 70 80 9 67 65 46 56
99 98 61 58 89 0 2 12 7 4 53 41 31 25 17 16 75 59 52 52
38 14 49 50 5 14 91 16 15 33 40 49 95 10 1 19 69 64 49 58
92 91 91 98 28 28 44 1 55 33 3 79 78 33 34 33 91 89 95 87
95 30 91 85 35 11 30 29 47 27 96 95 70 90 58 40 38 97 99 30
66 72 90 82 26 76 89 78 80 80 5 79 84 93 31 39 51 18 99 66
24 4 32 28 34 40 58 6 7 55 93 88 89 25 29 29 54 11 100 99
20 5 26 43 34 7 62 50 98 84 85 84 12 18 16 79 72 95 91 87
20 5 86 33 78 11 57 56 90 93 89 88 23 17 90 54 54 57 90 49
21 5 51 48 86 17 25 82 88 92 15 24 39 93 23 57 63 61 52 48
95 90 49 47 84 21 21 7 92 74 36 18 79 17 100 16 64 69 76 74
9 53 21 33 42 33 24 62 99 96 31 20 79 18 21 22 26 64 83 92
25 85 80 70 67 66 65 29 29 34 25 17 20 14 27 67 22 66 38 69
15 87 81 79 64 13 8 28 6 78 3 1 0 4 36 65 51 2 84 77
19 70 70 77 84 93 5 2 61 23 4 26 4 7 44 47 42 7 0 64
26 54 74 63 64 84 5 2 6 23 29 19 42 41 40 49 44 1 57 62
98 91 37 64 59 18 10 8 4 30 71 65 67 41 13 55 79 68 52 9
93 60 73 66 68 93 93 48 3 40 66 57 63 57 45 48 84 85 76 75
15 66 66 74 59 92 99 57 94 86 86 94 54 80 60 56 52 67 69 65
20 20 6
36 17 24 43 49 43 83 70 72 68 62 4 26 23 98 59 56 3 8 88
36 39 52 65 65 39 70 27 86 67 77 6 9 56 90 89 92 91 93 94
41 93 69 66 54 59 92 86 90 84 86 85 88 59 89 6 94 90 38 39
72 70 70 95 71 65 96 40 88 63 92 96 89 56 62 60 97 32 34 35
74 1 4 75 71 65 65 67 90 88 33 20 90 96 16 16 22 25 20 15
82 73 7 8 73 65 69 66 95 21 23 29 79 84 78 84 27 24 23 18
47 64 11 93 57 67 72 70 12 18 18 7 56 60 85 96 21 27 25 19
63 59 96 97 99 63 75 69 17 11 15 61 65 11 66 61 18 15 21 20
60 42 8 75 70 84 78 82 55 88 62 88 60 8 64 65 45 13 31 29
71 40 13 71 67 70 94 100 56 87 66 63 65 63 61 65 55 80 45 44
72 38 44 2 65 89 55 50 56 6 61 57 6 96 98 36 34 37 48 44
72 31 55 8 66 8 28 13 79 83 87 93 91 69 59 22 80 48 47 15
74 31 47 18 66 54 48 16 94 97 99 97 94 28 77 86 88 84 98 92
3 30 34 59 50 53 13 11 47 66 99 95 94 23 29 58 60 28 33 97
83 65 4 58 52 56 5 13 44 69 95 96 88 22 54 44 56 54 33 14
80 49 34 56 53 78 74 33 30 74 94 32 83 80 56 57 60 12 5 17
42 40 53 52 76 69 72 77 44 66 100 27 48 10 54 49 18 15 3 56
18 18 15 75 70 65 86 81 43 8 6 88 58 18 22 90 15 39 40 34
67 17 21 98 85 80 40 7 1 3 56 28 23 22 22 27 20 36 33 33
48 14 26 16 81 84 56 61 64 62 58 99 99 2 74 61 64 34 20 91
20 20 2
98 46 48 46 15 14 16 65 67 66 54 5 4 70 14 39 13 57 67 65
97 45 46 91 14 15 13 66 31 30 30 35 33 34 35 37 30 30 2 65
95 95 40 40 14 27 68 67 17 100 98 33 31 32 37 39 86 29 63 65
96 97 97 40 37 26 25 58 17 30 93 85 98 38 37 18 86 93 17 45
96 32 40 38 38 28 6 5 7 78 79 78 79 79 12 19 50 50 16 18
98 96 70 42 41 3 4 64 64 91 79 78 81 28 10 18 17 52 10 7
45 43 44 41 40 32 81 30 66 83 31 8 8 45 56 1 5 54 56 46
64 64 43 41 41 67 68 69 68 29 24 14 93 92 91 0 3 43 42 96
3 1 25 87 33 31 1 69 46 45 44 6 91 91 41 2 3 62 8 69
2 33 93 33 59 60 62 30 44 44 46 46 92 89 7 5 4 3 91 20
99 100 66 66 38 69 64 16 21 3 62 19 91 92 36 6 8 3 18 78
64 62 64 66 1 10 17 74 25 45 48 17 89 90 15 8 7 3 58 52
65 64 63 72 74 12 21 22 24 94 92 94 23 72 37 38 36 4 4 54
63 45 44 38 20 20 21 23 22 38 12 58 57 37 36 86 3 66 6 62
94 5 88 92 20 20 19 23 24 35 36 58 57 52 33 32 37 36 6 5
94 95 96 94 92 21 17 18 32 32 15 17 20 40 33 33 37 19 8 8
73 72 96 96 99 81 16 48 46 44 16 16 22 88 86 87 96 21 8 7
56 71 73 98 1 13 15 30 28 33 57 17 21 24 91 88 88 0 10 8
55 70 74 74 81 51 50 50 26 28 75 56 54 25 46 4 90 2 85 2
96 15 15 81 50 52 47 48 24 22 25 91 25 23 24 19 18 85 85 48
20 20 36
58 44 88 51 3 11 22 54 75 52 82 65 50 68 60 46 26 90 54 37
94 19 34 27 15 49 11 43 33 18 71 75 100 89 57 75 56 86 31 17
62 34 49 55 55 13 38 82 68 2 35 89 60 29 85 16 76 60 24 9
12 95 61 77 81 58 32 94 59 63 89 85 36 32 49 15 39 44 58 8
53 75 91 51 66 52 65 5 31 27 1 30 56 43 18 4 58 35 68 46
24 36 60 51 54 22 94 100 81 53 65 20 86 43 22 62 91 66 91 15
76 53 59 43 0 84 87 78 57 95 51 77 86 34 47 39 42 68 40 62
45 20 54 50 61 83 34 69 21 22 55 77 51 3 41 52 78 41 67 58
58 72 54 36 9 49 97 59 49 23 90 80 5 24 34 46 17 45 41 15
16 69 38 11 26 91 72 80 92 71 91 9 70 67 31 34 43 28 6 67
34 78 53 47 72 77 25 33 33 13 3 19 48 87 17 18 22 23 68 35
60 94 50 92 61 88 55 56 9 24 47 50 46 77 7 33 8 89 68 52
54 18 85 92 86 75 96 85 87 97 29 24 20 57 48 45 90 94 94 25
45 17 25 93 38 59 70 13 76 70 75 11 9 33 16 71 80 87 76 9
12 45 28 49 29 71 37 55 74 47 82 22 25 14 45 69 81 67 62 60
50 73 33 40 3 23 22 96 99 13 44 93 34 6 97 54 52 51 54 24
25 86 42 17 12 39 49 67 82 6 86 61 64 15 51 26 21 100 35 14
64 82 55 48 13 33 33 43 59 73 78 38 63 38 13 35 30 71 4 25
81 27 46 35 12 13 61 72 52 40 35 64 42 10 20 34 21 34 3 66
25 32 33 10 90 93 40 33 25 51 37 98 41 24 24 2 71 42 30 77
20 20 1
46 46 37 31 56 15 14 74 44 79 45 91 90 51 15 77 76 80 32 28
47 55 6 34 33 15 15 44 45 44 85 32 33 98 99 100 76 0 94 28
47 85 36 35 31 6 63 34 45 92 87 14 34 33 34 100 26 25 72 29
65 86 86 35 48 84 92 46 45 30 74 34 35 53 34 99 31 31 73 47
44 45 35 34 69 99 93 95 30 29 28 27 18 53 33 32 32 31 20 47
74 84 64 33 18 98 99 88 62 32 29 3 43 44 46 47 31 30 82 82
50 27 97 32 52 99 99 61 61 31 3 2 2 65 30 30 30 30 64 65
83 84 84 67 68 4 99 61 30 30 29 20 19 24 30 51 62 30 63 19
6 18 69 67 12 5 5 17 8 8 61 21 37 36 35 52 21 20 21 58
68 68 68 69 15 33 5 9 8 7 95 20 36 37 34 52 38 20 20 57
23 70 69 69 6 5 4 8 7 8 5 23 73 37 37 38 37 28 99 12
7 16 51 50 6 6 7 8 7 23 4 89 73 72 2 15 79 79 1 12
7 8 51 49 6 32 19 18 49 4 5 90 39 73 74 35 68 72 26 53
79 79 50 50 84 84 85 18 72 1 94 90 48 74 67 65 69 71 75 74
80 32 32 22 23 39 84 60 95 95 79 89 26 58 57 56 70 71 10 33
81 77 33 2 23 22 59 60 89 88 88 88 83 17 9 57 58 59 10 32
76 77 35 34 39 82 83 84 30 87 49 99 99 57 53 88 59 17 9 8
61 67 9 8 61 81 82 82 97 87 36 50 49 56 88 88 60 45 33 9
74 73 9 82 62 59 34 85 46 46 68 67 57 57 87 69 61 45 8 9
88 8 8 66 61 60 35 22 23 73 68 67 66 96 97 69 87 86 87 9
20 20 96
30 35 62 92 19 76 66 56 21 40 90 78 44 60 18 7 3 20 80 29
92 10 17 92 91 90 68 54 97 53 71 69 43 46 90 79 36 84 82 59
49 22 20 37 10 99 8 84 5 12 72 76 95 30 10 6 28 68 24 71
24 34 47 41 19 98 85 11 72 67 65 40 68 91 43 75 28 67 91 43
38 28 3 62 69 15 78 40 6 72 97 74 89 82 5 44 83 97 2 90
27 13 55 93 93 93 95 27 7 71 56 39 44 38 85 75 50 95 60 59
41 36 33 34 17 60 33 86 10 4 79 99 36 7 36 40 87 7 15 93
73 9 41 90 61 6 81 38 10 2 86 97 37 62 12 60 93 21 34 0
59 58 53 97 6 20 89 50 6 68 69 56 34 81 99 95 94 49 33 78
39 19 8 17 20 78 88 27 8 75 64 34 17 63 100 23 34 36 26 73
35 47 66 83 72 31 77 64 68 84 18 83 28 98 38 72 0 30 97 24
73 12 59 17 93 99 68 50 36 79 63 8 17 83 21 75 16 78 40 81
56 24 87 39 13 52 47 46 11 10 39 22 89 96 14 4 44 39 20 42
32 15 32 19 67 73 86 72 42 22 57 74 21 4 89 87 8 29 51 68
29 78 45 61 60 92 3 72 14 25 18 88 5 53 27 78 89 27 36 99
96 67 84 62 47 62 52 80 47 100 80 75 99 19 50 64 31 61 31 28
33 25 85 61 25 29 21 24 55 42 32 53 33 1 57 71 82 9 14 88
32 50 27 31 96 26 56 30 65 3 10 45 40 54 25 24 4 40 76 88
8 100 28 5 40 6 45 32 63 60 84 100 41 7 75 34 0 51 12 57
97 13 64 22 54 7 16 46 55 79 39 8 24 54 2 75 8 59 10 37
20 20 5
94 95 82 85 28 35 4 9 7 44 49 97 94 5 19 17 21 19 24 7
85 83 83 84 87 5 7 9 98 48 48 1 45 0 16 16 30 31 27 22
2 3 56 93 91 50 6 10 20 23 58 14 59 59 31 30 25 21 12 17
7 68 54 42 16 18 74 78 74 72 88 11 1 5 30 25 30 30 33 14
54 55 54 59 43 83 36 36 71 99 59 49 74 72 67 60 13 27 29 0
50 99 50 40 43 42 32 6 73 58 61 88 93 89 35 51 8 3 40 49
55 51 47 48 52 36 28 25 27 90 88 93 58 62 59 52 36 39 37 67
60 96 97 3 49 91 66 23 23 44 28 41 33 57 60 10 12 36 84 88
60 69 40 83 34 33 34 24 35 40 12 29 32 57 6 7 15 15 16 88
11 15 41 86 66 65 59 58 57 24 28 29 22 26 30 55 18 13 81 9
6 4 7 63 65 65 63 80 83 25 26 27 27 60 61 56 22 23 18 7
63 28 6 58 22 23 95 81 69 72 29 31 30 68 60 69 73 68 52 60
32 77 4 82 11 28 34 51 72 77 97 98 33 37 64 66 72 42 47 25
29 34 6 78 94 92 15 17 69 63 100 9 88 70 43 7 35 41 43 26
26 29 42 61 63 73 71 37 65 61 24 92 90 77 2 5 60 64 73 84
25 29 31 94 25 72 74 15 60 27 60 25 21 22 0 1 59 63 63 49
30 29 34 65 58 74 70 66 83 80 2 30 30 53 28 76 63 59 93 100
26 91 30 60 60 62 66 65 65 79 99 98 89 93 24 46 86 12 100 100
20 62 58 63 69 58 66 67 61 84 99 96 92 92 43 45 83 42 80 3
24 58 62 61 66 53 65 61 79 79 97 100 84 15 19 95 78 80 78 8
20 20 29
72 57 11 29 24 55 50 79 68 11 24 45 9 36 20 86 60 24 50 47
70 58 35 15 21 92 69 67 21 64 83 67 9 29 25 46 23 35 10 68
89 34 8 37 11 86 62 95 95 60 93 62 85 70 81 72 14 33 68 4
14 16 6 32 1 64 89 88 84 63 81 83 13 88 92 51 13 93 90 91
14 42 65 12 11 48 68 90 88 80 67 29 5 68 60 34 20 33 60 67
17 34 54 7 2 46 36 26 59 48 50 23 79 41 43 55 20 14 54 79
16 100 94 8 34 70 82 17 2 69 4 45 51 59 44 42 5 61 36 83
45 77 13 100 100 92 60 17 17 79 2 88 75 87 69 93 60 72 90 83
74 54 83 88 40 11 42 50 47 72 93 98 91 99 50 66 92 50 61 62
99 39 46 75 82 32 13 2 25 8 67 87 88 98 79 64 91 8 97 81
41 33 24 36 19 30 19 32 11 0 26 28 50 69 57 60 71 11 18 55
89 72 30 60 35 19 67 26 86 0 6 84 63 31 37 18 38 8 36 4
43 55 4 12 67 13 100 46 63 89 96 85 84 99 0 4 1 3 82 23
40 14 6 4 2 12 91 56 47 74 4 22 23 88 9 14 83 10 17 8
60 78 76 74 61 33 94 69 19 97 98 27 47 57 48 69 41 60 77 64
72 66 69 43 96 87 13 8 16 6 35 89 97 27 6 23 64 44 47 44
86 7 41 46 53 64 98 75 15 50 71 23 70 84 29 86 80 92 79 72
51 30 100 82 57 61 97 85 38 50 97 29 56 48 10 8 74 63 53 50
61 42 46 49 84 83 73 71 84 54 82 53 29 42 59 81 55 70 41 45
69 45 45 50 23 88 7 31 95 90 59 84 63 61 61 53 76 99 1 6
20 20 6
33 81 24 33 80 86 92 67 63 55 62 58 60 35 32 30 26 3 4 38
52 15 95 29 34 86 86 18 23 52 54 57 32 70 67 5 30 8 10 60
22 86 95 24 30 92 90 43 48 32 93 19 23 73 68 3 8 11 13 60
22 89 93 23 18 92 77 44 87 34 18 22 18 70 74 67 16 28 32 35
64 62 14 18 17 19 23 46 12 38 40 71 18 70 75 71 17 49 59 40
14 17 43 75 23 15 19 36 42 32 42 61 69 71 65 67 61 65 68 60
13 21 26 50 96 100 99 40 55 75 54 52 65 70 76 68 66 70 70 95
24 26 25 91 99 99 94 100 85 82 56 56 54 58 73 14 42 40 65 93
24 27 31 28 28 58 78 2 7 80 9 8 10 48 75 15 43 46 75 88
93 30 28 24 73 62 97 24 86 80 8 2 43 44 75 71 60 41 45 90
97 94 33 32 73 95 17 81 82 76 5 87 35 11 81 95 11 40 53 51
20 89 95 77 79 17 34 29 31 75 96 91 72 81 87 93 27 21 30 20
90 16 28 72 73 75 85 29 8 52 99 80 80 74 83 0 31 33 31 79
81 18 4 6 69 75 42 32 39 91 95 90 77 80 42 37 37 43 76 75
55 91 0 2 63 46 46 37 37 36 45 78 75 77 77 36 38 44 14 18
51 55 1 4 50 45 45 50 29 89 87 13 27 64 69 37 90 95 17 17
50 38 50 4 44 63 49 49 85 76 81 33 100 37 59 91 6 30 12 46
33 53 49 40 40 39 44 43 71 26 32 27 22 33 95 91 42 33 74 44
10 96 43 39 36 23 28 58 71 80 44 43 39 90 94 90 59 36 35 38
9 100 37 34 82 80 69 56 94 78 50 79 36 47 66 47 40 41 93 81
20 20 48
79 32 17 22 29 85 61 60 3 70 23 40 84 83 33 28 40 14 53 29
45 61 39 55 80 95 70 75 89 59 81 61 87 78 17 69 47 4 18 3
70 13 51 40 36 66 56 37 68 82 73 53 70 22 67 36 18 58 35 100
51 60 56 32 39 87 87 49 42 52 92 75 61 48 37 36 99 31 29 54
43 60 80 87 53 56 36 39 13 19 86 47 22 96 54 18 85 2 63 87
54 33 40 51 6 51 67 61 1 99 89 93 74 70 33 65 13 69 92 44
99 73 35 94 27 18 22 67 64 28 47 21 20 48 91 52 71 92 60 32
47 90 51 30 66 60 52 27 7 3 38 23 72 78 78 97 26 78 60 36
73 45 80 76 41 75 37 13 47 48 58 31 7 23 99 1 13 25 17 5
52 62 20 4 23 59 49 51 2 26 29 38 9 92 33 83 97 22 91 45
69 30 65 74 34 79 22 59 79 49 71 42 46 10 76 44 28 49 84 67
92 47 28 37 60 52 52 72 72 83 72 45 100 35 22 21 21 53 50 29
78 81 58 22 47 67 79 96 53 42 26 96 37 14 43 71 58 11 14 31
72 89 30 34 60 32 51 84 19 34 45 90 5 0 36 69 66 17 89 75
71 94 81 63 99 8 23 50 75 31 52 78 93 47 93 85 25 13 32 25
87 41 85 83 44 76 49 32 56 31 37 82 39 37 77 17 26 37 0 0
94 63 46 60 83 3 29 18 17 28 73 76 80 71 38 37 45 11 26 21
24 70 64 69 46 93 84 23 26 36 27 43 92 30 16 85 29 72 86 68
52 23 44 99 14 24 50 72 40 90 11 8 28 14 30 92 28 76 44 20
95 0 69 98 82 35 93 30 6 19 35 67 28 19 9 31 72 44 84 93
20 20 10
86 27 31 40 32 92 92 91 24 15 74 42 83 67 74 67 20 26 16 81
99 28 20 29 34 92 49 92 22 16 76 69 77 77 72 74 75 78 12 22
58 83 14 75 42 47 41 89 58 49 77 68 85 89 38 19 24 74 0 29
69 90 93 56 46 54 39 97 66 53 68 72 83 92 54 59 68 64 51 44
6 18 28 3 8 97 47 47 66 96 92 89 99 96 47 44 68 55 56 39
84 86 26 52 13 47 49 96 42 33 27 79 90 86 19 64 60 92 45 40
74 84 87 91 84 74 97 93 36 92 25 88 95 91 95 85 85 91 37 45
83 40 95 32 2 90 92 99 99 93 31 30 29 17 68 8 91 42 35 28
6 48 51 53 52 98 54 70 37 15 37 89 27 27 27 56 91 29 19 18
68 57 36 52 32 60 55 42 44 48 38 28 35 29 38 59 78 75 9 27
84 91 95 56 61 66 59 23 61 52 57 28 3 24 34 55 80 32 16 18
86 85 8 3 60 51 42 33 44 50 90 19 36 33 67 63 72 20 22 25
23 56 20 59 42 39 42 43 10 14 8 9 75 65 66 64 65 39 42 100
27 52 7 56 63 29 18 36 45 10 3 12 70 72 74 77 73 64 79 86
18 24 16 22 25 29 17 68 100 16 20 47 24 67 88 84 76 26 75 84
76 21 19 15 70 19 34 60 73 23 1 41 1 4 18 26 81 91 73 22
68 24 20 26 10 6 44 39 96 71 1 33 8 9 10 12 20 32 35 30
78 87 93 90 83 59 68 47 88 66 7 10 15 11 96 4 10 85 32 22
85 31 100 55 59 68 97 94 82 95 88 87 51 41 36 9 40 67 67 69
90 77 19 93 54 78 97 10 88 98 93 38 42 34 4 47 36 69 70 60
20 20 5
18 55 59 55 13 8 71 99 95 32 45 42 43 39 39 15 55 48 72 54
4 9 61 55 57 65 70 58 96 87 40 40 47 15 43 80 81 43 79 10
1 32 6 62 61 64 47 52 0 4 8 43 65 34 38 33 13 91 47 55
31 27 62 63 61 57 42 52 51 49 6 86 63 10 70 35 96 95 1 80
35 31 70 62 65 62 58 23 28 89 93 1 3 1 6 1 98 74 13 27
87 29 72 85 65 12 62 51 25 88 95 89 0 0 1 2 4 49 99 26
89 96 92 58 64 100 44 55 21 84 100 84 39 98 5 6 3 4 9 70
13 85 92 59 60 48 45 91 41 100 96 82 15 6 5 81 10 8 72 74
51 90 65 60 31 90 41 58 46 96 24 81 85 6 22 62 10 0 5 8
67 62 64 59 7 89 85 59 46 43 18 48 70 9 60 60 5 4 0 48
90 67 70 6 45 50 43 47 81 43 16 62 28 52 57 65 78 3 3 20
47 75 64 68 3 1 63 63 78 79 28 61 24 55 54 55 75 5 87 19
63 65 60 69 69 3 65 7 9 82 56 59 19 51 55 50 47 2 48 48
49 45 50 76 74 95 20 35 30 53 5 10 15 47 48 62 79 76 50 49
59 40 54 79 81 12 24 61 65 4 0 15 12 18 20 42 33 36 76 80
95 19 16 65 81 87 23 65 64 86 45 46 78 20 22 22 73 41 73 8
93 18 13 74 79 78 95 87 88 83 40 33 84 82 10 64 38 75 68 4
90 92 13 71 69 10 54 51 37 41 37 36 75 86 6 96 83 70 69 93
88 94 98 68 65 64 59 57 2 41 38 36 78 83 27 41 38 21 21 91
89 61 61 0 55 55 55 45 41 39 75 77 77 24 68 44 39 84 25 30
20 20 4
42 65 65 1 1 24 24 9 13 21 17 9 53 57 4 4 56 0 54 52
40 18 68 21 3 27 21 18 19 23 21 12 27 80 21 19 51 53 56 53
1 20 64 0 3 22 18 89 85 68 85 81 78 49 19 20 23 78 29 52
25 24 62 95 9 18 14 43 65 16 50 50 51 51 49 58 2 65 49 51
30 88 86 54 53 15 17 16 52 51 47 93 47 67 87 14 16 81 78 8
11 85 12 9 53 3 4 20 36 5 73 17 31 85 83 7 13 38 42 41
34 38 8 12 49 1 27 34 63 59 10 14 13 14 15 51 17 2 68 40
23 42 9 11 10 0 97 74 57 61 65 15 10 80 51 51 29 0 2 60
99 98 12 14 62 2 24 54 59 19 55 11 12 1 6 94 2 2 26 16
96 99 51 55 58 93 23 58 61 57 51 0 14 47 93 55 57 4 55 18
94 98 10 54 84 82 81 51 49 49 41 20 18 17 54 57 91 7 51 65
82 83 50 72 8 46 24 38 38 8 12 13 21 82 38 43 37 29 48 11
36 90 47 42 46 45 38 34 3 5 5 15 17 13 14 51 99 43 74 14
48 35 70 40 77 46 72 31 35 2 4 14 13 15 17 42 41 41 43 81
47 36 42 43 48 47 72 35 83 27 25 81 17 17 81 77 26 62 40 79
45 35 41 41 51 51 72 25 16 45 34 56 59 56 83 13 23 6 8 75
41 38 41 45 49 45 47 87 16 49 47 49 51 55 15 12 27 49 4 75
43 41 98 22 53 51 47 86 44 40 43 46 54 47 50 29 29 36 98 75
40 96 19 19 99 52 49 89 76 41 41 47 51 47 91 88 29 32 20 63
35 15 26 24 43 34 3 4 0 94 57 35 86 41 84 86 28 31 27 82
20 20 20
53 33 72 89 86 46 32 88 47 27 94 43 27 67 79 91 82 45 42 30
20 43 87 100 91 35 40 84 94 78 85 85 23 61 61 89 57 28 17 17
40 25 67 11 19 32 81 99 96 90 97 83 33 63 3 12 92 18 77 10
49 10 88 100 94 28 68 7 97 77 94 12 12 95 44 41 15 31 11 31
15 7 27 17 80 56 76 20 31 54 63 23 57 52 7 46 36 21 28 36
99 13 17 25 37 33 90 50 47 77 70 8 34 2 46 20 15 18 1 98
94 9 0 37 39 19 37 3 39 86 69 16 22 19 8 0 4 55 54 42
24 28 4 18 62 12 16 6 96 99 81 7 96 3 25 77 92 8 35 86
22 23 95 59 45 16 32 69 56 60 69 99 95 16 19 18 14 16 30 16
22 9 100 70 34 60 39 53 66 2 15 47 33 20 49 26 23 67 63 3
26 34 19 78 58 87 74 62 72 62 28 52 38 92 8 26 6 71 10 14
79 0 2 0 41 71 53 42 35 49 39 83 87 8 13 44 0 20 67 2
60 13 62 14 73 53 49 45 99 94 7 15 44 18 45 55 80 0 15 19
76 25 46 38 77 96 66 5 28 43 35 46 47 55 52 57 74 1 29 35
64 5 20 26 74 81 55 73 56 80 46 37 61 77 70 50 57 41 48 36
24 17 39 13 22 16 2 78 87 8 29 78 73 73 76 37 47 98 17 32
34 28 46 27 27 9 17 22 32 43 24 7 56 75 26 47 51 65 31 46
31 12 29 33 21 27 10 4 58 72 47 43 54 73 24 37 63 75 60 57
24 22 21 93 23 37 56 84 12 27 94 90 97 91 89 53 46 24 31 73
41 28 19 23 40 51 77 95 75 80 89 100 88 82 59 40 60 43 16 77
20 20 8
16 18 19 79 82 82 77 57 0 96 88 92 91 49 44 59 64 6 75 46
17 81 78 85 45 81 88 91 88 90 80 100 62 51 28 58 66 3 72 72
59 87 85 16 28 17 95 97 93 29 40 51 54 62 56 56 69 61 60 72
65 97 84 36 29 54 14 98 99 94 41 44 80 53 14 49 62 64 59 66
21 21 43 37 45 49 50 9 95 96 93 37 6 51 17 18 69 71 53 74
81 93 28 36 39 44 65 64 97 95 15 13 5 52 65 40 63 65 47 61
85 11 16 36 39 38 46 54 15 19 18 12 45 23 67 70 64 63 68 64
36 33 52 44 37 37 43 13 56 60 56 19 16 19 61 39 35 54 35 34
34 34 34 40 37 36 37 17 18 53 16 20 22 16 33 43 36 35 31 32
92 35 1 26 80 33 31 31 2 18 13 15 87 16 31 39 95 36 17 37
96 91 16 25 74 82 88 14 18 10 15 19 92 11 59 56 50 44 24 32
52 96 12 10 80 88 33 13 18 72 80 25 29 54 24 78 71 66 19 82
45 6 10 62 22 82 91 95 22 76 45 41 26 59 66 78 41 41 11 55
52 52 39 69 46 53 50 41 39 90 96 70 77 81 82 96 44 47 48 56
57 46 34 23 57 49 44 34 33 92 92 67 78 88 91 88 94 41 36 71
84 45 38 25 58 43 44 50 51 43 74 66 22 26 37 31 31 36 73 77
8 53 31 35 18 44 45 49 6 16 6 0 0 31 29 63 67 73 74 84
70 61 25 32 56 36 30 76 4 13 21 91 85 79 70 70 69 75 16 36
68 66 65 36 44 87 29 78 45 8 34 83 26 78 79 77 74 70 25 60
67 78 75 54 12 7 2 3 38 80 71 64 39 80 80 79 12 69 18 30
20 20 21
78 92 81 93 5 9 37 57 99 33 43 25 76 88 97 18 6 6 17 31
4 29 60 11 2 12 32 12 32 28 27 39 42 5 79 39 25 1 16 55
61 86 74 5 5 2 18 0 9 39 62 76 64 49 91 98 81 95 87 72
48 46 14 24 26 11 76 76 22 31 61 88 46 53 44 25 75 92 82 62
37 20 27 14 82 18 73 86 44 38 41 29 20 35 63 59 57 34 47 91
49 99 87 9 0 25 84 28 2 34 43 82 75 55 40 72 45 44 76 59
17 38 52 15 29 33 75 18 19 40 27 92 50 47 36 41 85 93 0 56
17 17 69 25 43 42 56 29 49 59 16 98 88 56 56 44 50 77 86 96
5 14 1 5 19 24 45 49 61 92 20 26 52 89 77 92 61 1 4 63
23 11 13 53 13 15 26 79 61 85 96 80 26 89 67 64 69 44 36 15
9 21 6 71 87 33 79 2 53 97 78 88 76 69 60 83 49 10 82 73
41 3 96 80 99 70 81 37 37 57 52 90 68 60 62 87 5 79 89 75
14 1 79 77 84 80 64 76 63 81 95 88 27 48 57 81 6 44 84 72
75 94 82 10 60 94 61 54 80 76 89 88 97 31 90 49 38 61 25 55
100 93 36 14 51 39 90 62 83 58 29 92 82 29 44 29 36 56 57 58
56 57 61 78 90 96 51 61 86 76 62 82 62 6 3 21 23 47 60 46
69 56 63 80 67 35 38 91 98 48 48 0 39 42 4 14 55 62 52 54
57 81 77 82 80 76 58 99 86 37 39 62 55 21 6 36 63 48 68 68
72 57 38 44 95 66 88 17 15 91 33 53 56 12 3 32 72 41 18 12
18 40 43 73 89 81 55 30 72 67 65 57 69 32 91 72 90 53 58 67
20 20 4
66 68 72 55 47 46 6 1 32 92 26 55 64 9 12 12 13 21 17 14
68 64 58 77 76 36 7 10 33 91 89 58 4 91 34 16 14 88 98 13
94 76 55 58 62 48 7 4 30 27 17 43 6 68 69 12 67 98 92 88
73 69 56 87 4 46 8 69 5 23 20 18 63 65 65 31 77 19 18 29
18 14 59 88 56 74 0 2 2 25 16 14 15 29 94 91 45 48 51 41
96 95 96 26 78 76 75 32 64 28 15 16 95 83 80 92 89 53 4 95
97 91 62 61 69 72 39 39 50 32 16 12 88 86 43 56 95 49 0 2
6 64 66 65 0 75 43 43 47 87 27 23 22 19 89 21 9 53 3 5
1 61 70 0 2 1 48 18 94 91 24 23 21 19 87 44 40 60 0 34
61 97 98 31 80 51 48 4 77 92 22 58 21 20 22 18 16 63 84 80
31 29 31 31 89 25 25 3 81 14 48 46 25 34 97 61 60 58 82 78
19 8 5 9 11 7 8 34 8 97 19 18 16 67 55 57 91 86 79 16
14 10 6 2 23 4 7 81 43 43 15 1 15 11 95 46 88 89 16 16
11 29 21 2 5 2 15 19 55 47 18 57 14 15 11 50 89 92 78 46
24 9 89 13 10 78 21 18 51 49 21 60 75 11 7 61 89 89 73 44
27 11 8 10 77 74 88 84 82 81 90 86 51 5 62 74 71 75 76 37
23 13 10 11 78 74 77 83 83 40 84 91 54 37 34 31 14 88 1 41
47 10 12 12 9 55 2 54 53 52 90 92 88 38 31 31 14 14 11 90
50 70 65 41 8 1 7 30 16 82 30 28 28 32 27 31 30 30 99 92
90 0 0 39 10 3 3 24 20 38 60 90 69 72 30 31 30 27 27 94
20 20 9
62 0 55 48 7 12 94 58 72 69 35 44 82 45 11 20 29 24 61 61
71 76 17 57 72 29 32 6 58 36 42 53 89 68 66 3 0 31 70 18
56 84 90 12 25 33 38 1 3 32 40 44 71 69 0 6 26 31 50 47
0 17 12 11 30 31 87 96 40 46 36 41 48 50 6 69 35 48 48 63
2 44 74 29 22 68 25 31 31 27 27 27 60 56 63 59 54 20 37 56
14 14 5 85 16 18 21 22 26 36 32 52 59 54 58 59 30 23 16 21
25 22 57 83 13 82 42 33 12 27 45 48 59 57 63 64 20 22 20 93
29 18 11 2 38 38 33 30 90 80 28 38 46 53 29 97 29 26 26 80
6 4 3 48 74 37 42 97 87 78 27 29 31 35 27 19 31 13 84 43
2 1 10 13 37 45 53 28 74 98 12 11 31 35 27 42 29 3 88 93
3 8 13 0 33 28 59 59 54 94 18 9 97 37 23 44 41 22 26 53
12 14 6 12 76 78 61 40 43 33 50 56 10 33 92 3 19 19 19 69
96 6 4 10 70 12 55 49 81 83 28 69 32 42 9 2 11 15 71 74
97 32 96 52 61 28 31 89 87 87 90 35 38 43 54 59 68 48 74 73
30 90 99 96 69 85 54 93 38 89 86 29 42 44 49 67 64 54 68 21
46 94 92 72 26 33 100 95 81 59 56 35 79 60 86 62 60 70 66 74
40 92 21 22 17 37 77 69 70 68 12 82 74 77 85 0 7 91 97 74
36 100 29 29 4 9 86 84 85 93 90 84 78 79 75 4 2 2 79 81
44 33 29 50 16 23 19 16 19 2 7 5 73 62 60 12 5 1 5 3
95 33 38 40 43 35 4 21 94 99 43 78 12 9 11 16 0 1 6 91
20 20 4
74 76 48 13 74 75 18 19 17 55 41 74 37 41 46 35 38 28 84 66
71 73 97 38 42 23 22 22 32 44 4 36 37 41 49 31 92 21 90 88
47 43 39 53 92 93 22 20 48 60 19 51 48 50 50 96 93 91 93 62
90 52 1 57 95 93 29 27 38 52 65 54 53 50 46 95 97 98 91 88
23 6 12 65 67 37 33 29 35 53 54 26 50 50 98 94 86 27 14 64
19 10 13 64 68 34 31 94 94 93 10 14 52 54 95 91 88 27 25 68
23 29 26 68 65 63 25 98 57 92 74 17 49 48 98 97 89 89 81 77
47 27 70 66 95 99 99 95 59 89 87 16 32 25 93 93 91 20 99 96
48 23 86 4 93 97 96 91 80 81 6 74 31 67 71 97 92 91 91 72
50 57 55 7 7 43 91 87 81 84 87 84 85 24 86 87 90 95 88 100
24 56 51 44 5 21 87 83 83 88 86 84 26 24 90 87 93 31 93 39
50 47 48 50 82 65 83 82 80 81 84 81 28 76 100 88 97 62 40 98
47 45 93 95 25 68 20 24 83 85 23 24 91 31 47 90 93 8 4 74
47 89 88 86 89 68 21 60 82 80 49 51 53 7 46 4 2 11 7 3
43 86 89 90 3 64 18 8 26 85 83 47 51 8 50 6 12 13 9 6
68 10 85 93 38 42 85 88 86 88 54 24 60 58 55 35 12 52 23 25
75 71 73 54 18 40 96 10 41 52 99 27 59 54 56 38 41 85 29 81
74 72 24 25 22 18 96 11 31 68 97 27 23 24 76 85 85 88 79 43
63 40 24 26 25 61 39 47 68 91 95 29 20 23 74 82 79 82 6 64
14 38 5 22 24 14 17 20 65 86 60 31 35 76 73 79 78 95 11 26
20 20 3
83 22 13 91 54 49 50 50 77 76 74 76 76 31 34 82 70 69 76 78
84 34 34 36 37 13 97 78 79 79 78 13 18 32 35 62 73 70 78 76
86 37 34 12 10 10 100 84 82 15 81 13 99 3 0 74 71 69 12 76
89 80 77 14 14 16 46 85 82 46 95 92 89 40 71 79 68 71 70 78
90 78 85 87 16 17 2 4 14 86 96 64 42 39 74 7 10 8 68 67
83 81 86 92 94 46 1 43 14 14 73 65 40 83 83 84 82 15 56 52
23 84 83 87 85 11 71 86 89 12 11 66 10 80 11 11 11 12 67 18
69 82 84 87 89 86 97 78 52 14 12 8 9 4 98 13 37 99 5 5
86 83 82 66 45 32 24 27 1 50 9 6 6 7 18 63 38 39 8 48
21 63 20 69 48 29 28 28 58 56 46 39 58 63 82 85 79 56 57 48
65 62 97 98 88 32 91 45 46 48 90 14 17 22 86 83 82 84 49 46
64 62 10 100 87 34 93 91 46 89 92 90 17 20 23 15 80 85 20 25
49 3 45 99 86 22 93 37 61 58 91 0 32 30 47 12 83 82 20 18
75 81 81 48 87 87 95 74 97 93 90 3 41 43 45 47 85 64 66 83
84 81 78 51 51 83 100 71 64 49 11 47 45 44 65 66 63 60 63 63
73 66 97 53 52 27 28 19 74 47 48 51 48 46 20 21 50 36 33 17
31 18 50 51 50 25 29 25 28 51 52 52 72 48 51 20 49 36 36 33
5 16 15 73 73 23 23 51 53 50 56 14 69 45 43 43 48 22 38 31
53 38 70 72 94 92 3 45 63 16 17 57 86 46 51 28 46 23 17 82
33 32 33 85 74 86 4 2 21 18 8 56 94 93 59 31 47 23 48 45
20 20 17
7 8 98 86 19 24 40 65 14 3 20 95 11 25 67 97 97 24 99 99
29 23 89 75 30 98 65 72 17 4 14 7 49 66 53 40 58 40 68 68
54 72 88 40 64 100 79 74 0 14 31 31 34 53 48 57 64 32 32 66
65 90 36 11 5 94 77 5 6 31 40 61 48 22 89 50 67 72 84 67
80 85 52 80 82 88 72 100 75 79 81 74 64 25 95 93 77 63 52 35
68 99 65 69 74 6 84 84 83 66 78 79 47 49 57 78 24 34 25 30
80 93 73 68 66 74 72 79 92 34 92 75 88 46 42 31 67 75 84 16
90 17 87 38 26 84 86 66 4 17 60 81 13 29 20 22 84 30 22 81
10 27 81 56 22 22 19 57 45 29 90 21 12 80 65 52 36 26 15 96
74 80 95 82 7 67 68 59 6 18 34 20 4 51 23 41 35 31 26 93
0 15 38 26 63 73 61 67 10 10 57 88 55 43 45 69 73 11 74 23
49 67 81 44 46 54 70 62 57 72 50 27 17 30 41 54 63 78 66 17
70 63 89 15 32 39 64 14 26 68 34 22 61 56 40 54 46 45 63 32
9 35 14 27 64 80 51 35 41 18 14 22 40 31 52 46 49 80 4 16
36 39 53 36 4 49 45 9 5 18 49 56 30 43 69 67 53 59 49 52
77 25 58 17 24 51 21 31 31 89 8 69 40 33 70 65 54 44 18 75
70 82 95 69 74 77 31 26 22 38 40 55 57 58 79 95 53 28 23 16
95 58 80 81 97 93 25 31 65 25 34 46 41 49 33 37 46 60 29 23
19 99 82 92 94 32 35 97 70 66 23 29 56 36 74 55 58 21 93 94
32 43 66 1 26 38 21 29 37 54 33 1 35 18 73 75 79 33 23 30
20 20 78
57 2 47 58 71 91 13 78 45 58 95 62 27 89 26 76 38 35 58 69
14 23 65 33 62 43 25 61 88 48 64 38 1 33 3 74 61 93 94 34
14 73 74 0 4 74 65 5 21 26 2 11 80 61 91 79 66 82 81 48
44 75 37 79 90 34 88 35 91 64 41 37 64 68 17 8 80 48 50 90
58 78 43 60 85 43 90 86 15 92 71 11 50 79 48 87 77 59 9 25
61 16 87 19 69 64 44 1 58 70 47 51 30 79 56 64 41 81 52 92
93 39 17 32 70 71 39 84 27 27 2 62 41 75 13 85 66 58 52 83
78 7 81 51 4 48 18 38 14 34 22 59 71 82 48 34 78 88 10 46
81 96 74 24 4 68 58 21 70 6 57 16 68 21 96 4 92 28 56 88
35 67 63 33 74 63 69 65 99 3 39 71 82 84 46 51 24 11 78 88
84 40 57 19 66 46 16 80 81 35 23 90 12 72 100 40 46 62 29 62
48 61 94 30 52 46 47 12 70 16 15 59 68 49 23 12 90 54 16 2
42 86 43 80 99 54 85 49 97 59 5 36 51 80 83 89 51 20 25 97
75 29 59 13 23 33 92 64 94 57 83 7 50 41 11 63 99 68 12 83
62 46 42 95 0 91 52 13 53 21 64 39 66 30 86 97 53 33 73 68
39 71 54 37 23 2 18 64 91 37 3 97 85 64 58 97 83 67 89 44
21 97 58 37 0 80 56 91 34 94 67 94 94 79 54 47 34 96 27 48
71 45 66 43 42 35 61 32 37 78 91 49 32 56 39 5 66 16 83 96
51 54 65 27 45 57 42 79 25 64 39 68 82 37 10 84 3 66 20 72
24 90 16 65 11 54 45 26 48 81 36 90 25 80 2 76 31 64 76 21
20 20 38
85 79 94 56 91 69 66 34 56 71 100 61 66 28 66 73 75 93 44 14
91 84 71 74 40 2 52 45 50 54 99 88 39 42 50 60 60 79 80 54
77 25 63 16 99 79 94 73 52 85 100 99 53 77 74 99 99 85 91 5
94 85 57 10 7 54 80 70 89 55 47 21 62 27 57 47 69 50 11 93
89 59 61 47 38 36 59 37 51 57 81 45 48 23 77 39 59 82 70 36
86 56 90 83 15 52 69 9 40 63 30 58 55 43 6 82 90 83 88 23
52 39 11 17 56 93 64 21 11 50 9 0 26 58 48 72 75 37 67 53
36 9 6 28 80 85 50 57 20 2 3 93 2 66 31 18 76 13 40 15
23 38 56 83 86 61 18 55 59 5 1 72 54 29 43 15 93 41 17 94
11 0 13 32 75 51 49 79 87 25 16 56 69 46 14 67 29 21 2 10
96 61 71 61 68 57 87 60 59 19 96 61 1 81 65 92 36 49 47 34
55 70 58 68 87 95 61 34 41 16 89 72 89 74 53 74 45 84 32 74
24 57 20 92 51 41 36 82 97 85 56 3 36 34 0 72 81 28 32 3
19 61 56 52 68 4 91 64 26 63 81 13 45 38 23 72 69 14 41 98
80 83 72 94 82 28 20 91 30 75 96 7 5 20 25 28 23 46 52 39
79 50 46 90 88 73 5 18 30 54 49 59 62 67 60 58 61 54 10 30
60 71 68 87 54 6 36 11 3 6 86 4 55 92 85 18 93 36 35 63
74 57 69 50 22 56 52 90 7 33 34 72 94 78 22 51 38 8 34 96
50 88 64 11 11 68 79 48 65 30 23 98 89 55 88 88 16 23 45 65
42 28 38 68 85 70 50 52 92 68 34 80 80 17 27 71 3 55 92 93
20 20 95
48 38 18 25 75 87 87 94 25 37 77 42 40 67 42 86 67 30 16 85
34 5 6 48 83 72 72 33 65 22 8 54 88 37 53 81 27 49 79 78
36 91 48 38 25 6 59 29 31 77 99 13 36 71 21 81 47 43 20 0
24 57 15 20 21 19 73 9 5 7 3 48 4 42 76 35 58 65 53 86
9 77 66 36 53 29 58 38 13 38 46 19 83 85 47 36 47 0 95 80
37 29 9 17 77 18 14 81 22 13 71 91 40 62 60 74 93 60 31 73
65 42 19 58 72 15 0 70 25 81 55 41 100 58 93 14 57 34 37 10
49 20 83 88 85 35 34 5 62 80 5 80 16 60 79 54 41 29 95 61
99 34 62 78 82 83 32 2 90 30 87 29 74 93 3 57 73 90 13 33
8 55 9 95 81 26 66 69 5 78 41 22 64 44 70 68 62 2 48 45
43 31 21 47 34 86 48 92 74 10 45 75 73 29 84 3 69 50 7 13
3 54 31 99 10 51 53 26 25 80 74 61 39 27 7 35 40 13 58 29
27 4 32 13 45 55 79 61 65 23 42 28 25 41 23 45 61 99 87 29
10 76 99 73 23 85 39 68 70 9 100 56 41 14 61 84 19 72 8 71
66 31 54 38 95 18 37 19 45 83 26 4 81 11 40 69 24 30 85 95
82 81 55 43 83 74 23 88 73 18 81 64 81 74 73 1 20 92 87 98
2 72 78 0 36 11 61 64 18 17 96 33 13 74 80 49 40 69 51 59
28 79 1 87 16 85 27 89 14 71 54 68 99 25 55 30 55 42 73 55
61 98 72 70 99 91 0 6 92 25 61 56 60 92 20 76 33 69 41 72
6 21 14 90 59 51 58 91 46 31 23 70 42 21 0 61 36 43 37 74
20 20 4
20 21 24 91 89 85 99 95 37 2 5 93 96 99 85 93 95 23 80 31
85 100 93 90 92 58 59 99 95 1 2 2 6 90 88 92 91 87 82 16
63 99 44 82 47 43 3 4 0 0 90 86 52 94 85 85 87 8 3 61
93 31 6 6 39 58 58 54 50 53 21 9 69 87 88 92 87 4 7 62
94 97 47 49 46 42 38 39 62 51 51 5 57 69 60 94 91 33 89 63
98 95 49 50 51 52 42 9 61 54 54 55 53 54 100 98 94 37 42 23
36 75 41 46 23 54 21 12 57 54 52 11 13 52 33 29 40 40 53 84
88 64 61 58 71 50 75 93 89 55 49 29 33 35 33 10 3 38 56 39
100 31 72 78 27 24 78 82 81 81 80 71 80 34 35 5 1 41 5 7
53 77 98 2 34 46 95 97 96 78 3 14 80 89 86 85 30 34 14 18
23 20 98 17 45 78 53 99 100 98 96 10 84 93 87 89 27 49 18 15
12 24 21 24 96 84 71 96 100 94 82 39 87 89 88 46 29 49 45 14
61 40 38 68 57 55 92 68 86 72 43 40 89 87 91 42 50 50 46 46
60 17 16 16 61 57 57 52 47 50 46 42 10 12 15 15 18 15 15 46
34 30 32 29 21 4 57 51 47 52 48 45 12 15 86 35 58 94 91 89
38 43 42 39 24 5 59 49 45 46 48 45 45 19 18 65 64 63 21 74
42 45 34 35 85 42 80 83 47 41 17 17 89 60 64 67 91 44 82 10
15 14 30 43 40 42 78 87 76 77 23 24 27 66 70 89 91 87 85 86
62 11 8 26 39 40 58 86 73 75 22 28 56 52 51 49 91 68 99 84
25 12 84 81 22 42 83 87 72 68 65 32 76 75 45 49 48 79 55 85
20 20 9
56 63 82 78 11 16 19 57 80 97 78 89 94 9 6 56 65 64 69 43
38 70 41 41 82 15 8 63 82 38 22 74 81 80 12 61 73 74 81 74
46 63 69 93 94 48 65 65 42 25 28 37 73 29 84 79 85 79 85 80
95 78 71 92 30 64 63 98 56 14 31 29 76 25 20 55 23 94 30 77
96 59 66 86 79 86 91 100 54 7 19 20 47 83 47 0 14 78 31 91
74 74 74 76 76 83 94 93 4 10 48 49 42 71 75 9 11 88 15 96
84 94 79 79 1 0 97 72 1 7 41 47 50 79 81 82 27 83 92 88
35 89 9 88 10 12 19 82 59 41 47 88 7 37 97 90 96 62 83 89
53 35 12 80 8 4 100 46 36 33 97 97 28 37 40 81 76 81 79 89
44 9 63 74 70 98 54 48 42 92 85 99 97 73 42 68 61 81 77 80
39 30 54 67 64 62 83 41 6 93 87 42 34 54 61 58 67 76 78 88
58 31 35 43 15 7 16 12 5 91 56 57 16 8 28 49 66 69 77 86
90 99 45 48 14 18 88 43 36 99 80 13 96 90 28 32 40 40 35 57
40 90 36 41 6 58 16 43 84 96 88 10 6 89 89 90 56 32 40 35
15 8 29 42 51 42 43 94 97 97 94 22 95 94 96 87 65 36 76 37
43 67 25 12 14 35 32 100 42 88 99 79 73 74 75 67 62 58 68 35
52 80 29 23 16 16 27 50 51 36 15 86 78 14 74 64 63 56 76 62
95 79 83 31 13 9 73 73 49 19 17 70 86 63 69 64 72 54 22 24
95 94 77 39 34 68 29 9 8 14 23 97 100 15 61 74 67 53 31 20
25 93 83 67 41 46 41 5 3 12 31 74 62 20 14 13 9 88 28 24
20 20 48
6 19 29 17 81 46 27 88 58 71 53 94 19 33 22 54 38 69 57 54
24 6 17 30 33 72 89 85 86 67 56 56 46 29 62 22 14 12 61 90
51 37 29 30 10 7 29 40 79 88 83 20 10 38 68 45 0 17 96 93
13 78 9 58 40 32 50 8 79 60 42 26 27 29 51 44 10 9 96 21
58 3 45 13 26 26 61 55 56 4 46 44 18 11 34 64 53 26 88 51
23 31 18 27 26 85 58 68 90 62 28 44 42 53 0 19 60 67 50 44
75 100 29 68 47 7 61 13 30 16 61 60 36 24 9 76 80 66 71 39
30 59 96 74 51 51 16 55 42 94 100 49 67 1 1 53 90 68 41 62
46 72 95 72 70 43 99 15 44 3 74 50 10 14 62 49 84 29 7 30
61 49 77 71 68 84 94 16 76 46 43 54 7 33 49 3 81 100 54 95
79 15 77 2 47 87 13 19 56 21 11 15 18 6 33 20 33 21 38 17
32 2 78 45 58 64 40 59 67 51 36 26 5 23 38 47 89 35 39 47
15 25 33 15 12 22 28 27 71 29 5 24 40 99 74 13 82 95 38 2
34 39 9 12 58 15 35 19 25 48 42 5 46 12 82 5 99 57 10 28
6 22 40 20 34 1 45 37 43 14 16 14 56 8 44 56 49 64 16 12
100 24 31 35 17 60 4 7 39 100 9 47 47 30 55 0 22 48 7 92
86 12 99 86 44 54 98 5 93 88 13 28 84 41 55 46 61 86 96 83
2 12 25 55 9 24 56 50 99 32 74 71 65 79 22 84 69 31 47 61
6 11 40 78 89 59 34 14 93 48 87 87 6 51 41 88 25 44 20 56
48 17 19 96 51 54 1 7 65 35 60 25 66 50 18 94 64 19 0 87
20 20 100
30 49 43 16 60 84 80 55 35 47 4 40 34 26 0 5 73 59 82 20
39 91 83 97 54 34 1 25 31 54 0 70 14 85 3 15 75 82 72 32
56 27 65 92 19 38 16 95 46 6 74 86 47 32 72 21 16 48 72 71
9 46 73 61 85 73 18 96 88 38 89 41 1 63 32 100 99 82 73 18
62 93 53 17 55 87 38 39 41 97 94 54 76 63 62 94 87 53 48 21
33 62 0 34 53 82 92 55 72 3 13 62 80 36 10 51 21 33 17 11
14 78 7 39 28 78 48 75 46 88 37 4 51 13 22 83 91 98 18 44
60 50 15 85 23 72 67 100 13 81 89 57 88 73 4 9 25 68 37 36
60 10 19 32 43 55 1 37 12 45 10 20 47 72 7 96 88 16 30 26
38 98 53 0 85 1 37 31 76 94 83 67 30 78 66 64 94 19 45 22
32 45 60 53 9 55 74 5 36 51 97 2 36 77 14 80 19 7 56 87
9 37 32 11 21 73 41 40 94 0 37 42 42 61 32 46 55 65 99 77
47 22 12 37 78 49 25 98 1 7 41 79 86 85 57 16 46 6 71 18
82 52 83 1 72 53 90 8 37 62 76 55 9 12 63 37 99 60 67 62
7 4 20 15 8 49 96 64 63 91 89 68 12 97 70 8 93 25 76 81
77 38 52 82 12 51 72 55 74 100 96 11 18 59 98 69 11 58 84 13
31 13 82 23 15 56 95 94 82 80 9 90 64 8 88 93 96 94 29 4
59 95 32 10 90 67 80 6 10 4 30 28 61 33 57 60 32 37 53 15
39 30 33 38 30 97 60 1 14 34 28 98 2 13 47 96 3 57 4 70
73 88 36 44 100 67 57 41 3 65 47 20 98 68 78 31 30 96 96 82
20 20 7
80 97 51 45 44 94 88 88 63 70 63 64 9 61 56 41 48 48 53 27
42 33 55 50 20 51 29 25 23 64 68 65 66 63 58 61 59 57 49 44
79 36 33 27 92 23 30 64 18 69 56 54 60 57 55 62 50 58 70 78
75 100 19 72 13 18 15 62 11 74 8 56 61 99 10 42 38 68 68 71
75 46 47 46 24 17 19 11 22 27 1 49 55 37 36 49 45 52 59 65
73 68 42 49 54 29 17 11 22 76 59 48 84 35 31 34 49 55 55 58
98 32 26 45 94 92 97 18 22 29 26 78 89 30 21 32 26 63 59 58
32 35 76 41 34 97 9 40 36 34 33 82 48 43 39 23 22 66 64 68
76 9 59 38 29 91 61 31 9 33 48 82 27 25 24 28 57 52 47 86
47 49 64 68 24 99 55 68 28 39 2 5 20 81 74 49 44 45 43 97
32 37 14 9 55 98 96 91 21 28 24 21 18 83 78 46 48 97 14 30
26 28 7 92 97 97 99 99 93 32 25 21 12 44 57 92 21 19 36 0
21 90 83 65 66 14 43 58 58 65 18 18 26 37 61 98 19 26 100 32
90 85 36 62 12 19 98 23 24 72 16 12 37 34 32 50 58 17 13 82
66 39 35 30 18 19 16 24 23 22 79 7 7 22 29 96 13 61 65 49
92 44 41 0 22 0 29 27 28 23 12 12 11 18 96 90 35 59 92 94
2 6 59 57 29 28 22 24 60 48 53 20 10 13 99 93 41 30 98 94
6 5 60 18 87 85 80 79 56 53 57 21 14 83 45 98 19 23 22 76
53 0 54 79 50 76 76 78 68 62 64 82 78 84 27 24 14 19 16 22
80 96 97 95 47 30 82 88 70 70 37 81 56 91 2 2 18 18 52 46
20 20 43
6 44 86 82 23 44 32 20 63 6 32 21 23 53 72 35 99 81 84 100
83 53 61 42 15 86 87 50 15 68 83 54 21 28 68 61 93 93 93 74
46 32 28 42 41 90 87 78 87 79 21 84 85 61 98 100 82 4 48 50
3 21 62 42 68 98 56 36 27 93 53 53 35 34 64 55 89 50 87 99
36 60 51 9 69 87 53 47 7 4 33 99 70 62 61 28 57 93 83 75
9 80 14 2 58 68 55 59 34 68 58 89 75 80 59 56 29 61 66 35
28 25 2 34 33 58 74 62 18 7 49 89 66 39 46 88 19 77 2 70
3 35 40 71 50 76 64 55 72 10 12 27 9 66 9 33 31 40 73 76
6 72 29 87 82 26 100 65 24 12 16 47 50 48 27 66 78 77 3 42
8 19 6 60 79 99 66 1 24 80 67 64 94 10 93 68 45 19 0 12
32 43 51 89 38 75 77 8 84 57 99 98 39 26 31 2 88 56 58 24
32 25 83 54 55 43 67 59 46 45 78 35 63 29 99 86 77 98 98 62
32 37 20 34 28 24 19 42 76 93 95 93 13 21 62 86 38 80 5 69
36 74 17 38 71 57 45 72 44 80 57 72 29 46 37 44 47 95 59 99
71 22 34 49 33 86 70 41 3 78 73 10 41 14 49 86 21 73 45 79
37 61 77 24 0 63 43 39 25 38 62 81 57 81 36 48 36 68 27 87
50 40 69 60 20 60 45 93 58 34 87 68 93 56 67 8 41 75 64 98
93 13 47 43 48 54 37 85 50 37 32 66 61 41 96 5 40 0 67 93
79 1 71 44 53 67 75 36 56 16 17 46 73 31 80 69 18 12 39 79
76 32 20 1 47 79 20 62 31 34 80 11 30 11 95 47 78 70 55 77
20 20 8
76 47 70 73 78 76 68 69 29 13 19 45 41 45 48 91 33 55 38 34
75 54 86 90 84 82 11 64 22 99 86 46 49 46 40 67 53 58 13 31
70 56 0 4 7 72 91 22 81 81 83 4 2 1 80 64 64 54 78 75
65 59 57 64 63 95 93 85 81 78 75 3 6 55 73 48 56 82 79 94
65 66 6 42 44 76 88 85 86 11 76 0 6 3 80 87 56 90 82 79
26 63 90 97 89 92 91 78 88 8 70 5 75 75 82 80 75 82 81 82
61 55 59 58 44 41 79 76 80 7 59 64 60 5 82 64 67 75 1 86
28 47 20 14 31 60 72 76 50 43 45 37 97 77 86 12 16 83 76 83
49 54 68 14 31 82 49 50 2 13 39 40 35 97 24 83 8 20 67 19
79 61 61 20 67 74 56 55 21 13 53 49 42 72 69 40 34 28 65 97
77 28 63 72 75 72 39 17 22 75 84 92 62 7 9 44 29 23 14 1
34 39 70 22 17 44 45 13 93 83 3 45 60 53 34 49 54 15 86 9
28 63 92 21 40 45 10 66 70 73 3 43 46 57 43 49 29 12 92 5
55 71 9 11 52 50 13 55 58 95 73 41 38 8 5 1 2 4 9 11
8 66 72 47 45 96 10 47 42 38 90 68 31 9 6 52 4 10 18 18
8 13 8 90 45 51 8 43 3 38 22 31 44 39 43 95 8 9 89 68
62 18 40 96 100 55 53 22 17 30 28 73 74 20 56 96 88 89 96 60
63 25 76 35 91 61 98 96 34 34 9 62 21 22 16 9 88 32 86 66
78 98 13 67 73 68 5 100 23 34 16 91 30 40 86 9 70 9 90 70
35 39 38 93 88 70 24 27 8 40 11 94 73 45 80 85 90 98 90 90
20 20 92
10 10 36 87 52 45 39 31 45 23 79 8 92 0 89 86 78 78 94 52
71 8 9 41 28 71 62 69 84 69 33 15 29 21 89 25 4 92 25 33
90 33 61 11 5 24 95 95 46 75 45 49 92 14 77 92 24 84 76 30
29 25 61 2 38 94 0 58 74 34 43 64 96 77 76 84 41 10 20 14
35 98 33 97 92 92 62 19 61 26 23 44 7 98 77 68 16 46 33 0
2 73 4 79 11 19 20 17 50 39 8 58 27 79 53 4 83 1 8 26
7 27 93 80 83 11 78 74 60 31 85 61 76 96 20 57 57 73 8 34
14 88 71 37 47 62 48 86 72 44 84 18 7 51 69 76 91 30 51 91
58 70 22 11 22 53 0 31 11 65 27 71 42 14 16 98 39 1 67 61
29 61 43 38 94 57 49 9 15 4 52 85 21 46 88 4 40 47 17 58
10 66 67 42 38 33 81 80 1 2 3 16 0 77 3 18 82 18 32 41
25 31 74 60 7 18 20 39 41 11 86 66 13 22 8 28 45 94 94 68
43 19 54 42 45 57 27 47 85 56 52 24 88 85 95 97 11 77 47 54
40 75 58 26 20 88 24 28 88 82 75 11 0 48 9 72 65 14 66 96
88 44 75 31 90 77 57 61 26 67 43 50 7 91 3 99 17 40 14 23
27 37 87 49 91 56 68 85 4 56 27 98 35 56 59 83 30 9 8 57
53 40 59 29 18 21 45 5 26 36 70 36 32 61 14 27 69 51 49 79
21 85 95 17 44 84 1 54 14 57 85 64 71 80 81 0 65 45 75 70
46 95 70 47 90 62 17 16 68 26 79 21 17 84 69 54 57 24 97 36
19 47 77 66 7 94 55 19 81 34 13 9 7 12 46 43 11 23 63 16
20 20 1
86 86 87 55 52 12 64 60 60 65 34 38 37 39 39 27 70 69 21 76
86 87 87 54 62 24 25 26 27 27 35 35 36 38 35 27 49 61 49 52
85 53 52 53 62 25 25 74 26 26 36 36 35 37 13 36 83 61 49 42
54 54 53 57 16 15 15 14 14 14 14 13 34 23 37 37 84 82 45 43
78 79 59 58 16 16 16 15 15 72 73 72 11 11 11 89 32 82 81 81
77 80 57 57 69 31 31 14 73 72 72 72 20 12 12 100 31 97 81 82
44 79 79 56 64 26 91 14 72 72 21 20 86 87 47 99 100 99 96 97
43 78 79 42 48 80 43 60 85 85 85 85 86 67 74 39 64 99 99 98
42 79 78 52 47 81 65 82 83 84 84 84 86 2 20 20 21 21 62 61
53 52 95 59 58 59 56 83 85 85 83 44 71 70 71 55 56 1 63 62
52 40 95 94 26 54 55 83 83 84 83 45 14 29 70 11 46 2 63 64
24 39 63 64 29 55 46 93 30 30 3 10 11 30 70 52 51 12 78 78
35 36 63 65 1 17 20 38 30 31 4 9 10 10 11 86 85 83 39 59
59 73 62 64 1 17 21 20 21 20 19 93 33 32 86 87 37 84 83 83
55 54 41 40 1 66 65 64 18 8 64 10 45 8 87 86 9 8 67 82
86 29 16 16 15 100 64 17 18 18 17 87 46 58 45 94 91 92 53 64
43 42 17 15 16 99 100 99 17 95 94 45 45 59 95 95 94 93 52 65
71 33 42 82 16 98 32 49 48 15 95 81 4 42 95 94 95 94 50 50
69 32 47 47 17 16 94 72 78 52 53 54 67 81 40 94 1 1 51 66
83 88 91 46 15 15 75 59 19 7 13 84 44 78 22 94 52 53 52 67
20 20 16
61 44 55 9 81 97 96 62 52 93 78 64 57 64 41 84 79 67 74 42
3 44 43 51 56 52 7 8 52 62 51 52 59 33 85 92 92 76 85 48
3 44 16 95 96 89 43 29 4 17 79 64 68 83 87 91 97 27 55 47
52 18 80 36 8 48 62 36 76 25 81 41 74 98 92 76 84 2 53 24
40 78 82 93 31 34 82 79 0 23 9 23 88 93 80 89 76 31 24 22
39 68 54 11 46 42 53 71 77 76 81 76 93 96 85 40 41 28 35 77
36 71 42 20 44 43 63 63 38 68 70 80 87 45 38 36 5 10 19 92
52 72 87 24 84 83 60 73 31 42 30 24 50 50 27 28 47 54 4 85
67 71 72 73 83 97 61 44 54 94 37 67 90 60 0 24 29 93 8 53
54 36 85 30 77 66 13 14 18 98 84 77 76 39 31 52 7 61 45 38
71 24 34 35 50 54 86 34 86 6 13 78 71 78 63 56 12 52 39 46
83 77 78 87 86 81 90 42 75 82 81 79 80 98 86 70 88 94 83 99
68 65 84 74 58 71 87 75 77 29 23 15 65 45 73 93 85 80 89 12
5 75 63 67 49 72 76 69 85 61 47 69 66 53 79 98 94 58 66 62
60 58 3 1 88 75 71 85 94 73 85 7 47 90 87 36 61 67 52 70
72 60 15 91 82 75 56 49 35 34 22 100 61 65 11 86 32 25 6 68
52 74 3 85 35 56 57 13 19 4 39 59 74 79 94 98 24 36 89 69
40 89 92 67 76 72 21 6 5 26 23 94 14 0 95 88 59 27 7 74
53 81 58 77 75 6 43 53 8 14 11 38 7 16 91 11 62 23 12 21
27 27 53 65 75 97 29 91 60 0 11 13 7 9 33 65 66 33 19 20
20 20 59
56 46 47 40 15 73 86 29 13 88 73 59 4 72 46 38 7 29 20 48
56 6 65 97 83 100 60 82 61 34 87 29 25 16 60 96 17 61 41 29
83 38 97 12 22 3 44 50 36 91 85 31 20 10 3 40 96 20 85 93
38 11 88 0 2 28 24 67 14 96 37 79 40 15 82 54 75 30 49 25
97 29 44 28 28 8 28 84 100 88 11 18 32 42 86 86 3 14 92 72
25 71 38 62 5 14 36 78 44 53 6 48 14 29 1 38 77 65 62 35
58 12 47 16 66 73 74 43 82 91 53 18 29 31 3 56 3 73 62 48
85 65 91 61 90 100 42 4 29 32 65 55 99 1 21 95 56 33 12 27
73 14 47 44 48 83 19 90 57 67 24 65 95 28 39 52 49 78 57 11
31 18 92 64 6 50 24 61 45 75 7 78 80 65 99 17 59 34 48 81
34 62 86 68 56 64 75 46 52 85 96 35 83 38 6 67 95 56 2 45
45 72 23 19 10 24 63 50 36 87 62 77 42 14 1 51 50 49 41 42
99 27 16 68 57 24 34 60 27 84 72 36 68 41 17 49 99 3 35 78
40 27 97 51 9 48 33 45 84 36 25 49 4 37 96 90 32 51 29 28
26 77 91 44 10 11 8 52 59 49 28 37 72 0 73 59 51 16 57 24
87 33 73 29 57 63 7 17 9 17 28 53 79 20 62 17 32 52 19 69
87 79 89 95 83 28 25 24 2 71 47 6 0 33 33 70 40 65 54 38
48 93 51 5 54 44 77 21 40 21 16 37 19 87 65 51 24 59 14 11
49 58 55 3 61 99 61 72 84 4 72 42 7 50 8 82 36 8 19 40
30 60 32 92 52 72 51 28 75 52 10 69 55 23 1 49 30 31 81 13
20 20 8
86 79 44 93 96 32 27 33 58 52 5 12 49 52 0 24 21 28 32 37
91 82 95 90 97 76 30 30 22 46 52 50 49 57 92 18 12 66 56 40
94 86 24 5 4 10 38 42 31 43 11 85 92 91 1 26 20 74 26 39
81 78 83 40 7 49 44 36 33 89 44 33 87 85 7 43 26 75 91 15
74 76 85 92 0 67 51 50 5 79 40 68 74 78 15 60 44 44 87 9
73 74 78 61 91 76 73 65 9 2 25 17 78 22 28 80 88 88 81 6
100 75 69 65 98 95 48 60 11 8 6 9 83 20 36 84 91 88 88 12
11 73 42 37 96 65 21 53 27 13 47 88 56 13 6 87 94 99 44 97
13 74 49 53 98 63 17 81 75 16 89 92 71 98 6 92 87 94 88 91
15 67 4 48 94 68 69 89 19 15 92 100 98 60 62 68 9 5 83 28
90 73 53 51 68 65 68 67 12 23 4 97 30 69 76 75 71 29 9 3
92 40 46 48 94 90 74 79 20 58 60 56 45 81 84 77 23 17 16 11
26 15 9 48 17 5 82 87 27 22 17 48 40 42 80 80 85 9 17 17
96 89 16 0 7 11 98 86 94 20 26 49 36 3 81 76 80 43 13 9
78 92 1 4 7 44 91 86 93 97 97 54 20 55 79 84 78 46 31 2
91 91 2 10 4 72 0 86 28 96 53 56 23 55 78 81 81 32 33 12
71 53 0 14 11 42 34 48 51 84 52 53 4 57 59 65 58 29 19 17
77 1 4 79 56 47 49 43 51 9 59 61 61 62 59 48 45 25 26 41
27 89 3 46 41 22 43 70 56 82 61 64 59 66 57 60 55 85 95 39
90 81 7 66 34 26 31 30 51 82 24 62 59 54 58 64 49 43 26 40
20 20 3
55 84 64 28 66 91 80 45 43 79 81 92 34 12 6 88 40 43 97 99
53 52 55 56 34 44 80 81 63 84 22 22 50 44 93 91 24 25 74 34
50 52 58 60 36 83 83 79 61 87 20 24 24 91 90 92 37 91 38 37
53 55 21 41 39 44 75 13 80 62 85 75 91 89 78 95 36 29 45 100
68 66 23 99 99 73 76 11 5 6 31 34 81 26 60 60 39 8 43 72
69 53 21 34 24 66 68 68 90 90 33 37 83 83 58 57 38 11 11 85
65 65 100 98 71 69 91 65 66 27 27 36 38 66 60 57 11 11 8 7
55 64 99 75 69 71 71 98 96 30 37 36 36 82 85 60 89 86 34 68
65 99 98 5 90 73 88 69 42 18 15 34 34 82 79 2 6 3 13 57
68 100 98 3 67 74 44 66 22 21 13 76 9 9 73 70 92 2 58 57
99 100 95 56 64 36 80 75 21 79 79 76 88 24 26 28 41 4 57 41
59 66 24 53 82 4 82 81 80 82 62 62 89 27 11 32 41 59 59 17
61 70 68 47 72 26 80 93 83 85 85 88 88 38 40 40 56 23 22 21
64 67 69 67 69 66 84 46 81 80 84 23 20 21 38 48 37 12 25 20
64 73 75 44 69 54 91 91 21 85 83 23 20 53 54 51 40 18 41 72
37 40 43 12 85 66 89 86 89 88 73 25 91 50 16 17 58 19 30 81
6 3 75 88 86 0 99 0 5 59 65 68 92 53 14 33 22 3 12 34
81 84 53 54 97 0 13 82 65 83 72 12 40 56 26 36 72 0 13 13
81 48 95 98 97 42 55 97 65 52 70 11 40 38 18 17 71 88 56 23
10 45 94 94 95 98 23 22 83 78 75 9 21 41 32 80 88 90 87 63
20 20 83
3 1 31 54 13 90 76 31 24 3 42 97 65 60 96 45 41 15 51 48
44 35 16 64 61 25 12 10 37 45 38 63 45 11 26 62 92 5 21 52
86 65 31 21 72 52 57 90 67 80 62 1 39 10 12 16 51 78 82 29
87 34 55 27 61 51 30 24 42 50 100 36 5 0 49 1 76 91 33 3
72 32 13 38 94 42 78 6 82 15 82 28 38 68 66 57 3 31 94 56
25 35 9 27 28 21 80 27 72 86 64 60 67 77 19 60 23 44 30 1
51 98 46 93 57 69 6 30 34 29 30 16 37 46 31 4 82 99 8 64
78 21 89 29 62 58 9 61 4 57 34 38 87 10 31 92 11 74 58 66
88 58 73 95 55 7 92 22 29 5 10 50 12 59 66 64 0 75 92 90
28 12 32 71 96 9 61 59 4 41 35 7 86 81 90 26 15 59 10 21
63 74 30 74 40 85 88 25 49 93 58 56 23 0 7 23 61 72 96 51
65 24 100 41 30 39 5 25 33 36 51 21 98 23 16 63 55 79 34 58
68 4 26 92 33 71 81 1 93 10 31 30 67 96 97 55 67 46 87 71
46 62 99 72 22 74 11 34 35 56 5 24 61 14 88 61 64 23 10 34
74 7 77 75 14 5 42 97 42 78 56 57 77 42 70 20 31 32 82 14
95 85 29 59 53 34 75 47 75 9 27 53 76 89 36 42 38 22 58 30
43 69 56 96 8 57 99 18 9 63 11 21 45 96 68 45 91 85 81 65
47 22 21 96 76 18 46 66 73 37 91 21 85 38 53 28 63 30 57 75
24 70 93 7 34 30 54 5 54 40 92 86 25 0 59 28 43 92 56 28
1 33 84 61 93 8 3 27 92 21 29 75 26 17 19 67 20 16 58 84
20 20 3
17 19 19 86 35 23 25 12 22 23 60 57 58 13 67 65 35 34 47 28
19 22 22 86 39 61 24 24 91 4 15 17 83 16 28 22 32 35 31 30
18 23 18 27 41 83 4 17 16 16 17 18 16 17 14 24 9 7 25 29
18 51 16 26 10 15 3 0 0 0 55 15 15 13 13 14 9 10 12 11
80 48 49 48 47 87 74 45 62 63 18 17 16 15 5 58 12 10 64 68
93 19 49 59 61 88 88 43 63 65 21 81 15 40 55 56 53 56 14 15
29 30 26 53 80 81 59 99 9 68 68 84 18 56 56 53 50 53 12 12
46 90 87 56 79 78 61 37 32 34 66 66 64 54 55 55 55 57 53 75
92 87 87 57 57 27 24 5 90 68 69 74 35 57 76 50 28 30 11 14
14 85 54 57 85 47 48 82 36 57 62 3 37 59 36 4 17 32 44 42
82 86 83 59 70 11 9 78 58 59 76 83 39 38 35 0 46 49 47 51
79 80 82 35 69 13 43 76 74 76 78 85 37 81 1 2 2 3 47 44
78 78 79 33 26 10 53 74 76 8 77 78 86 84 1 17 20 53 50 60
29 55 80 80 25 24 50 47 78 6 6 75 83 87 6 15 18 74 52 51
58 0 79 77 55 26 49 50 65 7 85 83 83 0 32 16 57 54 56 69
26 67 12 33 37 34 76 49 67 70 72 35 34 32 35 16 15 94 59 57
23 30 33 32 35 42 74 89 10 10 90 89 94 32 69 18 18 50 49 93
38 32 34 79 78 45 29 26 87 69 91 90 86 76 14 15 17 55 90 93
11 32 75 13 44 43 17 52 17 24 27 27 30 62 12 71 17 17 18 29
74 74 71 98 26 22 9 85 83 84 83 27 89 11 71 61 15 20 76 76
