10
20 20 49
869874134737551 391737225348926 812046008293099 547843937581621 937783126111257 937783126111237 937783126111274 121043684464166 121043684464151 746420252529839 746420252529824 476724475812598 476724475812636 634235592732615 317591292768786 775242973685803 439368645874507 136884456235078 26844820346907 689327082931473
427579785060856 391737225348965 209686694924212 566163571322569 937783126111254 937783126111260 937783126111268 937783126111258 121043684464169 121043684464182 883928732150349 476724475812608 442679138314002 572530739473352 157963148134205 390879170905249 44331994578708 44331994578679 26844820346865 215011271377533
815230342079165 395820112486931 395820112486904 566163571322549 937783126111312 937783126111271 937783126111296 937783126111340 121043684464150 121043684464173 443340059658877 476724475812589 442679138313978 572530739473335 390879170905199 390879170905242 589650144358689 366813094066664 489734619735361 403651937050872
747633839007414 747633839007428 51407592869852 387468272147749 937783126111360 731959166535537 445813978757207 445813978757211 445813978757191 475246434983873 443340059658919 633256891341538 633256891341573 633256891341551 168201189156838 600798576377407 589650144358646 366813094066633 489734619735370 89995794140297
747633839007404 747633839007435 281829829896514 281829829896550 281829829896504 281829829896484 445813978757211 445813978757259 445813978757219 445813978757185 189551104843074 778031584090048 778031584090056 290469873491209 35126649336880 600798576377374 896213499897535 366813094066667 429561782430549 789628391989907
747633839007377 796055224461286 880851957865180 942527463250166 281829829896527 281829829896510 90626454476966 445813978757306 445813978757262 205097505813618 189551104843104 18514661614127 18514661614124 290469873491250 402492867717774 739969696270819 739969696270771 739969696270791 968936704274323 789628391989913
862732420226433 137424333097479 630667563390918 630667563390889 332366041651700 332366041651730 90626454477005 90626454477007 604933065915573 604933065915556 604933065915572 75502404012107 530598218319128 530598218319110 402492867717756 146011182459201 26919422177654 739969696270760 739969696270735 739969696270778
862732420226400 137424333097508 630667563390898 630667563390877 332366041651731 784755955189405 185262587835140 374133536087283 604933065915563 604933065915598 604933065915606 75502404012124 530598218319162 530598218319174 600927166079599 309363183783033 348599314695667 739969696270774 823804922510052 782530310805334
220940251017120 137424333097525 630667563390857 310528511772797 310528511772766 310528511772721 185262587835146 185262587835108 604933065915543 662240345598434 671859070925517 490668050311677 333067909514970 881946863154514 677818243792861 236942779136169 236942779136180 823804922510029 823804922510003 782530310805376
137424333097544 137424333097511 137424333097515 137424333097564 310528511772751 957453056795530 623500408513561 290751272503092 554046609180957 402329689222863 671859070925485 153077133496869 136174440167244 424245996788516 912761200024404 912761200024362 823804922510066 823804922510017 782530310805302 782530310805336
697350284987507 697350284987475 137424333097550 207340299418027 731719795028379 263825679901529 407601797911999 339499809195864 994247957380172 994247957380221 103671722115760 136174440167270 136174440167243 396821733738820 883668824106921 883668824106877 823804922510105 823804922509979 769176817208761 769176817208799
374013866304633 697350284987465 529967103712036 441132569686293 658918056347114 263825679901538 915134015993660 915134015993629 978538229271606 978538229271603 370017324547635 370017324547588 452060452212343 514300165140720 514300165140748 152843838376506 152843838376555 671030177825951 769176817208771 769176817208801
374013866304621 697350284987483 697350284987471 431367769243998 658918056347139 658918056347158 658918056347165 658918056347184 942654752073779 755573976634474 370017324547600 263111420276480 514300165140764 514300165140715 854686209976070 671030177825915 671030177825946 671030177825961 936743613864081 905156518549643
374013866304583 697350284987478 697350284987592 89974710648806 89974710648771 658918056347096 658918056347125 441302094991579 364079373160336 364079373160369 924496332865527 924496332865513 924496332865523 514300165140691 514300165140651 514300165140695 514300165140717 671030177825982 905156518549637 905156518549665
697350284987523 697350284987527 697350284987574 89974710648767 702627006432862 214551527208700 658918056347077 650292358298445 650292358298483 650292358298465 924496332865575 924496332865476 701365195105528 60117967815080 60117967815057 60117967815057 348961978747568 671030177825990 89735519392082 734347327717602
697350284987517 697350284987494 697350284987565 89974710648776 702627006432854 214551527208713 658918056347030 658918056346983 650292358298440 650292358298465 924496332865562 811146520570810 60117967815039 60117967815080 60117967815036 60117967815040 348961978747593 59602159988890 89735519392072 925735915565407
697350284987530 697350284987574 697350284987521 697350284987488 697350284987446 697350284987446 658918056347047 402858900873770 402858900873813 650292358298446 398367665997263 811146520570825 2767934295528 424792367689710 424792367689683 348961978747590 348961978747558 348961978747599 501807391512210 593531598867856
683800452733760 683800452733737 683800452733770 978661121201050 610592700271103 610592700271138 402858900873808 402858900873796 954669554492042 707551067980828 707551067980833 707551067980850 948645450891779 222441804995383 222441804995349 348961978747575 348961978747529 408588287217551 593531598867808 593531598867822
613623313332179 683800452733728 888406385063362 136865236041779 610592700271066 960974229263809 459170056479726 402858900873776 26751686313725 199630720880937 707551067980826 836007944497588 836007944497612 836007944497584 836007944497588 859798592825656 710273616686702 710273616686706 593531598867831 66412647420
613623313332152 613623313332197 613623313332198 679825143186587 679825143186599 960974229263811 846411780708828 26751686313709 26751686313740 707551067980847 707551067980800 301431194138914 301431194138907 301431194138891 462089290804970 859798592825692 539271987013969 539271987013946 539271987013975 66412647449
20 20 18
433366867192917 433366867192917 433366867192930 472755056875945 472755056875929 871159268452676 273927075789840 684459722439592 455158422393920 455158422393910 379678793776206 417811627249555 417811627249542 417811627249533 335970109648349 710257558106878 659277693960057 710257558106897 710257558106906 574851608576231
266359473681886 433366867192928 472755056875917 472755056875928 738152925568522 871159268452685 946487893312572 21900290252813 920637412122142 498799139025984 498799139025978 850155634759291 305409756288714 417811627249523 254075567200693 710257558106892 710257558106910 710257558106908 61386409803457 167673257304147
266359473681897 533936052384941 941222955792897 877464574377613 738152925568536 738152925568551 738152925568560 475304511326529 833048159516003 680173246264594 77985640341782 850155634759285 305409756288698 417811627249529 254075567200685 254075567200702 11603684528335 274883141618870 274883141618852 274883141618853
266359473681898 911332258272952 941222955792890 877464574377613 738152925568569 738152925568564 782624345558850 782624345558839 339665309849257 680173246264578 77985640341800 850155634759275 626710219925384 739025950105571 254075567200670 156546028003492 568146804714610 910837428781650 337795597317283 86124562496015
266359473681900 941222955792869 941222955792877 768102056405336 224979811274676 877964867755961 597737496396345 732582019356254 339665309849273 680173246264561 77985640341793 426184648530138 626710219925390 102540266297664 254075567200672 156546028003486 385717501435268 215612568986037 821919494025415 560222616989721
890411043711010 474489230568105 877964867755994 877964867755985 877964867755979 877964867755975 199119597479701 199119597479738 199119597479756 199119597479746 714444661560091 714444661560077 714444661560077 549045475321194 311267745163963 311267745163980 385717501435266 489368265287234 614046375982249 466364597458247
981047415292603 278143481535579 877964867755978 877964867755976 877964867755962 901428025581889 199119597479694 199119597479731 199119597479741 199119597479744 381961634610352 381961634610340 428387108890673 549045475321202 549045475321197 226645855267032 385717501435253 385717501435235 168762314739148 785462060507968
981047415292608 278143481535573 877964867755998 877964867755981 877964867755984 877964867756000 199119597479709 199119597479718 199119597479720 199119597479723 428387108890675 428387108890681 428387108890663 549045475321197 549045475321204 351888322034471 351888322034486 785462060507994 785462060507979 785462060507983
238422979867862 238422979867857 138021483792677 877964867755999 877964867756017 94632773237291 94632773237290 94632773237291 821460836380983 298252141460541 428387108890687 428387108890672 273962236056566 549045475321185 549045475321214 458583336547044 506528018094475 715621615501334 186466621174773 186466621174789
238422979867874 238422979867842 238422979867847 238422979867853 238422979867855 94632773237299 94632773237311 94632773237293 821460836380997 821460836380998 821460836380993 821460836381008 273462392200852 822741863790058 408056094216442 458583336547045 704589199790612 559940757440152 186466621174761 78547009176697
238422979867881 238422979867884 238422979867864 465730142250857 465730142250842 875452215712261 94632773237276 94632773237289 821460836381001 821460836381015 821460836380983 821460836381017 815305519006947 222082401535870 222082401535878 458583336547047 369833005752816 584587925138590 511646992948684 994757959511264
296321038699075 62202157577469 819310761895423 596419100687089 844355387303742 495744492633095 467239741753386 467239741753370 541720412963481 541720412963491 541720412963490 821460836381035 198522086351076 571346544377274 571346544377290 571346544377299 526471021682119 526471021682104 722279350611020 766688444019866
499813089218436 540352061729101 467147336640962 467147336640949 154762649767905 467239741753402 467239741753395 467239741753406 402635121085159 661182945730274 661182945730273 661182945730276 661182945730288 661182945730270 571346544377303 526471021682121 526471021682136 240747213291401 364817625618436 766688444019860
117958989685096 735176535577058 467147336640965 117193287419349 154762649767918 467239741753386 467239741753397 240869148181293 9022778351243 661182945730299 661182945730290 661182945730269 661182945730292 507848350433437 571346544377307 571346544377314 571346544377308 571346544377303 394802342775655 394802342775638
102744420395396 102744420395391 467147336640952 710946742680316 462927490973650 467239741753398 467239741753400 775194586401290 187947453620654 187947453620670 187947453620669 207000998156817 734715232104316 507848350433445 571346544377311 269402271579157 571346544377319 571346544377323 227841371306315 558327130408285
102744420395406 751744528703242 519148958593417 617126226531163 462927490973660 467239741753400 807457411732575 775194586401285 382091924370102 982569259406839 187947453620666 924742786270268 734715232104328 548877977402931 571346544377303 269402271579150 571346544377319 916611463087413 227841371306316 156893625465672
102744420395420 751744528703258 519148958593400 519148958593408 61546704239796 82750686123883 818310443285651 894676985863264 827259892981327 577815041625776 463357514107781 463357514107776 463357514107758 463357514107752 571346544377299 116702305701806 954826381896469 515791458382946 591573470591074 353238522619870
651496441144101 519148958593404 519148958593396 519148958593405 519148958593443 519148958593457 896736719984579 894676985863282 912329332200946 274003764305601 547090390626129 463357514107766 580153617448459 580153617448452 116702305701811 116702305701821 599877684226959 62981609148940 401701684079346 479922522134848
651496441144089 519148958593413 519148958593413 519148958593420 519148958593438 519148958593444 914279809382297 693095922662911 912329332200959 274003764305607 688795900195640 463357514107768 580153617448450 795930625244582 116702305701830 116702305701812 116702305701819 292757230349252 401701684079351 479922522134861
524380198530048 519148958593403 519148958593421 519148958593436 519148958593430 519148958593434 914279809382313 914279809382321 853132416727954 60375139508812 442902663910214 971982631446792 349136152718714 265789644006651 299266959255642 299266959255634 299266959255635 299266959255617 401701684079336 620042462068379
20 20 25
811765850747608 673267353167307 343569428624536 726702335861592 515593190346669 25504859016932 25504859016919 825168485444775 410034960049116 374472865263242 74867179991923 644767062297246 822829552169317 331698302865601 252388170558577 252388170558577 252388170558567 252388170558555 515703946305513 116026929155918
673267353167352 673267353167331 673267353167318 673267353167341 552570230990800 947805683069050 285288675285481 825168485444750 43817498226280 382713630168533 74867179991910 74867179991887 74867179991891 576551410334175 918811977762686 918811977762704 918811977762721 515703946305512 515703946305502 142707405678847
673267353167370 182075764868538 535192593937501 673267353167330 552570230990779 762455486688889 444154365505023 825168485444762 825168485444777 825168485444780 613427965888519 74867179991873 157135598343363 545885135668717 841950868349446 882328308553783 849782898108011 515703946305539 515703946305517 515703946305522
182357997639716 182357997639721 672709456855633 13312021436863 552570230990774 311581797309267 311581797309268 216303012113529 151960632641242 254785457838995 540413177773285 157135598343316 157135598343340 308454036557716 432225853409808 882328308553763 841236090908657 193389246157394 515703946305514 515703946305533
565141553886215 563880136443305 805711640327003 280227248912977 280227248913000 56503398447417 554346811925500 216303012113528 448808273497056 228903095785289 128344953712774 157135598343326 157135598343340 111685111724046 565702103485864 882328308553755 829247752542861 829247752542867 515703946305504 459120070513891
419372018716168 563880136443293 563880136443288 280227248912982 280227248913015 280227248913037 554346811925487 388642941368834 249114410388098 694070267890910 412060446292223 412060446292219 157135598343339 375802234011410 209201124563355 882328308553730 79215838085613 364607358942677 306379688045398 80879435315543
74328079036054 185897611107076 552830533552027 300532406369383 397435414271116 927489226111363 388642941368850 388642941368858 388642941368873 613109493291408 721089375185453 412060446292211 730384387990003 730384387990000 730384387989998 80879435315542 565091510163149 510464399090561 80879435315551 80879435315553
185897611107113 185897611107089 892685068728094 506025920762397 506025920762408 506025920762424 388642941368884 388642941368881 388642941368869 921110247595231 589449763467991 412060446292189 730384387990011 730384387989998 990399990776400 80879435315550 80879435315549 80879435315564 80879435315592 80879435315575
892685068728078 892685068728101 892685068728100 892685068728100 892685068728132 748461650618174 748461650618153 748461650618147 748461650618132 320672181069215 320672181069183 412060446292198 412060446292211 412060446292214 546631850873682 80879435315548 80879435315536 80879435315553 80879435315568 80879435315570
48698173100378 892685068728135 892685068728116 892685068728120 892685068728143 401549327053440 748461650618134 748461650618133 748461650618134 320672181069192 320672181069170 320672181069153 412060446292205 412060446292230 555014985520635 701067213383582 701067213383585 326233233337656 326233233337659 669570664059043
886516191121491 390830565601273 121060862970848 892685068728108 892685068728121 401549327053442 901628024076242 563468119499201 748461650618156 748461650618142 492558889192500 989638809241344 989638809241344 989638809241325 690154448577537 419834474050321 701067213383568 666747044404468 218911245260386 557233115228306
84529975241101 84529975241078 84529975241082 526524008504291 526524008504312 526524008504329 45691381707001 861934036020151 732451850579277 732451850579261 732451850579285 989638809241335 989638809241336 69123387993485 690154448577544 419834474050333 701067213383580 902202883346730 207440303854569 207440303854561
325210323355009 325210323355033 84529975241076 324900022463287 435602342800098 435602342800080 45691381707017 861934036020159 681382974915569 732451850579246 732451850579270 989638809241347 989638809241326 386333577474506 935234979004878 419834474050356 701067213383582 207440303854570 207440303854585 207440303854543
374398867391268 325210323355030 84529975241090 315102677545905 406318619578011 406318619577987 798137595741084 861934036020184 861934036020159 861934036020163 861934036020166 861934036020143 256778036300505 386333577474483 609254268124993 580487168390677 950394363719173 950394363719153 181857933612925 181857933612927
178099703046530 325210323355042 325210323355054 325210323355051 406318619578005 406318619577983 406318619577985 861934036020180 861934036020176 913983196195813 913983196195837 20999617065365 531103139515904 130104207154382 494110956331277 580487168390670 964194063984680 964194063984669 181857933612906 891714752986135
656120072704884 32317110704311 325210323355041 325210323355052 857485817443596 406318619577993 742382426483027 138728995011214 127208895698595 766474125311992 913983196195851 913983196195827 141008903592187 326807015987198 964194063984659 964194063984675 964194063984696 964194063984675 964194063984674 964194063984665
702282548792198 32317110704292 328631455555024 328631455555003 857485817443608 948029511726837 949113600734821 138728995011225 845621063103368 913983196195840 913983196195841 913983196195833 359001107678383 136799048848702 296627494641547 964194063984653 964194063984652 964194063984657 964194063984660 964194063984645
242331366193416 242331366193408 104345759187888 328631455555005 771740950232922 397098019153232 410748407276360 138728995011208 935720837156923 935720837156942 675395481935795 359001107678369 359001107678375 136799048848722 432934669902427 511467011627583 594738976631702 964194063984677 984302373133558 984302373133543
242331366193412 242331366193393 94674311215856 328631455554994 328631455554995 397098019153236 397098019153243 397098019153253 478103218289137 964357860495907 476393667723200 111012388852409 111012388852400 603163175628009 653046578928281 511467011627565 115563468984606 764681385003326 984302373133556 984302373133548
242331366193413 762069252685034 328631455555011 328631455555017 287606105057076 167477771306182 397098019153237 418248751853658 956945663614279 418390386788409 621419181952637 111012388852429 111012388852420 997473708637658 362487612350801 760017114123280 760017114123278 764681385003331 984302373133568 55853530434471
20 20 62
632569873861131 809655919130590 173229385536964 173229385536904 747834416143196 577309601649594 224580533294674 882838363765196 651293172277018 274744116579238 274744116579298 274744116579291 274744116579275 542594539697373 573695415490872 573695415490843 836564074005639 836564074005632 897458870008145 897458870008182
414058256255675 381761699369360 173229385537023 173229385536964 747834416143178 577309601649638 224580533294617 874423923265980 990847337498173 274744116579284 274744116579305 274744116579278 274744116579217 574561069378161 574561069378161 617024489010964 836564074005603 987555408847952 897458870008105 838636300171194
821036308466624 145040755899515 173229385536977 173229385536924 224980709038009 224980709037998 685193778221264 54320437209926 954874176239790 274744116579288 274744116579327 274744116579255 274744116579271 574561069378206 588422826582363 617024489011021 836564074005601 897458870008133 897458870008146 503444430349260
97640684369954 145040755899538 324761682273173 324761682273162 224980709038015 811240039459017 440175173263850 742739744658223 742739744658241 742739744658240 742739744658182 15604606976888 15604606976861 447604583540166 588422826582315 588422826582290 883512542556809 897458870008190 427137973396997 427137973396981
226471943318122 145040755899510 424489450838904 324761682273178 324761682273124 811240039458977 440175173263835 742739744658265 742739744658301 637467059389843 514932678341297 15604606976794 15604606976850 796245985169952 588422826582355 474356979117133 474356979117077 897458870008236 807649174919318 773086267002874
226471943318178 711246881536400 327168256011953 268975905023595 45457978929532 931196393992387 440175173263836 742739744658326 900349940945488 900349940945483 900349940945441 15604606976750 309819628789707 54259041598387 588422826582383 296759291645097 296759291645109 296759291645156 496221425837606 496221425837598
574074990392994 987095933448668 987095933448705 987095933448749 850307607298664 931196393992416 510913561060115 383616749606162 214708870941537 905917579315800 309819628789722 309819628789730 309819628789678 151714277558280 588422826582392 588422826582385 302766636153886 296759291645202 681473906804525 333820225276883
246467895106533 760563560401876 760563560401832 987095933448717 315346784626249 931196393992364 454902083747507 568540642092372 941659307254691 385032028501660 385032028501695 309819628789784 309819628789774 252674783374733 588422826582424 588422826582382 302766636153855 608988471258232 355023375558664 993961728936040
96026604484413 760563560401806 760563560401787 392645122949035 315346784626281 931196393992321 454902083747482 454902083747477 941659307254703 950589902261782 648837336932407 169551912597044 790050434548441 790050434548452 790050434548413 51848286014939 51848286014984 51848286015027 51848286015085 735691080368697
682494613309815 929416903211709 495154818010093 495154818010068 303328634273085 34546853469910 454902083747509 454902083747423 216887913106865 950589902261755 263211838257284 597800951412887 31866020296111 790050434548514 790050434548463 51848286015099 51848286015081 51848286015051 51848286015043 774890966802648
682494613309819 258283174363628 495154818010046 211284618067470 323751845067900 323751845067934 555432162730352 555432162730412 689665057842859 855886462475010 855886462475060 855886462475041 393618788223966 52029729402246 52029729402296 338666746860389 51848286015026 353638569841229 353638569841193 699334305507486
368854189618382 586272422446968 495154818009993 2659077113379 323751845067879 323751845067874 278395444486244 453537556473434 778869810714192 855886462474983 855886462475188 855886462475095 337438307654677 52029729402193 15990875028312 774539137313787 256305880786228 743184680662032 743184680662052 49842450922391
368854189618395 519668819947205 775910378870608 683428993662975 683428993663012 602475052438402 179508097117653 968603493124448 778869810714143 778869810714189 855886462475158 855886462475120 337438307654689 730975006873677 15990875028250 447123038296010 256305880786215 324389228623382 380053412707179 764356313009464
287498800319147 952841995415915 101975508592592 110306043584440 311948223325719 822096290386471 638881873220533 638881873220498 855886462475115 855886462475076 855886462475132 35690122346238 730975006873615 730975006873644 730975006873650 730975006873698 256305880786236 765999742286249 160040155280308 431795775973344
287498800319188 287498800319193 279391305899711 110306043584403 110306043584407 122382672567357 122382672567416 602124830842999 259129811261084 855886462475055 855886462475108 552614142995528 730975006873598 730975006873619 733426239413375 730975006873746 256305880786174 765999742286235 513052312178717 986762205196206
114544198466866 287498800319191 110306043584456 110306043584433 679307827738584 122382672567319 125966542715299 125966542715329 125966542715361 513774334579952 855886462475160 208069705244017 208069705244005 730975006873568 730975006873658 730975006873684 684214236065349 765999742286206 765999742286211 406337847852164
114544198466852 683654830140597 76968639541160 110306043584444 981972252084562 712778674028995 197608698490428 125966542715315 380102399765851 449525635566686 449525635566673 477271331880198 819326049132922 666345015224151 623502141012973 254329581243980 254329581243989 254329581244018 714439816592646 794470352515016
114544198466801 552447295987197 383575218488112 155048727324839 981972252084573 809339803938130 522421023402507 498256910130488 380102399765808 449525635566692 449525635566710 815722872885226 870274589865225 21152918226298 623502141012953 254329581243978 174001531339714 722367498451483 810982288100362 810982288100393
628156033438156 461572087204747 383575218488141 648538287397595 603368688291569 809339803938144 921376140268036 169309059858993 140425997567738 449525635566706 449525635566769 278270518177437 555376334418769 555376334418810 680175609309138 254329581243956 722367498451472 722367498451455 810982288100335 810982288100397
211341884534107 480860574586626 794990475312834 648538287397628 603368688291590 603368688291618 58993401696943 58993401696933 852139692532914 449525635566720 449525635566773 400349881657164 882917677959796 156780009007628 823227376902756 254329581243910 890193559026465 722367498451431 810982288100317 810982288100360
20 20 481832224997640
610350265765288 387679943652863 777739466674178 128449844070524 77599473097891 34243300547112 836140220521592 478872756206638 538163091378296 471166842700347 484622665237340 15230577309313 822227764168233 398685121941895 966348766844522 202457501942786 162160286377068 45030395518791 212036423971414 421373669054587
482573789935292 293698109373056 32959644160730 641831788310092 529094328151001 75595622675730 9861328831181 511160722384732 792749108423504 343199150244434 85246715832337 555656126290017 856705337624819 504210939700966 457497462635947 251768976105121 189452132931327 174531879538868 109217744809648 71895732126505
889993207187537 918564109841169 987850774258723 336657779173236 495545844561803 126982495364258 400231095772636 340910842293198 489336645093549 154238655476206 164559387214395 896648087995308 570007551092238 93377512875396 53348680568103 115438726888037 308353618816844 181406463772067 590821901796294 657745303538946
783392996009292 677089030534616 644597840595794 990584881553635 199225533155945 381407030692670 481846519535244 133676529953203 37359517887988 939738231395497 470005731660037 758647903934545 806568604621861 390385384565630 957955808906455 137583071538880 835608771583100 779200260024614 872119056905301 953413162013197
498957679980673 121041516067134 532889422237109 402095008323176 875019351384003 694435298258213 804634780946399 523260817459977 370099411716710 495700383841780 87743338623969 445470793982843 83027483173581 114189836647144 491978965532651 555296826246696 256403741942884 613847659221923 736839990972758 602882344228188
159891959473835 344988596011700 941347174430999 626229832935508 241117693311115 451701607751316 495124974358577 13393015399183 145242233400820 190809177204512 620263256113201 789093979357622 315676617588455 172836663771618 570723944940556 431188599314182 682455838476822 795761718542127 528139822721351 708040356597449
862125580560461 282681617191660 540859491043898 562908067571900 603235942759961 565998933966438 990202293529523 464399614823881 635649749876576 580580102682666 875205687124817 949087434939644 621145114351505 166966813571832 730378364704560 535406945298661 442731103237803 9052803128956 191681497244650 815429061347340
619607659049162 963934778810277 647438719300141 935440048202265 837086026022464 666865506553595 578189264363485 566983428652244 985529537049942 264372400794907 565215721999225 854194674276291 590286829366703 31681251596538 5690493516819 160668736855370 648738971574547 972275847720142 641152161187021 851073406753816
682950092180433 747479382889729 539796378543213 160909107772132 912257330235816 523992373846584 458574574652913 182450859275892 454549648902283 670372801865168 211183245765987 410425368728045 602983819264499 396005654194741 333392542105084 420593710185023 889233916199749 413804447680067 275186985244960 735164019995146
583106674116511 782954210317197 495758893462786 969829876374095 699352152115212 661804618487724 361746568046060 547197809325094 246254807207026 249050692755470 685231638129113 224792001969384 202111018867094 347858214732184 237772642946020 238960490385742 158156420632892 43155534662820 674979060842534 604621938655741
703614024894454 831726590525849 499468607091027 630008592140110 753546999082322 443295768868062 289308603550297 262707679999211 159136884678550 435728725704694 935643878172250 673991089927400 227093951944999 123138605082990 263567601622268 622685205458624 516187992236698 89531486050093 231271874366420 640624539824768
441078850415655 705781701947714 493138073984316 680916843454401 231712437458946 387256416780764 657897697104926 131283467780920 961280073254046 769049167801723 720852008057314 314205138922243 488345895848125 123491423804943 222925878754389 97526622751717 373855984416025 162781687921546 769369127851909 689638172952809
192052062859481 994246595103150 971590919555702 887205429825340 25648081673195 590343874917845 494302711955845 107368834791896 102218452159662 626331310235998 498114060106700 743336235798626 317276116291470 565904833832502 580516194608950 154227819917924 616160110060010 108413532100181 569875694538854 750857108640259
141840545667451 148293803060096 712186703573033 887615924335050 436761896435284 277045064731006 208517168696324 672211171747600 738374442859487 534851181262035 552593693928681 863327966068809 571862033409059 416877637005615 725507090750588 150892429027826 581822203689700 409475202797716 778188994216470 632561518094262
944807499989657 266054435002247 84599257528567 963845870827625 502939739979546 724627018883422 291459398394836 390611661354248 727271362737110 343891478945614 162792235517173 789459997018163 495841544742603 320103331025981 22543999504005 824447262173452 498620360311226 819357189212547 393569917805892 991961321419320
977765107283613 718176776302681 409489659734754 549320329952580 388948273580029 389095040635042 712248452434897 784417750688646 499882228417878 335305210368911 307931737781506 248301910110407 338445783505958 110523471141515 965128074161699 925729900515340 73263015860587 479491273502260 886851009321551 297984521912594
600389221490830 175025225755088 249688773393640 595588313392791 974388088925987 827388096017143 410613230274979 354447821409381 643783076166150 675083017642859 230532057346998 73288141311310 183977581151573 724433239728214 554025386604243 740889812716769 462384097580742 747510424935745 997549223907297 597175465023352
165347140797416 359391175877463 603812114710638 65478848649148 277617130710860 801610993260051 458006648931971 650081494147984 472470045045071 288000250032478 806634810239985 352036767235312 92186050841207 145887227415242 485546154342333 999792757343704 309496327837296 551552145832760 814753758394163 914367529727004
924273750599298 770754019845091 770592419304632 814605342669328 191058463023043 965703521895316 429384369978753 595251678693968 92020330102856 205194685592640 81892156209557 298658013602046 163145327503040 20347738266925 545737122047471 409653954743454 32103820519974 50168876454977 214966506889516 780169400800199
82449131285107 108500029731520 963998965058803 880823519302311 652720698376635 901048628254084 129627488262836 23850159237688 502880709480031 75844532331107 190497183394234 615967643097290 492560580002226 894790404803773 588332103025433 180711335709131 64857198070784 71186506487300 512511780350496 53395326236079
20 20 98
627864306826608 223969436094951 274446935282033 274446935282023 291310443417652 818306920409703 818306920409638 904180061443178 732744545628640 926223990918889 926223990918965 476848269160967 506658422565663 657183344744315 551727798992279 657183344744323 657183344744372 54032123447070 54032123447065 54032123447068
823113649126648 798695076926543 274446935282119 291310443417757 291310443417709 452213341951967 282951608930316 546614492440991 481293151333547 926223990918933 57126909324267 850396545191835 365651114326633 657183344744376 657183344744363 657183344744270 657183344744296 54032123447049 781994616304068 810157260887549
291310443417542 291310443417686 291310443417606 291310443417692 645694183733278 452213341951971 270204734521614 95923654971229 481293151333505 459912452311473 850396545191844 850396545191851 7372070062443 327766088923393 248992676581184 248992676581131 657183344744209 657183344744128 353810872568356 810157260887592
291310443417638 291310443417731 291310443417677 672562576035155 560072251164122 161833806541433 161833806541456 512820480148561 481293151333463 481293151333438 481293151333450 7372070062279 7372070062345 248992676581040 248992676581096 903897179729047 903897179728965 605293288165487 251583735305059 112845600180478
291310443417569 291310443417636 108862407563466 108862407563416 877408131029960 161833806541482 664238056089550 664238056089541 636832060891875 7372070062177 7372070062224 7372070062291 7372070062350 7372070062398 8740715414410 987343164000819 765541837135241 605293288165567 251583735305140 703317522225293
125522226050075 746847479626863 746847479626864 746847479626777 402794673712450 161833806541572 81658803490012 258613160057397 258613160057442 48649050261766 48649050261790 7372070062296 501432000135791 501432000135842 501432000135922 501432000135824 765541837135251 765541837135265 703317522225223 703317522225206
645308760482390 746847479626774 746847479626697 746847479626867 746847479626899 81658803490004 81658803489930 81658803489960 81658803489911 81658803490018 48649050261714 472103558967039 616713602214240 942917158025252 942917158025336 942917158025268 765541837135295 696769282614840 696769282614853 527162131996870
464667313889610 795258632518555 795258632518548 598784184553212 540591987378783 642649886089467 261540675116532 81658803489888 81658803489873 81658803489920 81658803489830 81658803489926 616713602214242 608690176952029 530830973807186 530830973807102 932433671370941 932433671371012 994218876481173 585368078109977
349019683380633 795258632518543 795258632518561 609791978988685 540591987378871 642649886089417 81658803489806 81658803489830 81658803489853 81658803489868 995938386986811 506101394976303 504762897255514 625171634650529 195595022860248 704759123278908 39631696180570 39631696180544 39631696180616 200455686020180
349019683380717 533766828903560 989443776608621 820374301151174 288142911588676 642649886089426 315353738376375 842790431665442 331197289173483 331197289173536 331197289173625 461302516003038 461302516003129 83962976392426 195595022860201 39631696180611 39631696180595 60971000490089 39631696180595 869966002148750
349019683380632 533766828903613 801524164338775 276548610897174 612772694518396 909485134390536 779898910223673 779898910223709 779898910223720 779898910223725 331197289173692 362803682842112 244306293029309 626387487574427 195595022860113 195595022860115 688314094490055 845157099549865 4015346752279 82802443378174
349019683380698 378835195786311 722272421825862 722272421825860 722272421825894 779898910223610 779898910223675 779898910223719 779898910223751 779898910223711 285239494781629 285239494781714 14469718907461 14469718907438 957275225423569 419024296615549 107633844509042 845157099549846 4015346752220 82802443378206
378835195786347 378835195786392 663549893770693 663549893770719 663549893770772 779898910223569 735199273847135 735199273847212 57566024980812 620207591939691 272993851677032 285239494781771 229943813482338 688433597233089 688433597233087 419024296615586 107633844509067 254190604428454 4015346752235 82802443378150
105811621874652 378835195786430 378835195786369 378835195786372 663549893770754 626820858208374 768387605557206 735199273847291 735199273847262 481656563298433 481656563298390 285239494781682 229943813482326 79387001646030 79387001646067 254190604428391 254190604428463 254190604428545 4015346752161 82802443378244
959367073151275 959367073151289 378835195786360 378835195786451 56802054013998 946136856102761 417178400302929 696677420403474 417178400302973 20171854573220 122550410464235 67568572849788 79387001646088 79387001646102 79387001646088 104734503508783 438089305096743 438089305096778 4015346752135 206441607556188
186622616967046 186622616967141 186622616967050 531427735021959 56802054013922 417178400302821 417178400302868 417178400302924 417178400302993 897574666461259 897574666461228 67568572849733 79387001646041 799028214084892 712010791849944 663409530090606 975752808995197 975752808995274 304664831754340 206441607556252
137240696717123 851946069278117 851946069278174 531427735021917 531427735021904 531427735021841 417178400302835 898234460482588 417178400302938 839967066999932 412153076809159 412153076809111 61450968672602 529805426088248 529805426088342 681709011801073 975752808995211 975752808995180 824771155603978 646191099533908
137240696717060 765878062255105 531427735022051 531427735021988 531427735021987 531427735021934 417178400302924 271963481923821 571090014945377 571090014945408 412153076809182 61450968672605 61450968672574 972213605497811 296094058214777 296094058214709 975752808995177 975752808995227 824771155604034 863188120955972
278751242544268 609778012616166 609778012616213 531427735022020 987759614680251 987759614680167 987759614680357 571090014945317 571090014945353 571090014945352 710431657140634 61450968672613 927684615701164 504183857348161 724211640457544 77822119788966 540918445421630 540918445421639 306516729251056 444960659149711
70682432696454 70682432696526 609778012616227 944373066668326 987759614680325 987759614680330 987759614680382 571090014945412 571090014945332 571090014945310 571090014945278 61450968672555 854282941005 724211640457524 724211640457515 540918445421559 540918445421638 540918445421543 190605881505895 465901977520319
20 20 45
95810900484322 785533487252512 885100212574210 966779950410256 966779950410270 868187010578254 544992845688493 632311214643299 557643268990879 282495837572752 282495837572794 282495837572779 256646768962317 111680263806196 531693091489561 900736780319062 26300772063925 272983871863466 272983871863445 106043288694286
883483241274529 391437670484056 391437670484075 507650001193196 507650001193205 544992845688521 544992845688519 544992845688531 282495837572717 282495837572724 107795177432579 951057322884625 960483165271058 883839274373441 531693091489575 565671928470369 128898928756166 128898928756167 652775215584743 652775215584779
883483241274537 391437670484017 391437670484094 507650001193175 824666296913760 544992845688480 955039207545842 715925802970792 282495837572737 371099648469305 371099648469276 951057322884617 951057322884609 951057322884643 430466259302067 239419997315415 128898928756122 201940489622752 944378424614464 40630524517947
883483241274506 628856678894671 628856678894609 785715184996467 824666296913794 544992845688458 955039207545868 915637634851915 282495837572772 885635596018280 789898017572542 987645160048845 951057322884638 951057322884654 951057322884642 951057322884636 471729300008757 201940489622760 201940489622752 201940489622781
628856678894697 628856678894658 628856678894628 4903930460435 824666296913799 516839717384249 512783536486576 915637634851931 824666296913775 915136438811541 327531276116465 327531276116489 951057322884650 951057322884629 951057322884622 177547858241818 936429292420989 525962043608055 862810232360116 201940489622777
829159366941694 809915856248210 683556409357227 928452267599459 824666296913756 824666296913790 824666296913768 824666296913806 824666296913742 542036606425756 542036606425784 327531276116497 570759187072907 951057322884660 917079199364495 30332074217910 936429292421026 936429292421033 936429292421026 936429292421011
54654469340182 54654469340215 553468318658003 516010450691348 601910147599538 824666296913796 824666296913788 824666296913797 824666296913764 854370370680825 364063680786042 495156180829599 570759187072887 813287765045039 115923720346882 115923720346845 936429292421088 936429292421043 936429292421062 936429292421091
762056359772226 516010450691408 516010450691399 516010450691380 837307055661186 824666296913799 983476056829964 983476056829992 983476056829951 364063680786074 364063680786062 364063680786027 267571684942529 267571684942514 115923720346871 115923720346801 103863047464589 936429292421020 743573617179245 936429292421100
762056359772208 809230829800855 672565761597302 794532700056027 738190424140650 163048152443964 983476056829929 671087866032258 804656075315320 364063680786037 364063680786082 364063680786044 364063680786036 589404460203416 589404460203445 589404460203486 829593361728552 358335780195788 845623151081503 987285726262994
762056359772216 890204044413399 747081059091885 794532700055991 700980223151966 916518491190935 916518491190932 671087866032229 413208089282161 364063680786041 675101963513021 504251504401542 124453377807581 263969791360148 869566909158319 869566909158359 703939262260429 703939262260415 301445595066428 573494573308742
343333947409491 317989110814561 747081059091885 747081059091871 700980223151940 700980223151913 671087866032285 671087866032269 708507314271666 315518026178819 906314804358452 504251504401550 124453377807601 464636974072033 464636974072004 703939262260396 703939262260392 960627818268895 301445595066437 573494573308778
133098671655605 317989110814571 470627896053344 508729141254474 876343003851398 876343003851395 885886896640520 708507314271696 708507314271711 315518026178840 315518026178805 628538624611145 348268186071776 348268186071759 464636974071984 703939262260388 446221373182328 446221373182313 775463952583112 609409467089952
133098671655593 230614018481665 230614018481677 876343003851415 876343003851382 138583204004196 963371501561984 963371501561994 708507314271669 708507314271676 708507314271659 348268186071760 348268186071736 348268186071729 145536142737262 145536142737284 446221373182307 446221373182323 772336136452288 772336136452250
266871029935582 830224001175631 830224001175586 830224001175598 876343003851399 524462506021156 872359079718736 872359079718757 708507314271696 708507314271676 708507314271665 566220873202447 566220873202479 348268186071704 145536142737279 446221373182320 446221373182352 446221373182367 386008962317105 772336136452254
323316354049855 830224001175586 714229705444457 714229705444461 9671761466227 9671761466227 530869409271219 708507314271705 708507314271663 708507314271681 708507314271661 506168792418045 566220873202494 566220873202493 446221373182333 446221373182302 475830448018717 446221373182411 446221373182432 217631912720596
9671761466338 9671761466319 9671761466301 9671761466275 9671761466265 970201378074223 338968362321121 59724426088076 708507314271684 708507314271715 708507314271652 856617382692514 89115837599483 89115837599484 89115837599465 996912124098263 807481358212742 446221373182367 446221373182400 210467457337923
910133069515826 295124552689126 275008968327629 9671761466283 493845474103879 338968362321091 338968362321136 708507314271638 708507314271683 708507314271746 232218116754173 542846092221626 89115837599478 89115837599456 89115837599490 697176934437264 697176934437284 718288406998698 232805455928675 863556459364900
804027216941863 295124552689081 275008968327593 932895300642240 425074551916912 210521009735909 980757649146691 980757649146663 795894283201175 572707673873241 542846092221589 542846092221587 697176934437363 697176934437323 697176934437293 697176934437300 697176934437297 792544556238795 863556459364865 863556459364873
644298511795169 182074827882121 374825953165124 425074551916831 425074551916888 210521009735890 795894283201143 795894283201101 795894283201140 38932409085683 38477955338779 542846092221573 542846092221595 874510813039611 141665742149189 697176934437330 557832390263967 792544556238835 863556459364875 508923902155726
898414223717964 985032628234600 907522166862645 425074551916837 425074551916862 210521009735861 582898542390072 38932409085673 38932409085680 38932409085699 655150458840227 542846092221616 542846092221608 304364681258035 141665742149156 141665742149170 824588855669137 792544556238800 792544556238833 207741506543568
20 20 64
373856846549074 373856846549098 373856846549050 124521530106731 477942000223433 681109397829649 773739017758000 260287766799093 78931564450761 78931564450751 137239557966770 606069648310775 546478763960827 546478763960816 996198576052393 893553609707237 868537496734098 365456923804475 612179606382229 612179606382247
373856846549097 373856846549077 373856846549047 174817179838799 8597449436903 681109397829670 479658892912827 56876636928214 559898961361662 559898961361698 559898961361718 606069648310812 546478763960834 546478763960826 996198576052399 996198576052395 365456923804541 365456923804504 612179606382206 612179606382254
373856846549136 3059572078770 396910447563540 701941856661111 701941856661168 226183381678254 226183381678291 39608195428337 559898961361653 338108064362940 960426533551719 442361400203908 202006863329202 963775123258850 996198576052429 996198576052428 365456923804490 265955948953231 612179606382224 612179606382237
373856846549115 602523127723303 602523127723296 602523127723271 602523127723246 410457632167000 622623059288164 255764994053388 538563331124027 538563331124048 960426533551680 55130985630297 202006863329254 963775123258869 287965391428775 612179606382181 612179606382212 612179606382230 612179606382202 612179606382161
77222837765805 799745856358714 602523127723235 602523127723176 602523127723230 78640149236408 78640149236377 434181653488527 538563331124106 538563331124107 960426533551636 960426533551591 625090359867829 736483802290900 652736360120007 612179606382145 612179606382198 612179606382228 612179606382231 612179606382127
222210826926685 176652510129670 176652510129660 193098857426111 602523127723271 225484064737011 865519957025620 780699823827987 208765314217449 404910204994270 783485098746118 57596990454624 203738295924999 203738295924996 612179606382196 612179606382155 612179606382244 612179606382289 725483609073786 357693566063823
975756578777663 176652510129634 214449451182718 214449451182734 456133188232581 888377235059148 186709798012324 448369293733095 404910204994285 404910204994250 783485098746069 783485098746061 195672817418951 195672817418947 195672817418907 949804019536345 612179606382305 612179606382312 612179606382319 895297735383837
975756578777696 176652510129657 176652510129607 214449451182764 214449451182820 693643011596972 419937098711381 272188868032099 404910204994266 960354981640468 195672817419011 195672817419063 195672817419001 195672817418973 885693734799476 885693734799422 612179606382339 612179606382166 612179606382285 564886294724767
975756578777696 176652510129674 176652510129556 214449451182786 214449451182822 693643011596940 381736004123519 404910204994283 404910204994219 194164859746495 195672817418994 195672817419021 12255733579392 936667694130540 612179606382322 612179606382260 95036723947336 612179606382227 612179606382264 564886294724824
804063770471249 804063770471203 214449451182880 214449451182850 273602125698130 693643011596981 152876015671842 404910204994133 404910204994157 194164859746439 195672817419056 606103808819865 606103808819839 606103808819805 612179606382283 612179606382314 612179606382287 612179606382300 612179606382314 686890590568177
214449451182862 214449451182874 214449451182876 211741391100435 399711317319825 85302306598762 738438716605278 638472603496041 843667256966262 153045107300518 821308102134439 617846619210905 617846619210841 606103808819791 210174089617155 551415005540737 92143363681248 92143363681289 92143363681286 686890590568114
309195197881193 406357299540672 707149954516369 423311270631169 464766781783460 748821299183218 748821299183076 748821299183046 175658137468844 748821299182940 617846619210912 617846619210884 863215248390780 606103808819842 210174089617191 505029091140275 240819108891836 92143363681271 92143363681330 895592770829994
522539734056920 952223596011431 707149954516309 423311270631215 464766781783400 748821299183176 748821299183092 748821299183020 748821299183016 748821299182955 173394840413937 877827457613933 877827457613943 606103808819818 210174089617167 380388247437453 380388247437502 92143363681275 280299168111665 280299168111696
332109741946181 952223596011374 906461975806211 466086740724716 310868087796014 748821299183184 748821299183135 748821299183052 32926386782824 399320869317673 24959701217558 796462335975601 836657631488790 303060468090680 69621107058797 279664037440183 561256600086736 461292300661405 280299168111650 695486167019783
677586192540489 952223596011329 466086740724711 466086740724736 474738400980199 333210894403622 748821299183109 217155992923182 32926386782884 600128051896241 687093024444352 687093024444401 303060468090697 303060468090727 303060468090729 199039950845452 905209416844765 988394925282661 988394925282587 234467420958112
655726142767558 952223596011368 572461797616120 572461797616164 572461797616148 70023065528676 691525206681243 320694121500181 32926386782885 600128051896249 853245351509256 480937730250194 303060468090734 303060468090695 303060468090696 303060468090749 25873421745145 988394925282617 988394925282639 988394925282690
952223596011387 952223596011420 890290137714078 954842413507661 954842413507691 954842413507738 954842413507744 320694121500210 681640300128468 681640300128476 853245351509299 480937730250242 480937730250288 698089996116342 901231554054774 306392161285202 25873421745086 25873421745136 738420098809026 919376102315498
952223596011370 717588464321380 717588464321356 525715457247178 525715457247129 525715457247109 525715457247169 521662398422656 681640300128508 681640300128459 681640300128482 247322695003829 247322695003865 698089996116364 356687226409800 481970207403703 364692285667947 738420098809005 738420098809033 919376102315467
87118265232075 923315854508610 717588464321343 525715457247207 513713360058176 513713360058152 357830160198366 634695230426638 681640300128474 681640300128423 681640300128535 402008236455502 981228421887104 131063062289101 131063062289144 364785684763665 839006496089632 919376102315556 919376102315570 919376102315524
628853481994588 628853481994544 628853481994490 628853481994426 338441958008558 441828204610062 684413719505967 178465350519396 178311050341959 178311050341995 351556714046736 335519276238581 782537863235025 131063062289165 131063062289135 645541009696434 273603969209465 181356995793067 715964288981723 756294789542479
20 20 3
730893805302956 730893805302953 268648551633985 824106976346265 730077120114005 730077120114005 710218555988954 98163881098368 610634813483059 480580149700914 911341234474940 911341234474941 722776662423678 722776662423675 722776662423676 734584589327828 451308991439952 137373065024057 137373065024060 584803152317892
730893805302953 730893805302953 730893805302950 824106976346262 163685001476498 321308050821253 710218555988956 695170871073579 815281808560861 815281808560862 815281808560863 100329364227352 722776662423681 658900365310140 599205927728303 550223491454058 137373065024058 137373065024061 137373065024060 137373065024061
875427521815217 303302650490740 395324140908537 85515943300563 321308050821254 321308050821255 620316334340435 695170871073580 696319023133177 952669165065966 952669165065968 952669165065971 825072249915337 825072249915339 599205927728305 302864166446977 137373065024058 675819005951911 580570934268733 517131881057326
315087186819808 438801487539880 987340543006257 201151261523372 810134921797831 886278958483330 886278958483331 695170871073578 696319023133177 213315398193658 213315398193660 27336688128802 446691997048734 684592466535909 785843390262336 511824278967748 511824278967747 846392691691077 391289689211537 391289689211539
172361869952164 495099845835142 495099845835143 201151261523369 213315398193656 213315398193654 213315398193657 794004937836602 696319023133179 213315398193656 213315398193657 213315398193659 115183814218136 115183814218136 115183814218133 511824278967750 511824278967748 391289689211540 391289689211539 391289689211539
7182260075707 864696892372603 753437115610553 213315398193653 213315398193655 776867130863266 213315398193659 125245428550321 696319023133179 213315398193659 213315398193656 213315398193659 76777295471996 814461816727829 115183814218132 85183057709715 180274883377204 391289689211543 391289689211540 391289689211540
983884436584469 983884436584470 395992630373106 741008052437222 213315398193654 58589029715506 213315398193656 213315398193654 213315398193654 213315398193656 601023804188772 76777295471998 76777295471998 814461816727831 115183814218131 85183057709713 180274883377202 391289689211535 391289689211537 983270023552526
67400204540986 395992630373108 395992630373105 356718268744851 577901697669108 577901697669109 213315398193653 213315398193655 213315398193654 381515782609623 21471557890905 628449118286247 814461816727828 814461816727828 831071142685638 831071142685641 831071142685639 883099802151321 883099802151322 441195902244043
717310815598276 366423483873494 366423483873493 776118321629851 756645198344662 756645198344664 213315398193656 507356760381727 381515782609620 381515782609620 927983496166941 628449118286248 176696936058775 814461816727831 17360006269095 90677389728103 90677389728105 405199945306328 441195902244043 441195902244041
717310815598277 717310815598276 508920997734875 457695143755765 722685293179419 722685293179420 213315398193658 770775932065030 770775932065027 927983496166940 927983496166940 564719426458713 505570315282003 505570315282006 220235407275138 90677389728104 120671220916092 157158873605662 995721698041283 995721698041285
717310815598275 717310815598275 109431747661849 457695143755762 457695143755763 879962941442195 213315398193661 179648022192224 280552144770801 927983496166942 74592024977003 48257151987689 505570315282000 742577808431116 825285877152666 557782318829060 640574316065658 937782251281500 937782251281500 321003527639944
642992541678651 909265504272154 603463624275332 603463624275331 495962742570576 73914270240157 73914270240157 558098866720799 74592024977010 74592024977008 74592024977006 505570315282002 505570315282001 505570315282004 825285877152666 149136304272340 692956833335686 692956833335687 321003527639938 321003527639941
642992541678652 642992541678655 603463624275333 603463624275333 235971277218682 960612686187737 257228949668509 186735592171981 74592024977013 74592024977014 603159308152127 125709288108703 249546033515416 727726589979082 825285877152665 137529354882146 89114532922870 89114532922871 520764489739900 496645758345558
642992541678650 822702038185559 355122218218854 309616285428083 309616285428083 370859410053397 370859410053394 377148146684019 679987391175750 679987391175750 679987391175753 125709288108703 920756245442157 920756245442158 920756245442158 920756245442157 89114532922872 89114532922870 525453260004407 661229487074646
642992541678651 755967722688560 755967722688562 858205986958825 308461920958184 398266754815091 370859410053393 405793199769204 679987391175753 592955534754316 679987391175752 226749940297698 819585880964360 920756245442160 920756245442156 920756245442155 720383646318327 172021440824192 808008310762016 149195252818124
642992541678649 755967722688560 755967722688562 858205986958827 858205986958830 406887693844820 406887693844823 777945625759295 340474220562209 679987391175750 679987391175751 915981846221060 679313358926010 679313358926009 221378972422898 221378972422897 83901921177367 83901921177367 463653526570112 605378779784207
293686866053940 709901615257281 709901615257282 709901615257282 709901615257280 406887693844824 406887693844822 406887693844825 406887693844825 406887693844826 786812260803643 149223861629826 149223861629826 221378972422895 221378972422895 221378972422894 257327069863844 83901921177368 257327069863845 513169981605414
293686866053940 709901615257285 709901615257284 403074418710401 403074418710402 403074418710400 406887693844827 406887693844828 406887693844825 406887693844825 149223861629822 149223861629825 149223861629827 875375530176250 221378972422897 319343112558631 257327069863845 257327069863843 257327069863844 83034274735632
5781832739896 709901615257284 709901615257282 450280362409534 450280362409537 403074418710401 403074418710398 406887693844822 406887693844822 149223861629824 149223861629822 7994410595144 553233180805879 635772167138649 221378972422898 385680458344855 385680458344856 577819152636248 257327069863842 83034274735635
5781832739898 377158793759739 377158793759738 657925171059034 403074418710402 403074418710402 403074418710395 403074418710398 234021859067875 895192142154376 659355805018851 796805527904442 963033660048526 963033660048528 221378972422897 588191378209167 204612186598226 577819152636250 83034274735637 83034274735637
20 20 551113948507487
66091274400749 82828679410709 98220718578534 565560450375099 453757042281730 606911728858970 564874425831009 596659955564736 298716482384812 395559195076744 141326988121041 440935877725735 120430498219611 844305725264633 862090298788417 601779783660734 263827165671745 381125710078900 479265449962833 222627225829871
227404913354460 451323596106269 21834351835531 266310465668671 822532749758242 786357675394642 600038881477979 152092803839242 34017436036545 999951706868562 950284891591074 86468455954801 96544759927617 84761155634616 252780350702556 700879838670066 182794236452785 501225888007212 898916000687023 370023232977038
495501719431387 223857364597839 591491919675977 362593023572915 339685788871796 432654310462146 341521856747503 534274147901111 412586721031011 774388264665206 549660736058779 84479157430123 89039118726374 371842404834751 744507501693699 141597442643454 82430615047742 915632322874411 454567466003266 418770469760397
181254446033460 561406475968586 880545724917388 458700320191158 658591463731312 845204776078610 886419155013358 916765134483087 487470276281900 108722817523743 573726791058762 568155842614142 66544039914487 149940858003287 798855753740879 881544766319442 575239599614078 636201079668930 740127892751410 960372817347399
507710281810551 735967522089472 806967605741561 407320709651600 766016632886960 300580457139360 680557434412635 697057387299405 802843284245316 961716022940977 13357127724037 740430378324307 456283981006604 373950834928644 299058471018960 496834874340328 289143877146774 290144111726695 678105532114492 403795550527104
288816505056015 765653709943718 594937175938291 855297491306922 600652014538038 915908136828048 5342626312747 391899248197672 319411784319298 431884601798954 821330531243767 578644236532980 164963588670698 119305335033790 430785610656502 412936499073174 3481817586182 52603416799291 116095538593013 131817343019317
415672765411948 331904800567480 272088861635782 980839429664157 964932999305098 962788731825756 317934805553307 924067183284590 380303947667272 170077709201523 623304440719429 169268369769630 368932593179377 458585005425308 96657792766129 665846007898109 377802864473295 435335747258331 39180450988339 537493633630050
298161044218596 277423869980380 473209818851317 930958492821155 591381923456555 824431059687511 936284406263179 720156238863341 427334333563666 978473170386949 720401860245656 289322764180600 832501025421834 966730081973522 426705104853189 272598912809963 150657602846992 724643386089107 573532210470329 116386094800642
842399273102428 596247496211130 831480855981656 438389885875359 160932921040520 480461091435201 437248495639368 516133780918270 439099513081754 689026886803983 503845660783307 699830204408698 428710252642688 885973075955533 752940932826008 664450734942567 466941321202662 720548885985486 115012336433316 794262346207963
198840769983372 650575643687063 244592260715765 776096863548106 195406296106340 104780219433816 412990705133260 296177286848366 609869173590921 547010735685375 845385326906785 600646868753345 429378769262989 134852282825113 25600720769362 376687328237340 250922985195764 460344409457932 57861699396958 332851564701725
716620851718838 960857661735886 853644611718627 4966960833613 483136542974976 216028246933738 282914664447405 792821282930536 24512754170182 629127184285455 356102622811173 13480725382253 248958250916226 300595222204336 128819718652156 402651653579994 27798619302611 547039682899331 442475653345905 78733408219148
415032060098836 872848748561018 751379991748810 61358668923809 31263297897054 150559443873877 199294379972561 320736780104716 298470109506409 534688665472640 832160718260247 915342133438925 242588428443524 75225097436984 749443462743656 225867284467108 295149845080622 460877070186210 926541561782942 467825972316568
915502054236512 468578740287093 890140826126508 336984308592776 333027885578412 567767128004523 256479566166311 533378156818931 796811216487668 952236386860877 713554972073008 844994264802470 406379761037365 1128746539622 644321591562306 333674738030117 641402041628376 937586304055449 688065353435093 102728789889575
549169461413727 407091569798081 7048070690870 73712724892429 191388395906940 314119078006028 663101799609845 926132024860388 778317643014938 955902854049583 996255353034761 415786143441868 340683237144597 914886062163724 653492209849638 783241351891865 403487045152657 781823670309307 845732240766810 570370218663389
678502081252972 693849508511115 516001466725633 530945616104973 735077900241398 395294519780235 934871254528657 583531813836041 918987877878662 511875387792949 594584516961817 187989616393062 409810842874649 148584289620026 533285688233187 687735855989740 625442737520671 750454672439321 211359448017468 1943154151974
931866800000158 925160113981304 77223441672563 185053265064871 51866647322231 644749754434380 387464504425038 130603070560986 512837474096583 299751877353700 496787590993982 333928515490030 18518201702901 144053481425189 177063079610490 29529277922174 853387942943347 475875638830370 436239596161840 449195424294338
87679389008299 305934078659857 634801674563316 390430811106905 11411651855561 531118601489014 451465025784562 329124635504172 950722791483188 418622207037727 814333952126847 815674628555199 914118670784007 757269433255572 833649295456575 870087002951822 461535314937059 808240525134933 665563036290066 964409211669167
877018147010623 121330707224101 291214626517608 566407416139900 553150877305619 557869072318596 242924078023103 305053902835996 222895428993419 874342825324929 224168646743135 976674309074379 663586626713136 701180192639864 685178020684105 497379398518577 639027343783832 974892107651519 222039477258836 58956175187823
796961314048074 982628729898784 857664249686735 42829638225141 356046643693143 877691376290250 847070732049122 498993494699927 302980002243390 982214374278930 879880704477258 625352118390082 930529824130119 409568066700938 202014156307733 194638200622907 774134176870240 172535289506753 544091207933729 379219719037041
618015407158915 266616141614299 249624146908222 257996036473095 662331586625055 571744683753084 321568946438269 659437369429809 592332905394364 434642648994949 436689940957766 600941140981346 915016672687248 704890498630196 409266325832737 946569053732087 615140714006339 902860747938949 752084838796607 597736799042256
