10
20 17 310668382
517726017655520 501030908507792 497503104274270 503426493712154 503533094732590 528963784714035 544390792178707 550672730569346 502194507501402 532867450147776 552269781399858 532535539210241 516223651168144 542777677528091 523036821462132 546311090780080 543679950103528
519396511915536 534287180510089 534938792592434 536072160330515 552175087169833 499876432462636 545220014515074 524523086193246 502546774148408 520273845772392 516372686013409 516516462496131 516401860561451 551769708960227 532680072322954 499616876007734 539239182732768
531005635681524 535542970537493 497844643594422 497042538219129 496880779302294 534505797896638 508212675680105 520776474623879 507316295904137 510121253730946 518410365738100 497394118031724 530425087837519 551969487787344 537149298885522 520215557724539 506433505312280
540929687584734 540052981981472 547698049293367 500838488585317 532590638286103 529371091428490 526291746525275 500884267263623 536179774387954 503761152944449 507885900486634 544929411980701 505762184231144 539038783562998 547093343120951 508924502247639 517487161684758
551611447764266 524604836891733 518460694681563 510466368539283 507626332286532 538169667997223 550343555735812 532244263904891 531635282623650 507992290632691 502412460818316 535088892055206 550242265804152 505873214137433 541044232436477 498221984765700 495538612915200
502039051123304 511731839335694 535923339415653 497944520322670 535591698120073 541808408710434 507739075251064 525965449826019 532465904443513 522265408932177 526657916181248 515609576996892 507229721499935 523783726207424 512251808726128 528265906775910 528582357843202
537509153632771 503647975801452 505304404544720 506357185579873 511272256475077 509988278077531 542488877306424 527828484565942 499927610768509 534001015268039 543590546446935 527429586546079 537457620074152 519844994139407 497895711392640 549710552827628 550110747552581
542787930314375 499564084350464 498748971205880 495929462692325 542376429183354 550684372258701 550967627304390 545220003290127 545227226821060 536928549291503 507702634906550 533995233525088 524148398615204 518509106863236 509117834070332 542561877338614 511722739835011
543513156134526 515381144711326 534320298898073 544875472218992 503759833940432 541397347895805 501046758961736 532845628326089 541895370733293 535549374706218 499777374901931 499434061027411 503099064351869 535984545616724 538225092676384 507145505818100 549538268123414
498144315274579 535154685537831 511486213990370 513946827033680 507564434210658 528645616694375 505465624210829 504233942020540 544601515420395 506326497423205 511645653681128 512961708332525 495314656142428 551517459992909 533064621969810 509142331441313 547630348618216
549036040890184 527133827729793 549906166970617 530405048910226 521889692747399 526163312599870 503886567777284 536478545631608 499612411503601 527388754262904 542474505430679 538993404067866 511722480316386 530738490879327 502630547271732 495422065901061 519531303988960
528137930340009 549845271109798 498293052833406 511764693939829 521193617979436 548033001563387 532744052461823 528512901725183 496448072378385 525002021866945 535908887829441 544513986149929 537875680293637 541211087777412 510878311446489 513249815653089 550447642706661
551788548818558 535176031737595 541850158249192 537027706536842 518963766498434 495821327898581 519585406484004 503211095308100 500392812101767 499364689357408 509134499873847 529692570772495 527875670254691 548851141034522 504379023403132 518931564860563 502401461699699
544136024988277 530834267658887 533008337628452 505082685382826 525145111658105 527406379122137 495376544731231 513533116934246 504821484325223 533417146081588 516675690224292 533515606559897 496070699489524 526057948216024 508449845102165 505569235203843 546725287593238
500532887676348 535787407663508 533628318733295 509995514768663 542946765043150 513450079634438 499054807626923 499415291211166 543513901692006 524198514867189 532131746006989 522018746799647 534663184108690 495705415828285 526536185004635 545822049362937 544891791711800
529043272995729 496657329302432 505653619037253 506933081285840 499353560170249 534564117984255 499998790172764 508705876783084 497165139861363 532978991639597 546974566161820 541774901703922 530837477643276 519969418145406 533578575304349 528821884541300 505466087191448
536710031705747 519593982375685 502523393063387 512891126142064 544429381881648 498139610223850 504418303861263 528482902771452 527928962861484 542832614499267 543086441089872 522359129629459 530088900347321 524877020510641 551827574146134 517388516962570 521679903947185
0 528060930818744 514772390284906 527298056978097 520407520580746 514837342898194 550517052355689 518473689204992 516176331541329 550403718954190 502702930673841 548153723736322 522350511641321 517406037726608 509927039631410 503386813084877 531375181915149
0 0 526701634421079 526928179078279 523445091984085 511391436000327 501242342770555 517591748893946 525392309870673 507738936201972 525321225738835 501265671745742 547949415265644 548483945323078 516028105955027 547652073642469 508878704747299
0 0 507803444934638 540128135270255 507297079627352 503967320334821 499461111636062 516826555833205 510278352004074 527827950159038 510386683095488 504652632773947 495716622994290 548683410497770 534217006447024 530113253211653 508838879312617
12 20 288095889
537728065456769 498456882946976 526376484485934 525214081941018 514829420227739 0 498119895704182 517796038839106 528445904839735 514202734540686 530875830475430 517584198418649 538933520121784 520678721386678 507277240961753 499074603996392 502020256303057 516906448337304 519863225481689 531076832067816
498093628620075 0 0 507754375352766 528858167886367 0 0 521981184913183 534390681349133 537427913723237 526301194908952 504771091714234 503665876204885 502914846760695 505716248158990 509555947324320 540781948302552 532028483480527 532065951880037 498086993362523
0 0 0 506579969945709 0 0 0 505824819560111 504980574013305 532313430236615 500524543458425 529895789366106 537276100662545 532071169994373 500327672357562 512525415304160 537399000973761 534954336009496 521720301453181 520150539933908
539611409550813 536548959906114 0 0 0 505049792820868 0 0 531269304325843 501714431981140 532814886119700 513572185693815 531059643821735 532271506754641 502507064513751 0 515443842808289 503723903176242 540273851003691 531461760807833
526431547934414 499612017733228 512997545994396 498459502609100 502271694660074 514507573396889 507526010600213 0 512326296431661 514390408685245 516127176015527 504465874708084 526712811513251 519613793999932 0 0 0 538224644874240 525037179783928 529078054435000
526676678092603 527446086512888 521623999046472 512210641061031 525896922458608 524327101637332 509466276652620 0 0 0 0 511683271986203 0 0 0 508285822436011 0 0 0 0
531772917147188 515960801704811 536535433472730 509883249195153 527377789745915 506871145798025 497816687087598 517404890793851 530869751086254 533033812405450 0 0 0 520042614045286 531464123838347 522946738157900 530455451945796 526124994171497 525892047678215 523802340942821
508862274077734 510690045124590 530616307478978 534798243186092 531830697997067 508789578851033 498830875816460 503074916516340 533810774325880 509565760549636 515186558057442 541460392391022 502218352055742 523443927486200 527002351353134 516688010680862 538753338507150 507925643803901 502051802193022 517861772202411
520526326743530 528989979114248 519042212461024 541746200380196 504434707837468 500998032264765 516509856581333 536895146933194 533922889178848 535171195958464 511104540299336 519298555376330 500857145299057 508667861688522 524507343820669 528553442696284 532273541343872 539756776519967 533255200958750 515838945134559
535818202238196 534163470322716 540367440840795 514093687928368 502935600820862 517152050495743 531232852764119 514134775508809 525497719204744 528171767742435 501201492643796 531246325328396 509161375732083 537052989507470 532076793028588 508124924100522 515505719416803 497995500965531 522779720517597 516905107928945
504483854613253 539893076035991 514560676081166 538508630810184 539811669871827 536584552494696 515904997199632 535286142405472 539100481252443 537284362896147 540585420872500 502559992792678 539943312982704 535323362136621 515839237979607 504289493743950 515188053645567 509522146534797 510221318934132 541343401998221
499262200549411 530204876386138 534347329850228 517290157245416 534613972176911 512188120131957 504124682185461 510711995372670 499452266413831 540262782632307 498585194803331 510291310641748 502307592150051 530695181259948 528088528933753 521559442473340 512093916622315 538119964693716 522762407907539 515879900639971
7 9 8291861574448
0 0 0 0 0 0 0 0 0
0 0 0 0 0 0 0 0 0
0 0 0 0 0 0 0 0 0
0 0 0 0 0 0 0 0 0
0 0 0 0 0 0 0 0 0
0 0 0 0 0 0 0 0 0
0 0 0 0 0 0 0 0 0
13 19 4
835862622836947 880026268144835 877429998604506 836407163435199 889005672294513 869037366671707 852598589613001 887992533125283 832272910865118 889038520558038 883399088807407 865480362664018 843828580619120 862348415220693 832636739044404 832561811760103 838182911435523 870029790008666 855532116320529
855198100721857 894082638324501 841394390280905 888180219320204 832345233629369 874811930256957 848874123001313 886457371276070 847400250870721 849576049846330 857173780138198 852732057972304 846460626417700 880449239382392 854586574046680 848893613818299 879957775890234 864276872848544 853913995032285
855244530002709 868052383370132 865273845358766 854669929733783 834561805383980 846497447849780 837239353869796 833051636459582 860992973230720 890969939828728 883668596958855 886983438735131 874597526699799 877416306950438 858443429985598 888906540600854 872431226486325 844845802841140 888434260588582
840666146510690 874506640944844 836321373615428 847794210827581 845113867306818 870593221202116 857219191273383 840950404010446 838278721054332 868221377946620 864368133231693 895050665085401 842346445195867 861067546646708 891629325123839 847035676478418 878175872318977 884770491166012 879453974253569
863023107188016 844549222375489 894969952871751 856166722615845 894323929840129 874710049411825 858413481938834 835162943383347 875179204444876 853546512356897 843810328751697 887680809815094 895647916719676 851792125321205 840088658771474 847968213968172 872565533093430 892609272509915 879454925898670
832582335123158 861626534861765 867960116180799 886758289185129 884537471785865 873950585838242 887584237625543 842481007923005 872283163054393 858807775362532 893520655117299 882630229968336 840406945906586 895107532862143 885659085570656 878918349115326 850960168563691 835083599269707 863329831141826
859384419137103 859682998240749 874313999438081 835131134019284 883493117300871 842534207542952 862876531547579 847329896691295 850854125496514 854900859513687 886641095440682 850562255752974 868182729144897 883973268495020 869857615911651 855681891018425 845759281915531 881327834491020 859726801821944
886099662637768 842602286498674 850565836656036 894965247889068 857793227970012 889254862014751 846305684837655 861473135480679 842358083345430 880881527961466 843539256402970 849071211078229 875961550975270 850279823756451 888803049755060 876195514130001 858054173679382 878087182702775 865014309617837
868525344273525 842007004019929 859268310502913 873904092243095 887968420948573 866684144510338 855901187630807 890373424469798 877902681643431 889884158276442 867573090471152 860524742141031 860806447903975 835154365272110 849103962377366 877301042958253 893624746396587 850603697179232 895567160902015
842156634738466 873237766010907 845415357411373 845603914270764 883783277246019 844203798799344 852683205225940 892442536983306 894319158238490 847105544833222 858540083507288 835913865729385 842611970068063 840010089951283 891614265579213 875988597681384 862016109146617 837753158643830 863482996011454
889144589138646 834344524999596 876450600836105 849425257925274 875190103476096 857430435414270 835048430766345 874657389576972 879145070466603 831904575420968 865322365345820 861012778451281 882334298914057 836952864891476 861355394165710 861627446741474 872501458473012 882506018465873 840307662198549
851543110724415 837740119251418 875754957478318 834016984764594 887589150679994 870673724541526 833928771804602 879781664484236 861637431025616 889751603793562 867467672838586 895162807891246 838689665817444 894035757705045 853723001042349 856372487136964 847614328871832 849523283890188 859957868868018
849934774513126 869527329048837 875255198977432 848572165262876 847578623940300 836519269676772 855308405390397 865782751188267 847117647122590 871793460089315 851576843658155 841956948829937 867756916068883 868746235713015 851880540695513 876076728570238 875924986861385 861072875273819 876171560182494
20 18 15103864231822
224968458409765 35556894414541 161805445150209 42114949710868 305452141996935 1821366936430 203582864385509 7963828056227 155746549314968 307516473637872 178085938014777 13280243007479 148539632819897 88510029361148 21416128396770 198034650489081 289197221948211 318914695073920
626481054050 204334477634144 315716071856506 101486305656852 94571578892473 261405172544752 15543029744346 207074922447594 139908250727170 143025371482856 116571307307428 167708662584594 261587877825136 20344901267090 16317062446602 110550057352829 225654353477552 213654242322937
102653393480447 144694334001964 176551960857722 287421101097834 294956977131205 258595325643475 78544048686765 188799412991738 126194554827796 291606362986775 108525194641631 227705154409184 153579106740115 205769553278826 119538531547536 292549803068518 200050198061476 21563475385288
196004388974369 189761329876156 251361420214100 179010080264508 46339681142296 196950337901047 219362287627419 171496904698397 34749835119798 223657300925097 91566538947627 237250565432191 198196102682850 22614719289861 167013433016920 55601005562626 293713754625719 314387319659964
304221396167239 253845837501844 316897464992264 205407284060465 235963406064048 103975044219265 133254688197249 209045896965958 51871015749313 154869005754537 40255976413564 301032032934509 328279242181510 108300738228266 232499026216000 21305722354068 88179653722691 19191348593939
225362871348673 165593004392466 192974608988907 121883226405708 324899924465618 145944430178349 281396639164335 243945679069572 77574759978585 199361247023872 171088793460687 132825605726850 55630320038554 51900000764337 115345074595132 200828738517948 260194911481049 277284728989418
252124691731770 221232226366121 113792950537570 260048350899032 222677617819538 316180416154038 8150560703917 121560886709050 3049642938698 124495400513934 33238323340080 333020168328019 205731197101003 179652487431298 292110622038632 46095748102444 260702551632108 250944318843271
253300844646401 288363389621680 125510940086648 169677647622324 206551208534569 318670371663797 229676510276803 124215382533764 74274056312710 130290767490662 259674103452529 124183714276947 93061596866119 178124858728890 138695193688654 40427162861641 44734029242522 73288691547105
133663983872347 215908587877816 54639494807253 85973994498289 295765819328948 233511126255394 324269648277323 41064421942950 244488225412659 159520098477564 59428120264638 176832053093677 192020872293407 61758770113463 310428629742583 43569841732355 155460395925758 282009785935224
165942178226882 88391796277362 101504744565173 38130149007058 101810303859581 95514935139536 251047398604978 277992523173669 122994772488646 61953047417016 114433881440964 69936093436434 132402024374132 53177909474913 258030940302699 6171823078861 202193433206446 300391744314936
130021030998756 58077280061448 35710530976919 136999225693757 332902816273239 81232191842972 327232322984899 241553406920367 169840099594769 149258796081414 150371529296970 113041046384330 155992802492686 300810306652820 275049628699447 99061282520689 254862200851017 148614347561536
65974946775749 287043558197089 212499487495667 227349887928902 302609409917964 188765605289402 2090957912569 66099321971621 311507077288113 104407643854956 29551555684274 196103251695321 102922020318149 129793592635031 24288833330936 34328716114228 82288085299861 245559670897616
300664130495706 209048807949447 200515351490921 154769956153168 170633901710800 47924353753240 195396566370283 202951231602807 149538479539106 332069599096610 263837462033399 20907373752805 3117655598812 78421655954146 300835788160375 60157628241320 279984036992657 25810264401463
142814594790531 110906453384085 292656064454334 139163392151491 209817052380940 279839862737058 9682884657451 197212540950576 15115422591344 206407083654093 253702559039723 222046836939835 275528201499181 91899503526227 110835478759499 130414713322529 10067329738625 133992653918026
101187859609949 2224667463340 301935423712347 227385132729741 36913788672852 32210493983096 154229867217918 115102316302981 160019377931111 186947500898270 434385547973 2210740781094 226639992933852 136417769062099 200876641474291 174487035014842 327216294091887 138913732882899
280229694975919 151579656781169 288555651504670 71215340630580 257124936073332 215115848756763 144199049817606 117536495189592 142679314241345 20848151816828 322380308869838 1112339397588 108873922261508 137230357794160 91472272386392 135684642085416 116363757001423 279396370626782
133315763762884 109614207351521 199117555705205 136841780709576 157054932919327 182834395472548 292557574583873 285893236290590 249604675342924 317736526646722 206724064427440 297044878548526 220155229237527 68365078343782 110548908942675 20907253420525 52315092136378 38870885725801
243078839723889 131040016954718 212498126913100 322944170962667 270828032856799 175209258546998 141333137040240 308420016539226 217061363716338 288942535553165 216360164364459 90781568814877 167808722839550 209764429864410 37847776158185 289453194916287 87580347809512 19164804281616
323402001916151 168118612954090 321635087052282 66921412475908 145435037863745 233926056113936 304398843854419 15552420220812 316652350070831 136285188550746 162666196738776 136090151971507 4386936872401 693150622336874 207823507702943 61177646790720 13584679008821 242719505228964
167961562694507 229857012229118 325077190081299 146634163278529 159871116281847 93383380938359 322897071855117 212972366529139 122756249165583 118146040617897 24724635759575 110405188850600 147799437158474 20531300472515 314783334288397 321027283706804 110002575421433 255795716340793
19 13 1
512262140435342 492414878444860 523997438461527 492925856131920 461379395403446 487363765288263 504245017370582 499432337369183 482025865982426 506992312990108 461471769692501 471445357366891 490017736791351
512549650209164 481335388699423 505556226707917 500101963397314 476535339393020 524715522219679 521577005651183 464580720735182 486305973676385 508665316089430 464360202932544 473943255258461 464602889136271
498876647023120 463926019186937 506800423366541 516377430346000 522840607176154 511473046086794 472232767713217 464948045398510 496076102813580 525312859032951 499581187327892 476747915744912 496368164888811
469628770310226 478871218942750 477274999315426 482988472010024 466406098231008 525485192070951 520485294176056 487464624987719 496376428943411 494717403860671 516062499287490 468523319994925 460289922075911
497015326388170 523403881957520 508068747755420 522909768569895 482066665902362 482292203026339 496421499956061 524172758146872 486517849962510 491017617422737 475801411761089 509444888386290 503233980071123
505433003484840 516420416796121 497183124020452 462925235662519 480898258214548 521411487106221 486306513450427 497634314572005 521103417154420 460466642965413 505442116071589 518902466302452 479789045877921
469888751486839 494171547076598 490322489649240 474976046830456 485070158560763 519231677295225 479663923341852 466068713554857 486106440594084 472708284068211 490409284308726 508874499956973 494443274728020
526508292303456 510683443306440 475333205342792 512867560313718 466030151005110 509917668744811 467946890149516 526399289617160 518507707525108 508542847359468 511586204669499 485764061513420 524832810484074
463391265484832 482007718238885 501642884025183 510855664296486 520441623099850 489102999190025 477302908167329 473069539408247 509187667792019 482428095216858 491601205421794 520822691957176 463219206499216
508717232459872 486802724164413 517808284151084 473687919104805 491307438892177 478414252350931 462006467986908 491685287584822 516842758813289 504559402814872 473497504791754 494633584217735 506053300506411
485435158498817 472951070166073 480945781858244 469212222649915 476416765461831 519749908594697 508567028353751 523765326083988 474582587125842 502721596185801 523115029115006 507304712842568 478374576963187
462180824542141 505526307799685 522368905603970 501974341656769 501863375965333 487785424532150 516619555638564 484942457298251 518001382387522 497171430661537 479076004229370 477477185029365 487800764531956
461707504831708 519505560993240 460792244036856 515062278014828 498210832695650 496163143746380 508455730890741 497225681963470 477436384075185 462349238467154 506106961537857 518174535494747 461997768555041
526373359913606 514607201618750 484400067357916 490393159231712 478898198814502 503347378206727 478404815101767 506592869131218 503373734003885 465048202933376 468623756547778 467783538388104 508357637010194
494763357960282 481724747824534 488719497121984 521073256770654 499578396537605 510999657277372 505425999351300 524770231557376 501971197095346 493852534769064 510329947021342 502891074291805 512496956256733
472676753925934 467179400665104 473789121383990 502919837733464 463517678492608 506874572048604 514307772074621 477138027176389 503321890446357 469349057082199 461218911803196 472349190775814 478911748383648
507068980780256 517057675298168 467357938838716 494602454955518 518163550108305 498083874176145 525484965432343 482028034017427 508415097769074 499512853041100 509938703477466 474111642581637 461453130183489
489500762678145 496460675899810 525514190876820 512899697375031 499738785016092 511544691464324 514855321721596 483096852726869 525576224359778 523363206899328 483219173252778 484607252258636 514179383215489
514937534403716 490123542209075 478360318965157 484013538876047 472501094223357 472448485468667 524045164738985 467495249758699 510676631373304 483701257663393 472929644208255 478092065950730 464683391435273
3 3 1
0 500000000000000 0
500000000000000 500000000000000 500000000000000
0 500000000000000 0
1 1 68803335899928
897410035407038
16 18 10
352720 352720 352720 352720 352720 352720 352720 352720 352720 352720 352720 352720 352720 352720 352720 352720 352720 352720
351540 345065 351550 338883 351560 332024 351570 325965 351580 320369 351590 315191 351600 308583 351610 300775 351620 352720
352720 352720 352720 352720 352720 352720 352720 352720 352720 352720 352720 352720 352720 352720 352720 352720 294588 352720
352720 251129 351700 255416 351690 263009 351680 270741 351670 275789 351660 280847 351650 285719 351640 289786 351630 352720
352720 351710 352720 352720 352720 352720 352720 352720 352720 352720 352720 352720 352720 352720 352720 352720 352720 352720
352720 246865 351720 242155 351730 235771 351740 229139 351750 222868 351760 215196 351770 208081 351780 201521 351790 352720
352720 352720 352720 352720 352720 352720 352720 352720 352720 352720 352720 352720 352720 352720 352720 352720 195522 352720
352720 148777 351870 153427 351860 158103 351850 164323 351840 171904 351830 178003 351820 183044 351810 190905 351800 352720
352720 351880 352720 352720 352720 352720 352720 352720 352720 352720 352720 352720 352720 352720 352720 352720 352720 352720
352720 144559 351890 137728 351900 130193 351910 122577 351920 115514 351930 109744 351940 103891 351950 97719 351960 352720
352720 352720 352720 352720 352720 352720 352720 352720 352720 352720 352720 352720 352720 352720 352720 352720 92088 352720
352720 47918 352040 54599 352030 62275 352020 66861 352010 71313 352000 75728 351990 80235 351980 84403 351970 352720
352720 352050 352720 352720 352720 352720 352720 352720 352720 352720 352720 352720 352720 352720 352720 352720 352720 352720
352720 40728 352060 36019 352070 28836 352080 21422 352090 15561 352100 11567 352110 5253 352120 104 352130 352720
352720 352720 352720 352720 352720 352720 352720 352720 352720 352720 352720 352720 352720 352720 352720 352720 1 352720
352720 352720 352720 352720 352720 352720 352720 352720 352720 352720 352720 352720 352720 352720 352720 352720 352720 352720
11 12 1000000000000000
115606199193972 291023252368543 750327610721067 86164989781672 417854616342546 962103573796916 128791811903440 258229724575546 794265970109171 641741891492002 628526809052098 200009004826247
425184603737908 569123761635056 164738554810083 302000171537408 845804034898012 307430537410464 84656371677976 655261547506858 6938738695647 376733906730991 865289880289783 53467423017920
532514243482684 91851177154778 175716165415675 28198722029283 527593566884309 312062136229179 471419361015393 288792685162530 652119005734712 755612299027219 789737178184921 576496522983379
705607135098257 208524941997434 954510757599193 972728881336994 338014125945127 956752853998645 460389266711258 831126110513335 200895533725846 713545370151708 816849988431588 167006119159950
391032614699047 424755471951788 751070864052256 28153174499217 833668888791388 905807594386846 53014046799767 698061292214037 968753865479483 141985320122667 761809146796486 604251808127169
624103292174611 130149423382118 223428719833109 471367281460384 253576672220806 492053268417037 750981918562110 618622401695377 246991976215389 555354904798036 32079003841007 783316871787985
742074725697271 798439970558931 221017696128221 277156926800120 532468834918336 709509423246630 349969317719692 419205963966362 251458851340944 195574072453967 308997625539655 783548592558793
402344714644979 852518294381582 707354884872602 445723700519250 408893103973972 266936594753985 960471499321111 353704689390969 298509003302360 957413425607980 565780612744090 300142004174322
731236711866230 244233889185868 621076000377538 269076357501784 306468916782864 656473545510384 858299522123229 438049731548958 224796919757851 135153044857159 932781407272007 614998483733034
454726438420724 256008293727774 800779013663592 566794255092191 554599043442017 107729251054376 858063331904546 875613526167715 823843439688342 903799616222643 886679993031645 33763477841018
106401528750503 480442301255025 408758119128252 209765607490689 260997482931664 219960395487387 31966165950696 339799512091956 399922980727853 385180684289650 509508171864609 350026613220221
