10
17 19 6
259140 259140 259140 259140 259140 259140 259140 259140 259140 259140 259140 259140 259140 259140 259140 259140 259140 259140 259140
258282 255260 258288 250795 258294 248067 258300 244171 258306 239585 258312 235382 258318 230932 258324 227883 258330 225133 259140
259140 259140 259140 259140 259140 259140 259140 259140 259140 259140 259140 259140 259140 259140 259140 259140 259140 258336 259140
259140 193205 258384 196436 258378 200972 258372 204123 258366 207616 258360 211077 258354 214809 258348 217738 258342 220474 259140
259140 258390 259140 259140 259140 259140 259140 259140 259140 259140 259140 259140 259140 259140 259140 259140 259140 259140 259140
259140 190426 258396 187064 258402 183562 258408 180625 258414 177013 258420 172786 258426 168655 258432 164575 258438 161823 259140
259140 259140 259140 259140 259140 259140 259140 259140 259140 259140 259140 259140 259140 259140 259140 259140 259140 258444 259140
259140 129157 258492 132832 258486 135539 258480 139906 258474 143621 258468 147353 258462 150050 258456 152606 258450 157293 259140
259140 258498 259140 259140 259140 259140 259140 259140 259140 259140 259140 259140 259140 259140 259140 259140 259140 259140 259140
259140 124724 258504 119968 258510 115671 258516 111125 258522 106393 258528 103401 258534 100640 258540 97301 258546 92521 259140
259140 259140 259140 259140 259140 259140 259140 259140 259140 259140 259140 259140 259140 259140 259140 259140 259140 258552 259140
259140 61095 258600 64250 258594 68243 258588 72667 258582 75296 258576 79388 258570 83015 258564 87299 258558 89841 259140
259140 258606 259140 259140 259140 259140 259140 259140 259140 259140 259140 259140 259140 259140 259140 259140 259140 259140 259140
259140 56942 258612 53888 258618 50871 258624 47635 258630 42971 258636 40394 258642 35877 258648 31465 258654 28076 259140
259140 259140 259140 259140 259140 259140 259140 259140 259140 259140 259140 259140 259140 259140 259140 259140 259140 258660 259140
259140 1 258708 63 258702 4538 258696 6999 258690 9657 258684 12506 258678 16305 258672 21008 258666 23732 259140
259140 259140 259140 259140 259140 259140 259140 259140 259140 259140 259140 259140 259140 259140 259140 259140 259140 259140 259140
20 20 525528839525491
360618643337792 517361083351043 153726474980252 816892821522202 339174344596114 3325784428463 880494293213515 887254673056978 485788720190119 316260839569870 34472565595568 291588435446797 861182972807143 53315213616977 872647267438815 937621159303238 902827704153603 660771484873377 558152533315666 779094484259016
621310955887643 506638667364189 948305030029074 579361528378004 294013757519593 633115560380251 444475323738369 929396044941457 647325983461060 486008767276980 632249107467111 681956200329376 911294630743928 680780641005566 709848254770335 42043775777489 946290160993725 124203158944886 970327350972541 809473074980753
570437853007907 154104875679109 160562424718382 45882787898851 292832876279340 897100097408144 873811465167730 209855747854354 630191063520178 435693037946583 601302160962524 834949560900322 137126078760550 638023131752207 355859350228181 386870097892955 142990488695996 88503661867760 580774780538791 737772866019766
350657097826343 538969636170544 902010480725942 386353426948205 635295598106788 313879634316565 683499977534201 759281742973267 538142492929868 212096934539750 227014796433920 43572955811069 141184825882679 545825824755754 642988177906420 728824117766797 412693825754299 500155962936384 899479763018848 611445943814293
71651149910259 760649814464470 140708723937768 506107092417628 570976540583864 775765986930041 769346107071927 171413958898784 685308094780674 674950631802113 554669407659497 256640496858594 833848358443984 2080906485420 508369698303033 466893259185150 360587382124778 717958638475616 512746254917408 643193322779770
398888610392938 886183039969209 431710220905197 820480166993433 800492609496357 616629569751517 411623587057096 755661090779587 802545784521443 851525242689817 801313967717765 510428846297617 310485589283589 174544656387172 107211469725533 335046030495645 902183786605378 934199140770055 762528587295113 107396298590804
976199552930197 621393790288957 391638270421054 437933484317189 763735304872667 515395833428410 439281620113578 603000320000019 157735602491623 676934169795402 335892631443683 924556250125591 412555893042054 738841102378878 271064288525746 716096813492457 534636809046463 451196882610167 554166129255688 193817762266861
99657566951240 673264735547664 671180743095070 17709165155677 523251349751366 613026300061939 418596534883393 12504807758406 986530840048755 931351180320162 353313662513621 319071555880071 120789428549599 766838042250924 376541027077306 306260394402983 669125451157064 392582953053704 296718055428679 354887240572143
735368298183554 313833198948478 88154386569208 745995422171226 704165986302286 763100508396787 697800067673768 894117158635565 956589654448360 688861996973501 551856110699545 896367644202811 737042241914868 959488461135312 226765399403964 817234339934189 658585764483269 652654355613744 600507718714991 446223538741297
805266428953752 793468156960778 710373030432694 559801676652002 591547407484052 982544540320051 490457132949096 626614973937305 482557088575909 69428416052468 481195090889785 746786370593916 554109658264096 206598356112511 358532688407220 893818442503456 986052503367612 538660944527502 628390835881571 589682250263109
593278197555364 286171358676317 279094649498764 925743172090749 919931053527866 565794499134028 690292147628826 421620409862652 220139694004217 682433502276498 736008682704357 852508286697947 319216118260218 454962744109855 230294239050696 913692302943283 327430967465605 545422034037061 317422685256264 467921616764998
445000325996509 181761990322805 464742330086176 566878812049669 819543581123274 853062303685934 422140968042920 786004833457524 282523869235233 790151235959997 733414187364562 344730421946694 506263318398542 432440451885914 492644306780280 361256101526744 1000000000000000 365996655247499 707623399835998 406058441519701
127382421692922 954075364042524 915186881011285 333213186499246 639643438988207 534807810834437 766025936652921 410368631569001 884353299724337 447229502627750 724210564738472 200878729107100 701777111128358 904289489946240 949898386328483 50054939796482 255638400706872 697350083002254 118527607173067 988679831227660
334421159985518 919289844468579 387722287773510 568115141341845 680098486018432 815984696323786 220957204287931 446374458604669 236710292241808 528589013875764 834626401945132 179007772175157 186417055779671 582850272043202 387202626138449 311626680002467 777157159893419 850055892204783 412908074130761 969697313859701
761762972541362 976383019132792 742354244123620 263198590938765 98695010504716 451716361342572 721826997204587 165989867490025 23641721111405 990984194758270 366806589455653 904308440626600 589237089246874 319192818675789 458668181145779 552157203346629 457978902959497 191911495487604 219956046055535 916732386166643
850662482398365 956981475665707 63418353712010 631128257804058 66098425472836 861602981359901 728169170226920 238699704999830 260790902954737 384071209237924 826784803860045 485106946123718 880524211998789 875463215619672 174658014413342 250927252553311 744026861711061 323336757357743 212508128897059 385814473001379
173015506851210 912192729901901 404733799734114 683138225495194 966797748546419 620941293923749 563221660883096 832348461017350 89781439957101 539490835774766 155573648694408 637501833409697 114643326783331 877709709680326 656554735314595 557584048009671 368477821659373 465091650120388 130472172529464 977337396418519
263491172036747 2174207718085 435087853669135 972226634158304 86912159877384 708162942870861 223382292510768 497569538127970 375901511674172 926250362428097 946366067862599 69000271149716 107096761217593 331500522820214 160635507546707 337513554277513 287879780686796 622388958056782 418131283377253 362845104193352
828871280986997 377487472573774 802837562089123 952645472445983 197932003035398 466811500515324 563608862768342 470585392280524 377566976668896 579758853944370 408290768160445 556287388328081 231763210286453 956029264228011 55703037033359 74324342753963 613363436124330 295240768540436 944069852369960 635746405948898
341970352664921 125933797496356 960704911557624 883603661825431 498049154861799 332290950693399 660968376008975 533707743399796 833536127906865 711977105256967 555601251144317 983718259422394 617835483057188 448744794618522 683300368216098 139878764341971 974066759228599 375341053223688 26123784071702 653873281038491
16 11 12085198573480
101206276854915 264961782937875 306022449562348 1161758822710 17034016622113 133364520931886 296582337101419 256104409826244 242528350799718 318758700378727 221154952423653
328237404279457 263155414249350 229511101193152 318279315080478 88274874427101 291594068508518 214712554757620 120414639566725 253099229733986 56745860868611 234989909062418
328813461315561 237118614441040 263216194902864 16967452286183 261699617910655 164615247638528 97704560572558 115485333901582 149545470552971 56216537940058 161863225313916
218831521281847 147267740657388 143847371464295 320161346281581 48034832427574 47362163562069 141324548777442 41331044093732 27650090517647 79339930148524 318578521511341
268808267818406 149325762908338 113784107281723 127922469079271 172900312815740 332881417374418 211418027538169 266734329592938 309554893533536 319125385009934 256863292888651
292834305568177 159588363606760 246631509714941 208229360632043 330735880696667 56164944262270 277589354385 118676755212221 56808194738981 4598408703678 117173557087459
9369051431023 22474224767588 122442946241153 301072919948261 203465312744521 54740822807849 60612663613488 179975461817505 90880408003996 134720517328103 114851634355627
34645204848237 68629169681633 89250816283009 214523349683082 6174143308530 166118224763574 135487712694102 215344251567104 973722112271847 124330892328292 160409319050476
114885155300890 284236724376335 219982537941732 284482224648656 303485373135904 74157145236190 217554652782397 327973605704222 140383003563232 190368234804732 186393404724957
151122657750925 26749661473027 262579839369455 146596301966955 124440150787421 63069733498428 190915557883504 270351945617914 77562496656270 144189922546310 219846877844725
184252244175389 191836572238864 191109148367158 166550444858808 301253271180882 79206616355899 244137187852060 268416710040935 322171869514807 198870152605466 266224689841984
7848322057376 309484257884744 136964822415503 167169273419405 219174113881954 252209473426886 135904551816362 88476539902183 159373710918070 44060203562128 152092472137208
116333303318550 270360629105079 331647078497664 136018320817827 328610533155885 37182877595093 140339448851170 1213482585208 50412812725896 236530475145921 261294814245870
309981538130699 248679640971952 189854918393277 234690982477058 181241455570102 45373143872969 181623435850350 175441053780338 78742884415302 40753133625692 72218281476184
314472179656499 306769322298801 115745278955050 172171048157921 156854162973197 59358969477427 327617368568929 306454491582794 23068719518114 90386860012926 158515404052636
49760409977678 284454817187734 138991285952373 22323293817402 194944376464602 262937641563110 146764994668291 283360540657840 247712692135245 252818281404602 236979050924169
19 19 4
192032 192032 192032 192032 192032 192032 192032 192032 192032 192032 192032 192032 192032 192032 192032 192032 192032 192032 192032
191388 189615 191392 186650 191396 184450 191400 182010 191404 179966 191408 177539 191412 175519 191416 172758 191420 170099 192032
192032 192032 192032 192032 192032 192032 192032 192032 192032 192032 192032 192032 192032 192032 192032 192032 192032 191424 192032
192032 148979 191456 152142 191452 154438 191448 157497 191444 159690 191440 161759 191436 163798 191432 165798 191428 168365 192032
192032 191460 192032 192032 192032 192032 192032 192032 192032 192032 192032 192032 192032 192032 192032 192032 192032 192032 192032
192032 145847 191464 143701 191468 141557 191472 139903 191476 137073 191480 134017 191484 131803 191488 128845 191492 126431 192032
192032 192032 192032 192032 192032 192032 192032 192032 192032 192032 192032 192032 192032 192032 192032 192032 192032 191496 192032
192032 105598 191528 108782 191524 110790 191520 112539 191516 114183 191512 115819 191508 118629 191504 121002 191500 123899 192032
192032 191532 192032 192032 192032 192032 192032 192032 192032 192032 192032 192032 192032 192032 192032 192032 192032 192032 192032
192032 103990 191536 101569 191540 99242 191544 96117 191548 93918 191552 90927 191556 88563 191560 86570 191564 84454 192032
192032 192032 192032 192032 192032 192032 192032 192032 192032 192032 192032 192032 192032 192032 192032 192032 192032 191568 192032
192032 63782 191600 65427 191596 67413 191592 70339 191588 72630 191584 75411 191580 77461 191576 79367 191572 81627 192032
192032 191604 192032 192032 192032 192032 192032 192032 192032 192032 192032 192032 192032 192032 192032 192032 192032 192032 192032
192032 61261 191608 58331 191612 55657 191616 52930 191620 50921 191624 48805 191628 45673 191632 43553 191636 40989 192032
192032 192032 192032 192032 192032 192032 192032 192032 192032 192032 192032 192032 192032 192032 192032 192032 192032 191640 192032
192032 17214 191672 19703 191668 22459 191664 25601 191660 27561 191656 29623 191652 31903 191648 35066 191644 38075 192032
192032 191676 192032 192032 192032 192032 192032 192032 192032 192032 192032 192032 192032 192032 192032 192032 192032 192032 192032
192032 15247 191680 12923 191684 11122 191688 8303 191692 6686 191696 4793 191700 2495 191704 43 191708 3 192032
192032 192032 192032 192032 192032 192032 192032 192032 192032 192032 192032 192032 192032 192032 192032 192032 192032 192032 192032
10 10 4
780689248913700 789633481144957 773536583555080 778213981565520 784671762909706 768821496655880 757908968221409 794358224594886 784533047050546 781856277949228
768311418487813 798456081228176 761651514155813 780572561457752 772290617455605 767906239529662 769329183128561 759835033373327 768404655041588 795114222273448
777425750255200 789554184036779 763173050175349 757428535145857 774323268746762 790915244232480 776869563405595 777159810155018 775920861484643 782798410897726
767912764503318 770715798854339 778243538497452 795730242071085 757526961854764 756858343629590 793807236221254 776285714760100 778126822325905 760429013452488
775014749996691 766872381803853 762350015608042 768101534416339 772505472948135 791040500100738 772747009130473 790497201705827 770134047113349 760421420503867
753492705933781 794825702484527 788693386619187 798407316954822 791543079257310 760968677422372 775991254121565 795570693244330 775534810065895 784869955722399
796912774308600 761353773783607 754581407882405 754631687726381 769155430002358 771606327193925 777764387710545 778859619042618 773795382073966 753077171591420
764829397544195 753779543696033 781339707378504 782573937021115 793563410822960 774457106887971 778414975079511 765737321097311 768949299396788 783102079166869
770493250652417 773009041518308 761474341508200 762365133723115 772590243934363 756921939454611 785966243392367 779207758548496 783325917777733 779632622724504
755117592049751 764043823043085 791141740441621 766460669313046 756345288852304 791861605603123 784287998264746 788502675282788 771423897640776 765047647318608
16 11 18084614161
187315252748930 53789657867399 228773406044641 105232634093118 308202549528250 73439391035833 295208609771673 301918671761170 329430088046757 141754386029357 102092011575938
75763356492764 84920262493447 296052263378611 213025926808681 315603943834718 78220336998247 42836869982736 209433397795674 267931753412243 238099651785231 266428720738541
104535335673231 85274202975873 311123151302676 165710928674399 115747104060740 213994730165904 114379756897949 71685938476722 314434493241579 271266450688029 56721520134954
83291402764388 249185228313284 38693309886426 259240434732203 111400096271750 130784980380654 73815134921320 877018802650005 18471929134898 214877678079208 39811577123455
58894374493517 35025173295191 182459863876922 8740887040633 275560096347363 269510650551478 314599490124766 142182893954981 215280492740662 6393575842421 234873525912227
234714517172744 306597553982289 306038949711787 250746957550391 58361566939217 173307830565266 257504341218029 111384984134013 162260787600962 172439161576321 70679933748960
230909044937843 224920542504836 269749519551899 179738499790266 119242861728228 178755106848038 174003780393137 86706566168273 212593337984564 42391962377137 326541598398329
82840477103335 224167101759489 283125053432607 136380503749193 187194016309774 219005556614418 164787823586817 287907182891447 126321589637311 207469037341951 270707033121925
47616304448724 248726596828274 166484568827991 129000516561197 288053074402329 105653673437593 120446777254150 295693088945252 94620276707514 143725952153008 130549896706170
139125143179474 13447252520008 291573900153569 225112235111870 80621360861402 159323817808983 134034076975558 155656047065901 195322053704885 102182508342833 217260220095148
48872737249390 284400394189846 312090434611734 170404956478886 207378460125491 181734693011567 109770456466751 134093514469339 44224949850152 83216595263184 251929829870749
198980795593813 164625816371396 61425971579552 286152220802980 51122611578115 233144458689603 78848775192092 251000699501850 239056868594157 126187474774105 22024015951842
184333725661002 200707417653336 176278911560828 245431834765312 182057921197617 253230274474027 303779569144470 314124812846594 83186882670425 211458139932143 265359022296538
7817872979418 66068324660069 104584174691716 43978946225353 224674267651685 48654118404827 88488073215878 303018262077198 143271085085733 7962727311168 68298433629255
247405731388708 222929183140642 132722140384077 54765496288832 119508585811810 29601830513768 27914160455638 275453431339654 173525847246199 93903085286146 329241386213417
78987593499167 272086362664389 96205700547637 185084739140931 245596931370616 232592794258505 73685129548770 117024174649335 249980151199310 90682993686077 31605507525320
13 12 23356263712540
811134067079545 807801455318612 792018523437120 793362999865235 797679191352188 797940778963892 786330226659455 804452881373870 792631243591482 806804875437387 793994866485634 795448458898425
808118235706357 799633897897595 812589546438492 801689394854947 813962411246706 800685005481061 782931664531659 793416315127416 786558928548139 792094994739746 791883054996079 782042226180672
789706207362025 782190359672344 810940695439072 0 811678629029108 0 811067324948148 0 0 0 792517811573465 785302960306473
784225612535045 787054976691167 0 0 0 0 788648167869338 816230879069474 0 816369729444873 805468504820096 782594773533233
781015583747388 809407682764933 796906951135790 813766897229555 810911630264983 0 805713331129131 793007188072038 784707949689240 796488339419421 778698523607166 796987494378795
778182763976447 811608194987119 778774736005601 796072081860515 0 0 0 0 0 0 795876979942108 794353669325217
779092644355330 796769523103875 783033542807551 810370898879800 784699757338993 0 0 0 804410906841240 808823362880505 808816337977506 801910032725896
788972308759369 799767848603902 0 0 0 809822744574569 0 0 0 799193062328242 795522731630300 815943488870197
799491799353664 808301799638011 783662980829579 798431623259796 0 0 792116416295173 0 813697285631061 0 816516344138722 808808984919267
795597388558694 810277731920519 0 793720151854910 0 0 809952080853757 782800454405850 0 0 802834161058428 801658542878162
809811699672154 803929395781225 0 0 813613528442773 806399019552933 0 0 0 813853723719886 783166715414815 800851802767767
779041981954049 816387402431753 790766050156128 794826304609275 789870184725274 789543764560313 800275844282103 783273481389994 810692151515688 789649993516129 785602510129605 814615165999741
804831884369794 816359965261251 815009004115124 811019158088014 800295668924347 811501212917853 778477483266446 792668355424503 784113825507238 816629355965163 785317021755444 782380760347281
17 16 49549047849683
555862723547799 566563476474714 587946673299181 561845963179646 598405213463526 553873096510565 563378002774911 564478470126267 554090894871546 577780847011287 595060787856390 557634099320776 598824153664390 583388837489914 562220857409987 546664292085025
568386803717088 567295952981223 558925361224907 557845709895847 596382769951483 588281410942926 585958569777566 566992970534392 573707838052515 597634924104685 584828522805258 567785743764315 578373899193009 596522583156285 566609432616146 546281272201957
560779099245836 554127475129643 554060464449548 0 0 0 558133985803504 0 571124553235799 0 584947458468912 566056802748758 0 591927678958026 578532997561063 593081100761201
562496752564692 590177559403399 560962979639772 583441690636648 567584227159325 0 593917389973656 0 585515267885555 0 586282305812377 0 0 0 593858458947579 547217960461232
580887177627512 587888474369182 564083275245582 0 0 551258221606824 564386863130444 576069197197581 0 0 597352276653347 0 0 0 548220949302128 583745345407878
589202968475833 559207639333239 585217434323966 560539414001840 579189028886927 550257167503486 0 0 0 0 595771356293070 0 0 0 593899113916889 587075115955793
587459044510080 583305867304661 0 586750028749589 580499595377569 0 549546924782136 0 0 551983642847546 0 0 0 0 594417423997583 598876967225612
577443402771811 591669107962396 547762880586560 0 0 0 576197642814614 597347722054791 576735913002369 597954340545024 569417450084700 592970256888603 568824138959852 581693178206088 566703606067173 555304947049603
546637350031651 592116653965778 0 0 567344175189762 551391637367803 0 592315525970013 0 0 0 575719963827356 564027493036492 593355914812500 559131307383584 566537039032509
597706225083733 563955424216844 574270524364544 552718756136289 0 0 566694573846411 0 0 583472062707060 0 561610328884123 591879042682656 552248556007750 575543018568807 546888764569195
591984481155678 598763940612548 560692553906269 559113935229775 0 0 568362560213315 573854019548076 0 561421803602215 0 581137852503582 556576003488431 0 572979589720714 551252474477624
589540429924806 596975621248888 562992731272918 0 0 557803510249426 572062712692919 583673247333568 570876184124423 556936292198293 565392652266708 560204169155860 0 0 574635881980890 549460218692566
564023032128408 581873416472519 573540211572121 580395197366012 0 596459218584010 0 587581916454257 0 565454457459653 0 0 558250359725900 584587283245178 557632573627223 547604970246975
592547514857156 565204058378848 594815876292333 0 597778950587245 0 585517135031119 581921868988549 0 560810985660502 0 0 0 563124005833828 588513989894419 558036369271284
586000580740096 546790617485353 577615590614703 583533592733300 583736054508925 591749920567280 0 0 575594929824990 573069448121487 0 0 598131391509510 0 572079234030462 595163311757774
588301441069560 561157476011721 552961324944785 561995557335232 559751382247845 571690123490223 583713739594589 553301193119223 554020909332446 557346266687351 574216442514925 555025258997594 573426514658800 578060045228997 546669203796228 555539521322335
578445086035323 571348686473248 598940836574485 560126269557081 567447311755584 558350879259458 558326147210027 568637396543329 579885306797281 559052900916220 559005467707916 556128973217639 588519709283213 583412848309808 583374053652363 550193150070992
17 11 38515225815197
232258786931766 68814105705772 124709252552007 285942839840690 304010553436162 87980915051280 173984099698577 288142109010915 134240041530421 305714325033060 120382676922111
119484648589210 134397845733466 6392339507683 98290315869101 64312677911417 183946723589893 39362606361545 222255215490918 253582926560376 71754947621890 124156479416004
9702609485638 241463067375331 323165508124190 318400092440264 54738670866461 54128298418858 12508623447106 217858941484034 304177434658960 259188811336401 181081680384341
327053019106843 46298876890832 164805655159236 42876138723184 65820761157066 209343764618665 199894033067006 211934792844639 189942206256564 25893002051093 138403071052716
16900867242030 8233904564739 310998621788070 39665841364570 157545714817662 144241853158353 63679893267462 198907634856103 20847875110410 276820284781102 65921221260834
287966989406771 72424651176790 265427233183987 174557251346797 215444917451787 115439517381749 81224664180249 30837869804411 99273364159223 258017815248848 26382076054935
173702997505637 157617184667481 79691214418219 70532480718021 46964519075147 25692655081569 234315539839654 297440369512072 79078323672546 87475248386773 145447895292108
297989737590404 112943056511836 250873833775700 88387407863814 58615879062890 331021980313126 103708017078803 952941042025543 212295404312520 321356982484123 139729847170285
9134713694640 154382887696781 82181846738296 44554267533495 1235754779877 283669720067261 7372875039181 109569725254203 301495699506572 290072497975972 120251304191561
46276645931415 181987255418843 39673006993445 51669178559377 187567948586619 56452195574392 177855437070312 320280215287205 205108401764500 114751038417151 72056467958906
327823700001487 255957368591262 186745754418997 220208025138676 142621551725582 131764985981054 103205045452132 15872268902203 222356167250432 185494786000577 319381148413940
163775652827383 27643116210666 261028464140568 330329993159851 285492749488350 4505204011618 297971635520523 18993243406255 327612737336300 180517664447230 152266937711615
214931619950928 139444096193984 143716554309484 187490114593565 295312279505383 179622193842628 30600705063702 323721381100472 230164063298665 242244136241540 126717215325249
279865247660390 136777502356294 18926754196538 4418847623366 107395053212243 201552323585311 29390936255342 224654956614487 56795199440249 180704939675299 208342617512858
54291115384208 65009136003797 225740455231190 118356145962979 281714032563057 206027435085691 329276249116281 275580355823422 328210412062033 229500850267719 78291015879387
98901827816561 282684331319250 225941014997839 99488406124268 318795078536997 299418516635250 272467949649469 255885050208450 290530358456795 35456248485965 312939750793966
100086539103404 170320459637917 105639992586187 249975328907823 323510016424657 129442187332460 303569992289719 11158091605426 116795838539050 10655528673097 266189804888160
18 12 4
610973693705390 647607825207688 620753832061271 647548944696809 619635484854553 630976195497281 617450353065784 645700922811604 661344902018985 657562720416998 606008733909970 633215595287875
628949283855108 644555618780057 630860246593662 646668630580068 631152426723330 606889711210275 623384933047695 657440525126807 640504155558215 616224913010132 613189924550995 620590903223560
610875368575407 623607929398214 650425157352422 609901926050181 626029225823710 639906270745837 631136956145885 641776399741008 636876956938168 659853398207526 618442009837571 635851754319338
650126361040284 643105897074449 662069298848782 627111862535073 651608145964168 655731413065525 619777056027797 628696887845129 614084949564559 606797135307446 619359725199665 648801618798056
620221909443968 620620699287281 609550264301086 657958408521370 616911498020555 654641189182426 634088732329492 623931207955095 616024172278923 631841386499444 630789643577247 630961756146670
641780847449214 658557237467998 619230329339295 640779118085596 615928289185029 610537582190960 652439572848304 614989523995878 612719141586282 644632529058258 609509232826618 627843392191183
661612002637138 609069538575177 644478227630554 628592902422501 604650009044801 605069299857254 652535945079394 640564714227375 620396611208649 627846343010277 653428097551045 631635604303298
626739984332187 606672507796107 645834166975720 656527428835230 626138680666445 624477229883887 605296735424702 657532995959799 654392398507976 658996478542666 613340716082627 609415902907421
614328027084921 657640210395531 605570323860478 609077624812082 625639596553347 622477773749791 648315325354690 659461320415526 638087082706734 659497077994960 646611183270514 635358280524190
620957378034663 644496327180819 616857388258297 647615490093088 632738036345893 616275003485562 613423315672022 644981326183483 631410094277810 631011685509846 619155892154631 615007781133996
633649434054541 621717592014282 649006445655276 615971902724895 622433202610804 606108297321137 630676836596558 633222104862145 649013544903091 632447750064309 620002656622958 650831859205023
631820018876709 614675550739214 611561606913855 652816583586847 632778834198054 624730440701992 614789545131203 608573850152675 626706320974657 644178849692368 622164494236588 659812081656116
652076455395180 647687844636036 618106736417883 652484077355640 611436271250549 642839358912930 637411565398807 628007950590091 634311182780106 624859763316666 642168755593307 627517065999411
645039209764593 632934128447962 629934679154708 635714393676338 624132458451722 625015406591827 615668896930474 662657441386218 609308716080096 660807836644036 636318472583377 633882845854520
650198822465078 647248153156270 629148730773019 646477791308883 612899853812981 643825083957210 631173821358144 614447911264786 614758623001880 607543054247795 654460171782887 615138301209205
632071468940000 609318458846073 655993345225362 640554670259275 650911305010962 654895164547656 654839284870595 628428884377496 645435643719315 633678549504137 642348297384076 615151941115309
604565641399934 649624901742997 633336748748002 617198067684104 644718575325822 616107566695848 639672602594238 606130332988032 620660983449067 649109008324806 622832192828816 618851029477135
605795362077837 632802951052725 621634583097789 660628451266016 638260106913616 611465222913755 632710232446865 637831915545430 604165290650096 662318327428056 611141869456182 633262331813568
