50
20 20 5
36 80 51 46 41 83 67 30 78 78 95 44 53 91 79 24 88 92 38 37
14 30 100 46 93 10 9 68 31 81 78 57 40 97 50 8 3 93 0 1
38 3 100 46 48 59 7 7 51 64 83 59 52 57 25 71 76 88 95 91
68 1 18 0 85 20 19 9 66 84 88 55 33 47 24 1 14 35 55 75
63 60 87 3 90 30 8 19 62 55 41 31 0 79 50 46 53 10 66 75
42 73 88 79 3 57 62 19 9 71 15 20 65 93 52 47 3 78 82 84
24 29 65 61 35 2 11 9 41 37 40 9 65 98 27 9 85 80 12 52
93 98 73 30 70 27 17 19 81 79 16 3 14 33 27 99 13 63 83 46
9 16 64 76 82 4 84 65 68 95 93 90 18 33 47 100 94 37 60 30
9 12 65 16 86 11 41 42 98 69 64 50 100 87 17 98 16 35 46 52
91 95 62 67 78 38 23 2 98 59 40 10 80 76 6 25 85 51 81 67
2 62 97 4 24 25 66 73 96 92 7 13 82 2 5 83 37 3 92 68
67 5 31 6 25 81 58 0 97 37 75 35 2 66 74 19 27 7 93 72
53 67 42 87 100 92 21 11 3 47 67 32 71 16 78 84 87 43 60 59
5 67 87 97 68 23 65 41 27 62 4 75 90 52 70 73 71 24 100 15
99 57 89 14 47 69 73 68 64 31 78 96 23 48 70 81 27 22 16 40
69 20 27 24 23 16 42 92 68 60 12 59 35 30 65 82 84 86 76 53
53 86 83 56 60 63 63 21 69 64 16 53 82 28 80 78 13 17 77 31
88 9 82 58 79 83 85 72 53 93 84 56 3 30 82 80 9 70 71 53
23 87 56 2 78 78 77 81 29 23 61 92 23 98 63 74 100 69 68 49
20 20 8
0 15 58 94 10 13 14 76 97 2 35 65 2 87 0 59 11 21 84 99
96 35 67 82 91 47 30 21 48 61 21 97 67 58 51 19 51 7 48 51
83 77 37 80 93 87 71 51 61 67 38 2 19 1 1 79 37 48 49 18
57 47 41 83 77 73 63 97 78 77 44 85 20 3 3 70 98 18 38 96
29 7 42 49 72 6 23 69 64 66 65 25 92 1 55 98 27 29 88 30
81 3 1 86 34 6 24 75 91 46 21 42 30 67 94 77 6 2 20 27
41 31 42 74 16 52 95 56 21 11 90 68 6 41 81 54 47 97 37 93
49 10 3 27 12 46 41 98 91 76 96 34 91 54 7 11 44 46 88 63
71 19 25 35 62 92 46 33 0 92 4 7 55 64 35 33 65 100 7 95
84 91 23 51 98 78 33 29 85 44 66 44 53 64 29 24 4 56 60 63
23 69 16 13 12 93 41 78 81 38 61 55 84 12 67 64 23 23 39 40
18 2 90 91 83 98 90 84 94 2 10 98 20 66 44 44 49 10 74 11
72 72 31 78 6 60 44 56 11 50 47 40 90 19 54 22 61 22 59 26
15 85 81 85 45 33 85 50 88 78 82 13 19 91 53 25 3 21 19 75
52 51 20 66 66 73 6 13 95 41 73 26 84 78 16 26 99 96 67 8
78 58 84 28 85 46 28 22 17 18 49 23 58 71 41 71 96 78 76 70
46 76 67 32 9 25 36 21 4 78 94 68 39 46 55 10 35 30 15 7
24 35 28 31 23 33 31 21 13 74 86 98 38 68 60 88 96 52 69 78
25 10 32 24 28 80 74 31 12 0 56 62 44 77 40 95 70 90 96 9
86 99 98 100 64 30 79 49 43 6 19 55 10 62 67 55 89 85 98 82
20 20 6
43 65 13 29 31 65 1 43 47 76 31 99 3 9 40 11 44 23 45 90
76 76 62 3 26 27 93 25 39 54 78 78 33 15 79 6 48 84 70 9
51 91 95 50 55 9 62 47 76 56 55 81 28 21 46 1 75 77 75 36
6 87 24 25 33 29 8 26 24 88 41 31 35 56 7 10 5 6 81 86
29 11 80 61 22 32 3 64 98 91 44 31 43 54 49 18 80 99 87 13
94 14 99 45 95 33 46 1 93 57 64 8 49 2 55 40 71 58 75 30
75 43 57 96 39 28 7 55 55 0 81 59 61 26 30 89 94 66 60 26
69 45 8 10 34 99 14 46 60 79 40 57 44 44 4 82 97 89 32 20
87 95 51 9 6 49 44 23 18 36 81 74 25 79 76 71 23 18 11 21
93 96 23 74 75 53 55 95 36 16 26 74 2 73 72 72 64 77 18 17
25 8 83 88 93 4 99 56 67 79 4 31 18 54 45 35 70 26 12 48
23 99 11 2 2 10 17 36 95 92 71 28 47 50 11 54 57 25 13 55
80 100 2 2 3 85 90 3 81 14 83 4 75 13 0 1 60 34 49 78
82 54 21 4 44 23 47 3 62 71 20 29 24 26 82 99 21 69 7 95
15 20 98 17 20 48 80 17 61 39 89 65 78 24 19 20 53 51 61 49
0 54 8 13 63 66 0 17 59 19 19 87 14 16 26 3 64 56 56 48
37 59 0 77 61 39 2 4 9 66 21 36 29 61 3 34 45 23 63 98
95 28 3 22 67 62 10 74 65 73 90 8 34 29 18 60 94 26 60 12
5 34 42 36 95 41 42 71 67 79 85 89 62 43 46 60 29 5 9 14
9 49 85 87 61 41 36 93 4 25 54 85 60 2 90 30 58 98 55 33
20 20 7
7 8 57 74 75 91 43 90 72 70 67 83 43 54 84 23 46 11 74 77
29 17 3 56 53 96 42 21 82 15 14 27 75 73 12 16 98 81 99 94
78 42 7 21 6 84 67 45 80 38 0 67 84 85 61 94 69 48 28 37
49 63 62 25 32 79 85 81 85 27 4 80 87 86 46 75 96 56 38 1
51 89 95 87 29 26 16 48 14 20 20 61 70 61 80 70 58 95 80 84
80 39 12 25 23 22 12 88 87 79 52 11 82 69 86 76 67 63 75 92
10 81 13 7 68 32 93 95 36 61 68 88 89 6 27 3 50 27 89 100
74 64 87 92 88 87 67 95 88 89 100 60 72 61 24 21 84 81 84 93
43 91 20 22 85 91 36 83 87 77 10 65 62 83 74 61 45 49 13 71
52 54 47 1 36 25 19 100 86 30 7 82 20 86 70 81 56 22 23 16
25 69 78 6 33 85 43 2 0 4 61 78 53 73 15 30 64 29 49 70
10 61 43 81 75 50 39 70 64 0 6 52 72 6 99 9 2 48 51 75
95 41 58 64 15 57 26 95 50 79 25 38 13 27 32 26 39 84 87 73
59 69 88 91 28 41 32 32 91 27 21 93 7 75 56 93 42 48 0 0
82 56 54 13 44 11 6 22 74 43 12 8 50 76 13 13 10 88 22 83
86 66 94 2 45 14 79 16 70 43 9 10 13 54 60 36 90 30 85 98
80 63 70 41 45 74 72 14 98 42 27 26 4 4 64 29 35 49 83 80
76 18 74 72 99 94 30 31 89 73 61 69 68 34 58 4 89 53 68 6
86 56 65 89 20 26 26 29 93 89 59 55 32 26 80 57 85 82 60 57
65 13 6 71 91 54 55 93 86 97 85 56 100 47 2 16 9 29 16 23
20 20 91
96 89 66 58 70 37 61 78 77 75 2 97 94 5 11 11 59 57 66 89
52 58 46 76 82 43 56 54 42 90 97 75 75 71 2 59 68 30 0 32
69 12 4 15 98 36 75 0 40 38 73 8 33 29 27 73 62 36 52 76
4 95 52 78 42 53 18 94 80 89 12 99 9 100 54 82 75 88 38 22
59 88 33 73 22 96 48 70 51 59 53 29 43 23 56 12 56 53 77 29
42 84 19 76 74 8 2 67 72 83 39 55 4 49 78 24 99 63 34 40
37 13 19 31 74 53 62 59 23 13 57 19 94 86 63 70 22 0 55 24
81 19 3 62 91 51 92 74 6 31 79 63 86 90 76 79 14 63 80 62
23 60 92 82 24 96 23 26 15 75 24 37 64 16 65 2 20 28 31 37
39 10 20 24 99 92 67 33 4 46 47 92 90 10 99 89 41 1 64 83
98 41 65 15 9 12 54 59 7 79 17 78 94 43 63 76 57 73 76 48
85 94 88 11 69 81 20 13 66 82 10 94 80 77 70 4 64 40 78 67
42 11 91 17 11 95 85 36 0 39 100 80 43 24 29 32 2 78 39 13
44 42 37 86 46 75 15 9 85 80 98 94 22 11 95 74 58 46 33 90
98 14 77 19 33 56 96 69 78 80 3 100 30 31 37 70 7 41 95 85
84 85 32 37 66 15 49 85 8 68 97 2 31 97 33 22 76 91 86 54
25 48 70 39 10 53 44 47 71 91 31 48 85 55 65 13 67 37 89 99
86 86 64 30 30 38 85 41 11 51 75 29 80 75 44 78 75 58 38 59
20 27 53 72 88 64 87 74 93 66 79 57 65 50 92 92 45 19 52 79
46 90 57 82 12 40 66 51 86 95 13 100 79 60 91 19 44 18 21 28
20 20 22
91 10 47 68 56 83 98 33 37 45 93 96 36 42 42 13 54 98 98 88
43 95 62 48 29 71 81 43 1 98 38 25 65 92 7 84 68 42 91 20
22 35 67 92 75 69 66 30 22 88 3 14 69 62 22 98 21 43 97 93
52 63 76 68 89 15 98 20 20 0 21 15 42 60 33 83 23 24 73 63
29 93 79 21 4 98 35 75 39 15 9 30 8 13 20 96 13 6 78 97
89 26 56 46 21 36 40 14 18 89 52 79 97 0 66 18 2 14 73 52
61 39 57 23 9 10 18 86 61 67 66 91 96 9 97 82 95 68 31 12
54 19 94 88 23 18 74 78 28 23 45 37 6 71 86 40 47 13 29 28
1 73 7 60 49 76 59 36 21 63 61 26 5 43 63 79 4 1 72 20
86 61 6 58 1 29 71 63 48 54 34 4 69 12 45 66 32 78 26 42
67 55 57 3 78 15 53 40 90 84 70 82 25 55 97 57 66 21 31 16
65 65 78 39 66 24 94 28 79 91 10 5 79 48 1 35 46 23 64 84
48 68 70 87 15 70 66 40 39 75 41 56 36 24 64 21 41 38 42 39
56 47 86 78 12 57 91 14 91 49 68 99 75 72 59 17 47 68 78 86
83 87 12 30 72 70 50 13 15 50 71 98 96 40 72 74 12 60 79 21
35 46 52 34 62 40 84 82 97 21 18 33 39 60 78 23 29 28 76 41
46 27 81 96 37 17 90 6 49 53 2 19 51 98 66 73 90 86 48 64
81 98 1 63 6 4 25 16 80 34 38 51 95 22 89 74 95 82 53 61
93 68 46 37 5 78 72 31 0 6 33 29 40 55 53 76 78 11 39 85
49 75 49 32 15 49 56 98 59 29 18 66 78 11 7 30 43 87 21 74
20 20 5
95 34 24 36 50 88 63 67 83 62 76 54 11 55 32 75 34 52 47 48
36 59 50 13 53 1 71 9 66 48 62 77 44 64 65 70 74 49 46 2
31 77 21 13 69 69 9 76 60 53 2 57 65 41 49 81 99 32 15 24
47 50 47 17 54 55 10 76 9 72 60 96 68 22 25 94 41 23 67 59
81 6 9 22 52 57 87 88 93 97 94 100 61 63 64 94 65 18 5 87
39 5 8 72 98 54 15 43 11 24 58 25 13 92 60 96 100 30 91 7
13 33 19 15 72 37 38 68 64 20 11 87 14 42 89 54 15 69 52 25
65 63 93 41 45 81 26 68 72 94 63 92 57 37 74 32 36 26 30 30
97 64 6 8 47 4 51 4 1 59 62 16 84 82 78 13 42 46 93 99
93 80 59 62 98 78 27 94 95 49 35 1 49 42 94 26 59 46 12 28
67 93 26 65 65 67 64 69 11 16 65 64 94 56 90 39 79 25 39 64
68 10 18 29 65 96 100 15 62 62 45 44 42 59 23 48 15 62 64 20
72 51 48 33 27 91 24 99 40 14 49 49 99 77 73 58 39 43 64 60
12 6 17 54 93 90 86 82 83 31 29 16 86 70 24 6 70 98 96 96
86 91 32 12 69 32 79 79 72 71 68 60 39 9 49 83 6 4 94 96
30 85 10 5 79 77 11 84 87 11 85 19 75 79 89 70 81 30 40 50
100 1 16 43 35 26 41 71 16 16 57 19 94 9 49 100 63 44 14 10
98 3 53 0 56 18 50 23 55 63 97 25 13 7 39 33 3 24 39 60
95 77 33 34 1 27 50 48 59 47 98 55 88 28 44 21 1 6 45 41
20 24 28 26 37 38 66 43 53 48 99 79 18 39 70 68 73 93 88 52
20 20 7
94 19 79 28 26 24 4 93 57 63 61 82 23 77 86 85 28 88 48 14
6 57 31 0 36 61 59 58 51 61 98 67 33 80 78 83 24 20 26 86
98 11 6 31 46 5 68 47 44 8 7 84 37 73 77 85 21 52 31 12
56 36 40 27 35 40 92 45 15 82 98 91 6 66 62 91 24 15 56 9
93 25 56 46 51 29 100 8 10 1 20 90 60 14 62 62 79 38 94 1
70 51 24 52 94 89 70 15 18 93 91 97 19 80 45 99 80 78 84 67
24 37 66 84 33 7 63 87 0 3 49 96 60 27 49 92 94 8 79 74
46 37 23 26 41 54 5 23 90 20 24 1 11 11 73 46 52 6 38 34
57 61 0 14 17 55 12 34 92 93 87 100 66 69 39 50 24 42 48 87
60 70 88 21 57 20 100 80 24 84 87 95 89 95 4 1 21 47 43 85
99 71 31 60 0 4 59 35 97 92 16 10 34 100 21 18 80 76 66 58
51 54 34 63 57 88 90 33 65 45 67 9 37 86 36 74 79 38 92 11
54 48 4 7 95 94 48 44 47 53 55 9 95 30 25 82 79 59 6 55
54 33 94 97 93 99 22 23 53 80 77 82 6 3 65 24 0 54 85 64
20 60 45 7 84 57 35 84 73 15 56 30 52 94 95 1 87 95 9 41
98 65 91 7 40 47 12 49 8 20 83 91 59 23 0 31 8 4 80 68
14 69 70 14 92 24 18 24 89 8 88 61 80 61 97 17 22 10 52 45
9 35 100 68 32 20 56 53 99 46 81 35 57 61 16 0 22 14 5 54
80 45 15 85 28 33 38 27 37 31 3 18 94 62 59 74 96 92 0 36
69 73 62 62 95 53 42 88 60 70 68 14 42 94 45 13 80 30 40 96
20 20 9
70 30 41 78 35 44 9 65 41 67 30 100 84 56 70 55 5 63 59 59
11 75 86 29 38 41 91 88 30 14 92 30 19 28 100 100 76 69 40 54
15 16 67 85 16 25 40 15 53 53 8 6 99 4 48 2 44 33 32 40
55 53 55 62 26 33 34 77 52 22 73 42 14 34 36 9 83 89 24 46
8 60 56 57 13 53 46 61 74 30 46 80 18 28 92 3 17 82 6 22
100 58 88 37 53 57 68 74 57 50 4 31 81 87 99 85 86 0 34 36
8 88 70 78 80 82 51 77 20 51 59 52 33 94 54 7 92 98 27 46
14 60 31 34 51 56 44 40 16 60 77 20 26 100 28 29 91 94 42 51
2 66 69 15 66 62 25 40 20 82 81 2 6 94 81 76 86 43 58 9
50 64 36 9 73 16 28 60 81 73 75 10 1 16 62 7 22 49 59 2
21 47 68 80 80 94 82 40 88 13 49 38 98 2 64 74 72 64 36 74
13 22 8 94 100 34 8 54 12 84 14 61 20 85 59 68 86 13 49 47
35 25 10 4 37 11 16 20 14 54 61 4 24 25 47 4 81 91 20 57
36 3 57 100 15 51 87 91 22 17 22 39 74 30 43 66 34 46 34 73
92 4 2 97 8 16 35 29 71 64 87 30 65 63 34 54 59 98 45 81
100 9 23 54 94 24 54 20 24 86 85 76 49 52 37 18 91 95 67 76
12 7 100 48 62 47 16 44 86 90 18 45 17 60 43 52 11 91 13 96
98 58 14 10 20 29 86 91 19 14 5 54 1 1 5 2 16 90 48 52
93 87 2 63 5 28 46 84 0 42 63 55 5 0 67 97 12 36 15 65
79 13 79 81 30 47 47 20 71 8 58 9 8 7 87 31 13 81 13 40
20 20 95
32 67 87 81 44 99 49 62 80 17 12 40 16 28 76 61 87 51 63 13
24 64 7 60 89 35 72 11 40 18 18 93 24 2 34 24 15 20 71 16
58 52 34 36 87 38 93 7 81 22 9 50 18 95 43 93 57 26 46 41
43 64 27 13 21 46 37 34 96 54 95 20 87 18 98 0 76 40 90 77
87 69 2 79 10 46 55 61 75 3 14 83 66 31 65 3 1 54 97 65
54 2 95 98 23 99 64 35 75 21 90 36 32 86 79 39 14 89 12 17
68 36 100 49 50 22 44 88 13 64 33 52 97 44 25 2 42 90 91 65
70 54 6 79 1 51 17 36 50 100 43 13 91 34 29 12 18 40 85 59
56 96 23 11 25 87 22 12 22 22 93 8 93 6 66 50 90 58 31 99
41 35 9 24 90 79 78 53 33 34 14 87 17 65 90 79 33 4 99 41
27 72 79 13 65 0 47 32 75 94 55 18 19 45 78 92 12 78 3 99
93 3 38 58 88 74 22 61 31 87 32 32 61 9 41 26 31 29 74 27
36 5 16 66 90 62 39 70 99 78 18 10 28 34 81 40 92 19 66 76
74 63 97 80 0 57 51 31 45 16 70 66 80 8 20 89 98 57 99 63
49 29 53 98 37 42 73 84 90 38 43 38 22 74 76 21 79 43 86 28
46 44 12 11 62 68 7 45 39 21 90 19 68 90 78 17 56 73 99 89
99 52 36 38 76 69 27 22 28 92 89 74 6 6 43 5 49 96 92 41
96 27 26 12 56 32 22 10 60 18 97 21 92 79 45 99 22 42 37 74
86 68 58 1 46 24 7 98 53 98 29 100 99 51 69 13 23 72 67 36
9 36 83 72 96 45 61 64 89 39 54 44 95 82 80 87 18 73 12 33
20 20 49
89 53 52 41 78 98 92 42 50 3 40 38 30 25 1 3 16 27 73 65
31 91 55 11 41 75 63 53 62 28 22 3 34 67 74 34 79 0 37 51
8 37 92 21 25 13 36 81 37 82 54 7 59 53 29 4 6 42 48 96
9 35 19 47 10 53 67 10 12 16 19 83 8 55 34 49 42 19 12 12
58 34 8 44 38 62 58 89 80 98 52 85 47 11 68 74 81 67 88 58
9 29 82 7 84 78 7 5 55 49 83 34 36 69 30 36 72 62 37 2
24 72 15 39 78 0 2 14 74 3 58 10 45 27 10 20 65 19 60 84
72 91 46 17 23 16 3 91 58 26 19 38 28 44 14 59 85 19 54 10
27 14 17 3 21 50 62 44 88 33 32 83 49 49 72 73 26 8 46 69
7 59 51 17 15 80 26 44 39 70 23 18 60 73 22 64 48 75 64 66
89 100 30 42 63 68 15 64 79 35 38 87 73 50 80 4 41 71 100 81
43 40 36 37 8 29 28 70 88 41 4 61 60 58 44 41 65 75 26 45
48 97 7 64 10 48 10 46 73 15 52 70 83 32 31 82 99 0 56 31
61 95 30 18 12 5 22 68 90 25 19 86 72 3 70 24 14 68 54 95
62 3 51 1 53 21 45 23 16 18 78 46 78 2 39 91 38 83 29 37
92 81 40 39 42 22 58 97 33 1 35 80 16 37 32 85 74 50 67 86
13 0 44 0 61 77 10 96 82 26 25 98 65 84 70 39 91 83 53 24
21 58 18 92 85 52 36 75 90 3 40 40 26 5 88 46 99 49 91 45
93 70 94 49 52 69 19 95 55 6 9 31 8 10 92 77 33 39 15 22
7 49 82 67 11 92 29 88 12 29 68 92 89 75 41 47 81 70 21 40
20 20 77
3 84 48 69 70 7 6 22 57 38 90 99 36 46 96 62 5 13 97 61
25 52 85 49 90 46 6 47 82 43 99 47 67 64 89 7 17 5 78 63
6 61 91 5 71 90 50 97 83 54 9 95 27 25 74 88 62 84 40 63
74 73 71 47 29 68 37 38 9 45 26 60 64 61 12 18 1 61 41 0
64 35 38 73 15 22 14 36 100 4 81 41 84 76 5 65 40 1 24 83
54 58 27 76 25 86 2 53 5 27 7 99 62 46 29 95 2 39 17 15
42 42 54 89 84 32 1 64 26 57 34 46 12 14 7 46 11 64 4 33
31 26 75 82 31 98 9 60 29 38 97 7 83 5 80 57 56 85 55 1
42 31 46 11 74 22 76 74 13 70 70 18 75 46 1 68 72 60 8 74
14 36 73 91 25 65 2 40 57 32 66 34 46 55 37 47 8 64 62 48
24 40 39 34 83 69 90 56 66 69 0 51 44 21 97 81 75 26 70 10
36 34 42 45 97 69 63 37 72 83 66 36 60 91 78 21 99 52 18 88
43 11 29 89 67 8 18 12 83 13 76 59 42 18 78 49 51 80 97 100
1 73 5 70 20 14 70 25 19 32 84 28 72 46 82 17 67 42 67 68
82 37 33 95 49 53 62 97 35 33 87 93 79 2 100 96 41 100 83 60
95 73 80 40 9 42 83 94 80 23 76 91 52 8 34 71 10 92 35 83
17 10 42 16 11 34 32 49 64 37 90 96 70 34 48 96 60 89 44 9
27 87 18 39 87 65 1 55 75 95 98 95 56 63 75 2 26 11 74 83
37 97 27 55 23 19 56 96 3 64 51 36 10 11 81 54 25 86 35 54
28 84 74 73 48 62 67 57 70 44 18 86 43 6 84 18 64 34 90 34
20 20 9
97 81 36 16 23 15 24 8 81 82 90 32 16 37 80 74 35 77 48 51
53 45 43 86 69 7 12 64 58 59 16 18 59 52 24 58 38 38 14 62
83 30 32 85 55 24 80 66 2 69 95 10 82 72 16 65 64 12 69 21
55 72 35 90 26 49 93 74 37 70 70 71 90 39 29 64 61 5 63 82
82 59 55 20 30 50 63 9 54 69 87 95 67 45 79 4 56 21 92 0
41 83 15 40 88 79 61 62 44 86 63 88 41 59 8 5 95 89 8 50
62 85 47 85 73 84 84 89 67 32 29 41 40 23 69 70 76 41 54 53
92 84 49 40 1 80 37 61 46 79 28 88 13 25 39 20 34 45 46 74
8 58 81 45 87 48 55 73 42 48 80 26 23 26 34 36 79 59 85 19
0 89 81 74 90 73 69 42 39 16 11 14 13 28 27 82 76 10 62 21
63 82 83 70 47 9 0 49 34 12 20 17 16 24 94 86 94 15 84 70
72 79 56 64 72 81 71 45 55 30 13 6 15 14 68 85 12 5 34 14
41 33 27 74 67 58 9 54 67 40 15 78 69 70 38 46 88 100 47 2
62 84 75 15 90 26 31 43 62 30 32 69 97 64 44 14 81 45 75 38
62 99 98 13 11 72 71 67 63 78 25 91 87 34 53 99 61 6 38 43
81 22 22 65 26 77 98 88 52 60 66 27 41 57 95 50 35 7 71 53
25 61 9 60 53 58 79 50 80 3 81 71 89 33 9 63 87 25 59 68
24 73 76 33 37 36 84 54 31 14 99 35 87 76 94 37 53 9 8 7
99 78 81 70 54 51 37 49 87 41 50 14 79 51 69 33 35 10 46 40
67 91 87 14 55 47 34 27 23 74 75 86 75 26 21 33 39 43 49 77
20 20 1
25 25 31 5 96 35 98 13 15 27 17 30 85 35 35 39 27 1 6 62
29 76 44 42 39 49 72 12 83 84 83 6 34 52 73 84 27 17 72 22
67 77 38 59 37 23 55 13 6 73 54 76 65 95 86 11 28 80 76 75
88 18 47 68 14 92 94 2 63 89 55 76 65 66 20 7 8 60 92 45
83 100 46 36 36 14 33 43 81 45 7 77 53 54 63 46 51 18 5 92
13 59 50 89 72 16 47 43 40 42 80 21 92 21 54 1 24 24 25 63
86 29 85 45 7 52 66 43 37 29 29 67 64 12 82 93 81 16 27 12
81 94 94 33 9 13 14 4 3 7 55 54 65 35 69 90 90 51 27 14
58 59 49 16 20 70 4 34 91 28 56 54 11 69 69 39 21 90 90 25
57 60 36 1 72 85 44 82 81 90 50 51 25 81 37 74 16 89 57 62
73 3 87 95 96 97 100 98 11 70 54 22 26 80 44 73 53 35 74 73
10 97 67 86 56 92 67 73 23 23 22 23 23 24 13 81 23 34 33 33
30 96 62 84 6 81 65 66 0 52 59 82 19 12 11 80 86 26 76 28
56 50 57 29 58 62 66 75 69 11 30 64 18 77 51 5 50 96 36 52
68 67 32 0 68 9 100 58 13 72 31 30 68 34 96 63 22 10 32 37
69 49 85 93 88 38 62 74 7 90 70 30 31 15 95 54 55 14 100 91
81 53 43 23 28 91 56 17 39 95 28 58 81 14 36 41 98 52 26 29
17 11 61 71 77 99 95 99 3 39 70 64 54 9 57 28 47 84 26 36
9 44 90 90 78 77 2 2 64 63 40 83 82 56 49 26 16 44 72 85
30 15 70 51 51 90 81 78 78 98 84 84 46 62 11 25 41 16 15 84
20 20 4
2 80 48 53 34 38 37 79 22 47 57 30 73 54 78 40 90 90 67 68
91 95 7 27 41 42 24 5 26 61 83 20 86 56 55 41 100 52 18 71
87 41 94 81 42 85 29 72 73 73 70 88 85 60 86 88 25 59 56 49
31 91 85 30 38 55 32 6 80 76 89 11 61 58 27 37 68 76 42 39
17 81 96 76 33 32 30 85 78 79 15 84 37 56 39 5 29 31 81 35
96 90 57 67 31 41 37 75 71 76 75 85 69 82 91 97 79 10 10 92
48 31 25 24 55 77 73 79 76 76 5 63 5 17 91 92 51 55 5 76
45 47 79 22 78 53 65 83 34 0 67 56 2 18 95 91 61 69 38 68
42 88 77 73 47 91 31 87 76 4 42 47 87 99 47 56 65 2 68 80
64 16 52 39 51 100 47 73 13 86 30 40 79 76 63 67 67 64 70 41
94 94 21 41 40 35 77 57 53 9 62 78 80 87 92 79 65 7 99 41
93 94 90 91 72 95 97 5 87 34 60 100 82 91 93 12 20 20 11 47
92 95 92 33 0 4 32 94 74 70 37 20 74 58 48 4 5 17 13 46
66 62 18 75 22 1 78 58 98 26 69 56 55 9 34 75 50 46 5 50
20 51 81 49 38 82 5 35 94 5 94 78 49 62 47 44 38 72 23 63
75 17 83 50 87 63 100 24 22 67 88 86 84 96 19 20 5 99 27 93
71 13 65 16 19 46 96 84 39 99 56 84 63 79 77 20 53 98 2 97
98 14 16 16 84 43 47 66 47 99 68 78 73 90 53 59 46 51 3 63
36 20 29 19 59 86 15 19 22 24 60 24 57 20 83 59 89 47 66 34
95 47 28 83 58 27 75 77 24 27 57 89 24 21 10 38 76 72 10 14
20 20 3
20 13 7 36 73 80 27 25 50 8 60 57 46 55 85 17 18 18 59 6
90 88 66 33 18 98 25 15 23 40 68 68 67 4 25 0 50 51 83 81
66 97 23 42 62 19 29 77 50 67 68 69 93 89 37 89 51 79 97 78
67 67 26 45 28 29 50 17 53 68 1 91 8 36 33 0 9 67 71 29
64 74 71 83 54 65 89 99 79 46 32 34 10 13 23 38 83 18 88 88
67 65 68 66 39 3 69 66 31 32 46 18 19 41 57 41 88 32 59 47
59 92 96 72 91 6 33 37 87 40 93 97 20 41 5 71 99 22 14 50
6 88 64 63 8 60 74 92 1 50 87 80 5 64 87 63 67 23 2 95
14 61 40 17 63 60 12 14 4 64 42 80 6 5 70 2 0 0 2 3
23 83 80 29 84 24 52 43 64 66 78 80 91 39 33 28 92 71 74 85
95 90 54 9 32 0 50 51 62 4 80 49 84 39 32 77 61 61 58 17
96 80 89 90 31 45 41 89 3 2 1 89 21 0 37 35 9 11 50 16
94 77 91 34 97 90 82 13 5 64 6 9 98 98 35 61 58 17 87 82
45 80 88 89 97 13 79 70 59 63 81 95 93 5 13 99 57 0 2 69
3 28 10 11 8 74 99 39 58 5 51 25 17 16 21 72 59 72 88 52
28 31 53 53 96 52 53 95 53 38 36 77 74 13 39 37 87 93 0 60
14 75 66 73 4 9 74 89 91 94 50 64 3 8 44 86 29 97 57 57
45 47 89 90 2 2 4 10 32 65 54 88 12 70 68 71 64 53 46 10
65 34 36 61 68 91 31 100 45 96 54 79 46 52 25 27 50 38 96 35
97 38 59 53 40 39 43 95 77 77 98 76 14 60 16 62 59 15 38 74
20 20 9
25 71 45 38 34 87 55 30 16 10 85 60 89 0 54 78 7 97 13 100
87 94 96 37 83 16 97 88 52 45 65 51 7 9 44 95 25 93 55 66
17 47 57 45 99 17 8 9 49 2 30 58 58 8 91 97 17 77 51 41
23 32 82 17 25 61 46 60 77 75 51 67 59 15 84 36 91 82 88 2
17 12 12 69 58 31 55 0 76 66 62 27 55 59 21 51 15 0 4 42
54 30 43 83 95 15 71 2 18 56 60 5 72 46 68 84 3 8 80 25
6 26 27 90 83 71 67 26 69 40 43 69 33 37 12 42 32 97 34 27
69 2 18 83 24 43 3 57 93 97 25 88 66 90 5 60 52 60 24 79
53 43 26 79 81 25 94 52 72 58 55 59 78 90 71 87 86 57 88 87
14 84 67 24 98 12 10 22 23 22 13 2 77 42 7 54 39 27 41 22
16 32 16 47 86 69 22 31 47 76 100 26 72 8 15 34 0 57 13 64
28 27 83 39 32 19 34 26 49 19 32 52 86 84 89 13 14 41 57 16
26 7 80 31 3 3 6 22 66 77 50 78 89 74 66 68 74 85 99 21
85 23 41 48 99 18 27 91 73 82 51 36 91 68 71 94 22 56 15 20
78 93 72 54 91 23 2 86 73 40 42 61 19 1 1 79 38 6 20 53
69 88 36 45 41 5 39 72 19 45 54 42 77 33 97 60 68 37 19 90
89 64 4 64 63 6 23 74 42 35 2 10 19 45 100 68 56 60 88 62
93 27 77 14 59 63 16 70 82 78 33 71 37 3 48 32 48 36 43 66
59 39 45 72 24 26 7 64 54 89 74 21 31 66 67 28 97 18 43 84
92 90 18 65 47 91 25 60 62 4 74 1 8 3 27 29 96 25 2 31
20 20 32
39 1 56 55 58 66 14 35 35 61 59 61 93 15 96 9 38 30 13 24
89 26 9 11 94 53 10 49 77 10 75 42 55 26 36 58 24 45 82 21
49 52 38 90 66 71 28 43 56 93 5 24 66 76 63 62 31 76 43 61
22 4 8 60 7 41 26 83 45 70 88 42 41 45 66 22 59 80 49 75
56 75 56 40 11 12 12 52 62 86 48 20 44 91 87 29 70 94 82 33
85 72 35 21 13 15 38 26 39 87 57 14 70 85 4 10 36 9 79 82
65 15 62 67 8 13 16 76 99 77 10 2 18 13 15 52 24 8 80 93
65 45 86 55 98 68 73 20 81 25 4 82 90 16 16 63 2 88 37 14
53 11 71 88 80 49 30 73 55 67 56 90 60 60 48 52 31 15 95 87
15 7 81 22 84 91 46 49 74 18 73 26 29 93 31 30 74 12 16 1
32 3 14 12 94 95 76 90 27 97 8 49 18 26 0 52 98 21 0 19
81 26 45 20 96 36 7 71 24 52 55 88 64 1 84 71 45 72 74 29
68 14 83 4 58 27 14 32 14 54 30 22 63 40 90 57 86 7 83 78
8 43 73 8 64 41 89 88 87 60 35 93 75 5 79 97 77 55 4 23
5 60 74 19 91 56 21 24 64 79 81 60 34 65 90 68 46 49 100 77
44 50 86 44 56 78 39 4 66 87 60 53 47 9 58 21 53 80 86 49
8 23 57 29 74 21 53 0 78 7 62 35 23 7 2 64 49 32 92 72
86 42 17 97 17 7 18 44 48 30 81 98 70 42 72 85 72 76 60 36
19 79 48 2 50 80 96 58 69 67 92 20 60 38 26 53 52 37 48 7
2 86 99 94 55 51 7 43 75 22 50 97 93 98 67 20 92 21 17 87
20 20 3
77 3 3 34 35 33 15 13 91 11 8 61 58 30 73 56 51 21 38 55
100 95 1 90 90 89 16 17 30 97 2 60 100 77 37 35 77 75 5 42
89 45 46 84 84 48 58 36 90 58 80 28 2 13 80 32 65 55 43 40
58 52 53 84 78 1 85 55 87 86 83 61 58 27 14 19 27 89 3 7
38 19 64 90 44 56 52 57 72 31 82 26 65 56 77 20 82 74 58 61
92 68 81 18 86 52 50 47 8 37 74 76 75 7 78 81 78 92 93 40
66 50 78 45 45 84 36 26 64 71 33 14 25 22 80 78 6 4 11 26
22 52 30 27 87 41 80 77 40 16 65 87 16 100 42 39 4 3 89 33
43 22 76 4 27 57 5 11 36 82 72 3 82 48 50 87 89 96 19 33
18 49 83 43 54 58 30 13 13 19 61 60 61 68 69 31 72 10 7 33
31 43 44 46 15 30 12 32 41 17 67 28 56 67 67 96 10 7 36 17
33 53 10 3 16 99 39 80 63 76 29 28 54 52 6 6 9 69 91 58
61 19 55 82 24 95 32 83 33 32 27 51 49 56 48 54 25 23 23 61
2 58 55 52 8 72 75 80 34 16 13 12 3 56 82 84 24 24 25 20
5 52 81 25 27 82 42 21 25 52 34 10 55 16 58 18 21 97 91 71
95 99 100 100 98 11 40 44 46 87 17 74 61 71 82 94 94 98 86 93
91 97 68 53 76 10 1 43 21 98 10 80 34 10 89 79 46 83 72 71
73 88 95 98 5 40 42 44 23 18 23 58 55 70 0 37 54 14 70 9
68 67 79 37 6 42 26 23 24 21 71 8 44 63 64 30 83 32 43 14
15 61 76 6 8 86 98 11 84 32 81 90 69 27 25 39 64 31 51 7
20 20 8
4 47 37 7 4 15 26 30 91 73 17 41 54 69 77 17 70 34 82 100
19 60 39 6 64 23 87 80 37 77 82 65 5 59 6 90 68 26 64 40
54 24 31 46 38 30 26 61 77 13 30 41 14 83 9 68 71 26 43 76
46 40 20 24 93 86 27 36 74 68 81 43 42 88 73 96 71 67 66 45
19 24 0 64 56 75 56 95 50 30 73 52 0 39 69 64 40 94 99 82
58 50 52 96 75 25 55 55 12 42 52 71 86 39 63 6 21 39 28 26
60 26 13 41 68 90 80 63 97 96 85 65 31 38 21 73 67 51 84 6
90 45 34 39 5 69 91 62 1 9 61 63 70 71 67 69 48 78 92 98
59 66 36 41 93 97 85 37 46 65 58 6 49 52 26 29 78 53 90 69
25 63 67 73 97 41 51 65 46 99 37 31 40 19 54 62 40 41 70 86
46 86 92 100 89 11 65 29 85 93 57 6 0 99 94 60 5 46 54 98
37 51 57 92 99 88 59 24 14 7 9 40 82 11 9 6 9 98 26 0
1 6 88 3 9 95 32 70 10 44 46 9 91 79 96 82 9 84 67 100
32 37 77 7 5 4 45 99 28 91 78 30 23 2 30 96 0 25 93 4
16 31 20 12 52 85 42 85 42 86 16 4 60 22 38 3 44 55 91 55
7 13 24 27 76 64 89 75 87 37 44 51 48 3 89 70 24 49 59 75
7 17 3 48 98 5 67 53 19 33 3 96 95 69 66 69 84 63 69 26
22 25 100 99 14 94 68 5 45 88 21 36 31 96 83 99 53 95 12 28
46 26 55 62 82 73 51 61 46 100 49 20 97 84 62 10 34 0 41 37
42 72 70 72 70 74 4 71 66 98 55 14 20 29 54 71 85 56 56 65
20 20 9
2 51 44 1 35 70 69 18 89 84 54 3 79 76 9 11 87 88 82 87
42 0 39 43 34 64 93 38 46 37 40 63 88 45 13 5 35 47 2 58
85 7 9 49 38 5 100 84 19 42 100 30 22 35 3 93 61 81 78 66
68 73 42 49 79 100 96 92 11 44 31 33 15 25 1 45 75 62 30 87
0 76 44 70 13 92 28 32 39 57 59 42 88 83 25 36 74 24 96 6
74 49 95 16 2 70 28 13 25 17 37 31 33 34 32 49 23 48 55 61
50 57 15 36 99 93 3 68 27 75 45 1 1 33 59 28 64 37 87 80
34 17 82 94 76 6 88 36 57 23 88 28 76 58 74 62 41 34 9 85
14 39 0 78 81 99 51 62 22 43 59 47 40 56 60 64 12 37 38 21
60 55 21 55 34 91 12 26 20 16 66 78 11 2 89 16 32 3 28 21
58 79 84 92 40 90 31 66 50 73 68 76 77 68 67 77 28 26 33 8
51 84 33 26 27 27 19 10 62 1 70 15 99 90 99 70 79 81 15 24
81 80 31 26 27 15 6 98 92 5 0 11 60 31 30 82 68 99 52 24
77 24 49 30 8 70 83 56 51 3 2 59 64 57 25 67 87 74 57 18
42 14 36 95 13 89 98 42 53 96 18 53 93 48 43 100 90 55 58 11
55 91 52 42 98 95 75 9 3 57 58 35 30 37 63 65 61 7 90 19
96 97 70 69 51 98 95 59 31 29 65 24 36 11 95 57 76 74 69 68
67 18 43 75 55 29 59 20 50 50 77 33 61 29 48 71 41 96 19 75
19 33 33 72 67 61 96 18 4 95 43 17 52 70 64 60 19 54 9 31
88 51 65 66 12 80 15 58 6 92 87 79 19 66 11 100 60 51 27 89
20 20 1
94 49 10 4 23 22 64 40 53 54 86 77 7 6 21 58 72 82 42 24
48 49 61 97 83 64 24 70 60 53 35 90 82 73 63 57 16 41 41 20
88 93 97 0 40 32 35 71 57 56 24 7 53 86 62 60 18 84 74 71
89 8 99 65 72 36 3 67 2 61 67 44 9 97 95 99 99 18 40 36
27 83 74 37 85 68 92 100 2 60 63 45 63 52 52 52 39 17 69 35
11 54 28 71 1 44 24 98 60 60 2 30 62 13 57 100 38 99 28 27
44 43 28 88 10 9 10 9 61 100 73 31 44 86 47 12 45 15 45 46
43 42 90 1 13 9 17 16 74 93 92 7 16 54 38 3 65 94 6 35
76 90 83 79 54 89 87 49 59 26 92 98 49 32 49 31 39 49 99 63
35 99 79 78 21 52 39 24 65 69 96 27 77 91 49 41 35 69 99 1
100 100 46 79 23 54 27 53 21 83 83 89 78 65 93 86 76 65 66 74
68 42 29 12 29 51 51 28 93 92 3 41 73 27 93 73 37 67 68 72
69 78 9 31 31 30 37 57 71 22 22 23 96 73 16 13 20 67 67 93
65 19 8 17 32 31 23 27 92 91 99 7 35 7 94 80 40 67 66 99
96 49 16 17 97 13 76 66 43 57 99 2 5 6 62 46 92 91 63 54
75 11 83 83 72 13 80 81 66 93 10 17 64 7 99 91 36 17 16 39
74 69 59 53 93 89 88 29 86 64 65 63 85 6 5 86 37 17 61 79
100 22 15 2 78 78 85 71 69 81 31 30 56 20 5 40 55 62 61 6
100 100 98 2 72 44 54 95 84 2 57 21 57 47 100 99 1 7 40 6
99 63 61 40 39 66 55 44 36 3 58 59 14 95 96 56 92 64 43 43
20 20 7
89 85 65 97 3 86 49 52 47 43 23 38 88 92 47 34 51 83 49 36
19 34 78 49 56 40 40 88 62 55 32 45 58 77 73 69 20 32 28 40
82 61 8 22 75 79 13 92 89 5 79 4 51 72 84 72 62 31 21 25
82 40 33 22 69 37 33 40 91 30 87 94 87 38 74 14 36 53 22 42
31 59 89 83 68 52 67 84 91 65 59 0 96 6 79 47 20 9 52 33
81 82 94 11 64 90 87 1 19 66 7 63 47 51 84 95 59 8 77 72
84 94 37 34 4 62 60 6 23 62 34 30 12 11 80 18 53 8 60 90
53 98 92 87 44 15 62 73 64 63 73 95 37 17 80 3 78 83 77 79
68 49 92 52 82 95 65 29 47 40 12 52 71 29 43 62 48 87 56 44
35 54 98 52 95 3 96 5 79 80 5 65 62 10 33 33 2 61 5 37
48 48 9 66 69 31 25 18 71 32 8 94 60 12 86 80 9 10 62 14
48 47 83 59 75 3 31 38 58 80 2 34 85 38 35 14 11 25 89 44
51 8 43 26 62 37 41 98 62 19 89 29 18 56 39 8 15 26 54 60
93 33 43 15 59 35 68 47 60 59 88 72 16 47 87 6 22 24 48 37
48 11 92 94 23 64 16 38 73 24 31 48 45 76 48 65 14 96 17 55
74 34 28 66 7 84 76 9 0 72 75 88 93 17 23 54 66 96 39 90
16 18 14 82 55 62 93 3 7 75 9 12 92 38 7 15 72 23 45 55
94 82 30 84 74 85 98 57 63 86 58 11 7 6 54 44 15 47 64 78
8 14 85 28 62 15 93 94 40 35 52 51 49 26 5 85 16 41 12 65
50 30 44 87 45 25 99 2 73 33 72 60 52 86 81 29 89 50 13 11
20 20 7
81 44 34 23 9 75 13 13 37 26 25 3 96 75 16 96 37 66 14 29
49 79 49 36 3 94 30 69 28 33 87 50 64 72 31 50 53 92 2 73
58 49 35 30 95 95 73 70 22 28 84 63 39 20 24 30 2 55 8 69
59 95 38 32 90 40 79 68 27 56 84 100 34 52 48 42 28 15 38 6
5 70 7 77 76 1 12 90 48 62 59 50 43 96 66 38 70 14 46 45
45 80 26 90 94 4 5 20 74 85 25 16 23 56 55 40 40 10 31 20
42 14 23 72 93 38 23 18 16 17 34 23 46 58 87 34 48 94 33 17
100 61 79 61 58 81 49 25 87 27 8 10 34 28 74 77 67 21 54 10
66 65 37 43 44 80 55 24 69 56 96 96 23 21 53 17 22 24 19 9
7 60 63 8 93 79 48 70 19 60 43 94 8 2 63 84 34 75 28 88
29 75 11 22 27 59 32 79 52 25 45 1 46 73 87 87 60 74 29 86
47 48 80 78 73 69 42 68 48 79 32 33 16 14 3 21 42 90 23 17
79 44 28 99 92 22 49 5 48 23 2 9 25 13 61 77 20 70 100 16
62 9 29 62 55 5 35 69 22 51 54 90 55 80 22 95 17 28 97 30
49 72 16 79 2 24 92 93 5 15 85 73 59 75 81 31 89 75 94 6
18 15 99 3 95 100 58 6 8 75 89 58 54 62 94 96 71 88 44 11
48 53 79 3 77 32 14 51 23 1 74 33 69 84 52 19 34 30 61 23
52 29 73 72 42 49 0 4 53 14 73 93 96 98 52 79 26 47 72 35
78 98 65 92 42 35 75 7 85 29 74 36 29 91 38 74 17 24 74 85
76 20 96 95 94 85 78 68 26 50 51 26 60 77 70 54 92 23 28 82
20 20 6
98 6 2 92 83 86 39 1 30 23 96 91 7 78 54 30 79 80 35 96
19 98 52 70 87 88 50 55 37 9 9 48 66 42 100 25 78 45 24 22
61 55 35 65 87 27 58 92 46 10 11 77 22 96 26 24 83 32 47 3
20 20 22 61 91 55 42 95 40 88 3 64 78 16 12 90 1 49 68 3
51 21 25 55 50 30 57 54 74 0 5 67 72 13 56 85 36 89 12 26
49 45 46 60 68 27 7 78 24 0 87 3 24 36 96 27 31 80 41 36
43 29 68 82 7 52 90 8 19 83 56 60 2 8 40 45 45 50 53 9
55 96 59 82 19 21 82 83 78 52 72 20 31 72 32 71 46 15 49 55
49 43 12 52 98 56 75 5 2 48 9 92 29 94 73 12 81 70 55 77
69 99 93 34 73 93 100 3 53 48 92 25 99 11 92 9 4 51 82 75
70 88 8 50 52 79 83 50 38 63 91 66 78 75 14 49 13 95 83 16
31 94 86 76 93 74 16 37 23 85 43 60 88 92 29 55 53 32 47 41
70 37 83 24 94 71 33 33 16 4 90 56 19 80 74 63 50 35 44 52
12 52 90 99 1 60 61 21 57 5 85 6 77 74 50 70 10 33 36 21
35 92 84 12 17 31 78 0 64 81 27 67 21 29 26 64 7 16 55 32
90 95 37 79 15 30 53 5 6 55 35 22 11 27 28 10 45 33 56 61
1 56 39 62 22 44 47 50 13 38 91 28 32 2 9 42 68 71 65 56
26 52 15 7 13 15 42 9 79 36 90 30 48 82 52 38 73 12 75 63
50 14 12 35 10 12 61 60 73 50 62 36 21 85 6 5 53 50 56 92
36 80 81 39 74 12 95 7 41 87 57 21 55 83 39 37 11 36 43 92
20 20 6
89 89 78 77 69 68 20 85 21 82 41 94 100 7 13 95 71 80 94 12
93 94 95 50 6 28 15 27 23 72 3 15 4 87 34 35 9 63 93 94
54 60 93 74 88 82 16 18 34 38 42 92 7 95 4 1 99 49 80 7
34 87 99 90 88 44 22 68 9 82 66 88 90 78 51 9 3 54 8 10
29 40 35 79 92 96 46 31 75 53 58 15 49 76 11 17 0 17 12 66
71 35 29 90 73 50 37 78 3 69 16 60 64 87 42 45 64 38 5 10
89 27 24 58 3 64 12 64 60 38 49 12 75 62 37 92 62 28 6 0
70 33 20 39 4 20 7 74 70 36 50 13 14 61 21 12 73 53 80 24
15 11 7 41 66 55 59 76 55 38 94 89 100 33 76 25 33 8 17 78
34 58 79 9 83 29 56 54 46 45 51 80 13 35 41 85 5 70 18 74
17 45 96 94 89 98 54 67 46 48 24 95 47 30 85 40 16 14 15 9
8 93 96 42 54 16 18 86 39 85 66 33 59 12 43 35 71 8 14 70
62 95 52 31 25 19 33 80 87 88 61 65 90 94 97 75 93 64 31 56
16 47 41 3 37 38 44 17 37 81 59 17 52 39 57 30 100 61 2 5
77 15 2 26 93 17 27 12 32 9 66 15 88 90 48 92 2 87 93 10
96 77 25 15 36 23 86 13 33 52 25 38 25 8 41 25 24 69 50 78
93 1 51 40 44 91 34 73 89 38 17 14 60 14 78 53 41 3 2 92
22 59 20 18 19 86 30 24 84 63 23 80 12 31 64 46 23 25 26 90
62 58 30 59 55 76 59 20 14 86 1 61 36 59 29 76 36 35 29 27
33 22 78 47 1 71 48 45 2 27 34 68 74 96 25 11 12 45 32 26
20 20 4
84 78 4 77 41 89 67 74 21 48 100 27 74 74 6 14 93 94 12 70
81 77 21 45 48 50 67 74 93 12 37 8 86 2 70 11 94 91 100 17
31 30 26 28 25 52 58 39 93 92 59 37 45 72 11 7 78 89 89 70
48 13 81 55 27 89 28 35 40 22 98 100 56 32 10 15 47 69 89 59
91 16 63 7 33 32 1 23 18 30 0 17 99 90 17 64 71 73 32 60
57 17 42 76 57 35 77 69 82 55 26 5 98 89 46 90 49 27 4 63
25 13 43 77 43 29 71 13 16 76 100 0 57 74 47 42 45 23 6 67
98 57 41 10 13 89 89 99 5 6 50 82 71 53 100 52 91 82 81 82
68 32 84 33 29 86 88 91 92 42 74 37 61 30 97 6 40 55 73 18
42 81 15 53 84 59 28 40 84 31 75 83 58 27 92 78 76 73 46 81
19 74 70 3 61 68 80 87 86 88 52 75 98 46 80 6 61 95 46 69
9 83 2 5 19 71 11 7 48 5 29 13 62 16 4 10 29 89 61 63
47 39 31 88 14 96 87 21 38 34 5 3 0 15 54 28 27 18 23 68
17 94 73 98 9 32 57 94 55 57 89 74 17 29 94 77 71 46 53 49
19 98 70 16 12 69 86 61 41 56 30 71 19 27 6 74 67 43 94 11
22 98 60 40 96 13 94 67 47 42 7 10 87 27 97 78 56 91 8 36
25 96 89 77 42 85 89 92 97 13 11 87 63 78 99 49 60 34 29 37
57 56 87 84 94 87 29 92 8 10 58 24 24 23 71 98 23 74 64 32
27 18 11 94 19 86 11 30 53 1 55 100 100 3 89 1 76 34 4 38
31 48 67 19 28 19 12 49 47 72 16 99 8 6 89 87 74 33 5 6
20 20 9
50 67 91 6 70 49 71 57 52 58 16 8 37 33 2 23 57 26 14 19
96 51 98 26 96 6 70 76 35 20 0 95 38 8 83 21 61 59 58 95
42 75 38 54 93 88 58 51 10 91 37 39 81 6 67 13 54 40 88 0
77 26 35 15 59 23 26 30 84 100 40 90 2 10 42 39 89 40 38 23
67 86 80 57 70 96 58 24 16 87 8 82 70 74 3 89 92 44 100 68
55 59 54 56 23 99 99 86 86 93 46 10 12 6 40 10 8 67 52 19
7 15 88 57 27 36 58 26 47 18 99 90 12 20 80 69 78 71 48 21
81 43 12 13 14 67 87 60 53 77 3 46 59 16 64 68 34 56 59 58
22 34 60 26 60 61 92 79 90 94 70 55 18 85 64 27 62 23 18 58
61 1 48 56 82 75 84 57 82 58 74 32 86 73 24 42 49 77 78 69
49 8 96 51 57 66 69 54 61 51 75 71 51 23 18 41 54 58 25 74
67 38 88 11 64 50 91 53 88 34 79 73 78 24 74 28 72 51 88 44
2 37 52 95 85 86 95 92 68 98 8 34 39 53 24 73 76 31 69 73
91 96 22 21 16 0 2 56 71 5 5 51 32 19 25 30 76 34 35 42
91 57 88 90 54 2 67 84 73 34 100 0 38 71 61 73 85 61 33 56
77 46 15 66 5 23 31 92 78 100 91 82 69 78 43 42 80 18 22 50
99 75 88 27 6 64 61 54 63 27 42 79 77 47 14 10 91 11 24 66
77 73 85 85 49 8 98 56 36 51 82 98 99 27 82 42 8 87 66 2
100 93 28 58 91 88 91 49 58 7 73 77 81 97 83 67 2 0 45 45
72 97 30 55 4 89 86 25 23 67 84 21 60 42 97 11 32 5 52 28
20 20 97
100 0 29 59 35 23 47 77 31 13 32 53 63 9 80 64 99 35 26 83
31 2 1 15 31 21 72 71 75 40 20 12 8 22 88 88 59 10 53 23
70 3 46 28 15 94 8 82 9 0 28 23 3 4 17 30 56 51 26 46
63 16 12 69 32 63 69 92 68 68 83 66 8 21 83 17 63 100 0 76
84 46 44 38 41 100 83 2 83 50 18 57 91 34 22 77 71 31 99 12
36 64 92 69 64 18 87 45 83 54 55 53 87 25 62 37 13 43 25 48
12 60 14 12 19 50 46 29 63 34 71 77 92 62 93 55 96 25 82 23
23 27 78 69 32 7 65 14 69 16 20 91 36 49 10 15 5 99 46 3
39 89 74 18 37 42 30 3 19 17 78 64 13 15 24 59 65 37 39 4
54 91 19 51 23 11 14 56 71 30 16 57 8 67 50 94 26 87 92 73
37 62 68 47 90 3 12 50 95 5 6 85 21 80 25 50 1 75 66 46
17 18 34 92 49 82 44 32 70 16 32 1 38 46 55 8 57 91 70 100
38 100 32 57 19 97 7 99 44 26 65 51 42 66 5 99 58 20 59 40
83 85 42 72 23 48 100 1 5 40 9 62 82 40 38 20 31 25 64 22
45 48 57 8 20 14 20 39 57 61 93 35 65 78 48 42 65 8 50 40
98 77 53 36 91 77 28 42 35 39 38 84 57 100 94 78 65 61 7 40
57 29 34 5 20 40 58 35 64 54 67 47 27 41 26 64 46 31 77 59
9 66 22 34 21 67 42 72 44 82 3 9 15 65 48 12 29 83 14 13
21 97 93 54 70 32 77 60 47 4 56 86 68 47 14 17 25 89 86 66
99 31 0 60 18 38 99 86 25 57 21 0 91 48 65 26 87 30 30 49
20 20 92
19 39 46 26 51 43 29 38 52 33 62 77 90 90 81 50 26 29 64 26
6 16 49 32 64 99 19 7 14 5 43 49 76 25 10 7 57 70 62 73
11 41 47 94 36 20 20 16 98 81 83 11 61 13 35 81 48 72 37 97
53 47 71 15 48 30 58 32 37 69 57 38 2 84 56 14 83 85 73 38
59 44 80 70 29 53 73 22 35 73 72 92 29 14 35 29 16 24 80 65
97 81 4 56 93 77 94 76 69 57 97 76 29 30 24 15 69 93 99 32
85 51 25 42 11 12 49 77 76 25 12 43 69 47 65 89 91 45 87 4
1 7 94 29 57 49 76 58 1 89 23 49 32 43 24 70 64 13 1 56
85 9 23 82 45 76 83 49 58 36 76 44 83 45 66 0 93 20 83 80
47 100 26 42 51 56 53 79 26 83 29 67 69 23 72 17 33 87 83 80
100 73 59 45 94 80 77 38 47 39 13 46 23 60 5 85 10 95 6 86
71 3 51 3 16 40 52 68 63 67 20 10 15 27 88 33 88 84 7 35
26 66 46 20 64 87 32 30 97 26 59 77 39 63 6 37 67 93 61 3
49 94 24 72 60 9 56 65 84 31 53 98 93 65 66 22 64 4 19 94
95 19 79 91 80 50 79 94 39 72 97 10 67 46 15 46 40 29 47 6
82 57 65 3 62 35 84 40 22 37 27 4 22 72 47 6 38 62 79 64
91 53 13 56 9 54 17 11 2 21 13 21 68 17 25 42 77 62 39 17
17 89 93 72 70 5 9 3 90 47 53 82 39 95 38 45 50 81 95 100
27 57 40 74 12 60 18 85 90 64 43 49 27 86 37 29 26 71 72 21
39 88 44 97 29 22 70 17 47 55 92 14 86 61 22 49 14 98 5 55
20 20 89
43 5 57 53 37 42 99 81 21 66 62 55 17 58 70 41 76 8 0 66
69 90 35 79 2 61 96 13 84 99 34 73 18 40 6 89 0 13 85 22
51 47 47 13 53 77 76 44 0 25 89 80 4 91 1 47 48 90 99 11
28 45 20 69 43 26 68 9 29 84 50 49 49 66 83 74 27 0 23 79
44 10 57 52 80 26 54 22 85 87 41 30 80 58 26 58 23 97 44 68
36 78 70 22 32 80 70 82 8 94 18 40 28 1 22 46 27 81 86 73
65 75 39 0 31 58 6 90 14 27 24 42 46 84 37 47 47 44 66 13
62 3 56 59 30 15 83 91 42 45 7 76 32 44 85 42 88 19 55 70
45 100 77 33 70 12 7 58 75 43 53 53 44 4 35 29 47 57 35 17
80 78 48 41 62 75 9 53 42 30 39 36 90 38 5 86 33 40 1 94
50 88 100 87 27 70 79 94 43 33 67 17 76 99 75 1 75 35 61 82
46 13 95 96 64 61 8 58 99 48 18 6 14 78 52 47 78 29 12 32
67 64 54 40 70 56 39 79 94 51 47 68 52 14 81 61 75 54 20 52
62 51 16 62 41 31 24 69 64 36 13 65 73 91 14 11 0 93 10 29
44 15 81 57 37 79 4 29 84 9 75 83 13 64 9 88 82 59 62 46
66 38 27 29 6 82 33 21 3 40 32 65 59 14 87 44 32 53 20 82
29 76 59 83 91 62 77 0 9 90 25 91 23 9 67 1 81 28 37 3
30 46 87 4 47 19 25 22 38 92 25 35 71 30 90 51 92 78 12 11
92 41 22 38 45 53 95 26 95 11 33 39 75 95 70 66 33 14 40 54
61 62 44 89 89 33 69 12 4 23 10 88 5 76 20 15 60 24 36 49
20 20 10
99 80 46 10 46 40 79 55 60 31 33 66 28 86 18 8 23 51 9 2
33 76 16 6 15 5 58 81 86 76 60 66 75 24 26 63 53 66 18 15
38 0 62 55 96 95 22 22 57 36 79 90 57 96 49 59 58 23 98 93
29 35 24 75 85 46 36 80 44 67 87 34 94 26 32 53 76 26 89 86
25 42 22 7 35 69 17 60 61 71 13 55 50 57 82 56 34 60 8 92
6 51 17 35 41 60 22 27 83 73 5 34 63 56 47 95 99 25 88 63
59 53 32 70 17 40 63 56 37 75 39 56 60 60 57 56 74 68 75 66
25 15 30 57 89 26 22 71 84 44 57 0 16 97 25 85 18 48 95 76
46 17 40 6 38 86 0 9 25 58 64 1 42 63 36 70 40 48 32 40
7 21 16 69 93 91 94 18 2 1 18 35 40 34 80 78 10 9 33 44
17 16 33 79 96 26 92 78 0 59 16 39 11 94 81 11 52 73 83 19
49 23 55 57 90 22 52 57 65 23 7 53 47 77 18 91 2 74 67 88
100 1 52 47 63 3 2 47 70 14 6 90 44 61 44 40 4 48 35 92
70 41 47 48 75 80 78 38 97 96 86 27 79 100 91 92 10 96 15 5
36 40 83 44 39 55 53 95 92 64 71 85 79 78 75 49 60 40 81 59
53 79 15 40 21 12 7 41 40 99 85 90 77 84 53 77 18 49 90 78
40 42 12 18 22 7 37 13 18 55 46 47 46 98 21 80 96 52 67 82
40 68 64 44 78 57 69 81 10 61 90 98 73 67 84 99 53 61 23 8
40 33 10 8 8 64 55 99 99 97 43 25 69 40 15 35 83 90 61 75
46 6 70 2 92 9 62 58 23 10 24 29 63 47 89 69 60 99 88 89
20 20 1
3 44 17 13 92 11 74 53 43 14 13 41 54 55 32 68 92 92 85 38
69 52 52 74 16 26 18 52 4 4 13 74 32 81 93 69 5 35 86 68
71 68 68 20 20 27 28 52 55 71 50 84 87 94 64 64 80 35 85 58
34 68 13 35 57 71 57 34 55 76 75 21 1 96 17 25 3 61 31 58
34 58 1 34 19 90 77 71 12 75 15 60 21 18 28 93 7 99 47 31
93 3 53 35 93 34 7 28 28 29 60 70 0 17 33 78 20 98 2 32
92 12 33 25 34 35 63 29 83 83 71 75 31 77 7 17 83 0 1 59
41 79 66 54 22 46 8 98 98 79 61 17 34 57 43 23 61 1 92 64
42 92 7 91 22 52 7 1 71 36 6 5 84 56 60 43 14 75 64 64
80 91 91 91 56 51 73 55 89 19 56 6 36 36 34 12 57 39 59 44
60 61 64 63 6 48 83 77 43 0 96 57 56 82 64 64 81 82 2 3
98 61 100 61 35 49 23 23 23 22 78 23 22 86 20 83 82 1 25 46
60 58 86 93 35 35 97 22 22 23 24 86 62 62 88 39 17 51 66 4
60 61 86 29 35 50 29 30 18 61 25 17 100 4 30 26 79 51 51 67
32 17 32 99 99 100 15 34 71 21 44 80 52 4 49 13 86 51 52 57
94 95 44 92 56 38 14 33 49 97 80 81 95 35 86 71 43 60 13 16
59 12 74 55 57 71 72 71 19 18 80 27 42 71 76 91 32 19 14 88
63 70 39 55 56 40 2 97 96 18 19 90 11 57 39 34 26 71 70 71
61 86 15 61 26 41 37 27 67 22 96 73 39 48 28 0 43 10 48 32
97 33 27 83 67 17 0 80 9 53 91 28 56 69 69 22 34 11 2 84
20 20 62
48 27 73 86 95 87 58 16 58 68 23 26 4 30 95 39 81 98 75 100
47 61 49 79 13 78 13 60 62 58 20 53 85 39 7 77 23 98 74 11
60 43 88 20 89 94 92 90 14 0 95 7 87 49 85 82 80 11 34 31
89 86 90 5 48 63 4 15 5 52 43 39 32 68 40 22 24 17 59 48
70 28 100 28 93 57 78 46 1 90 71 95 25 10 11 52 25 35 81 34
23 3 4 78 19 81 41 96 92 91 95 48 32 17 86 7 20 8 27 46
49 79 27 35 86 5 25 86 28 81 22 74 82 52 62 31 18 55 21 27
68 9 44 70 79 6 48 46 21 37 16 17 55 99 60 86 92 5 45 89
42 81 72 94 78 2 60 98 65 91 62 96 8 19 61 43 13 12 48 32
69 24 37 91 8 11 98 43 40 17 79 57 93 76 81 18 3 5 1 65
62 58 99 25 83 21 47 11 16 42 7 22 98 43 32 70 28 35 74 2
67 19 69 18 37 5 10 62 77 44 43 83 15 38 78 50 51 43 89 26
14 32 89 46 9 50 50 68 41 26 25 78 94 10 59 5 94 9 13 61
18 62 4 61 93 67 29 32 99 91 12 78 91 26 16 84 6 94 91 14
45 33 19 30 62 67 31 19 27 33 86 16 66 54 24 87 64 46 22 52
42 6 10 36 71 71 24 91 51 50 97 26 92 38 95 13 71 3 22 43
84 81 85 32 75 30 65 100 74 9 10 13 12 18 64 60 83 33 100 60
17 92 33 39 19 74 24 89 98 0 71 54 50 32 63 89 79 42 7 24
5 5 56 43 91 63 9 62 23 95 38 31 2 32 84 22 39 20 55 65
4 77 36 67 22 27 20 47 53 0 96 41 35 38 60 17 19 31 49 55
20 20 1
72 40 41 42 39 58 53 56 17 45 78 77 67 24 63 73 74 33 38 78
26 41 12 88 69 70 0 71 16 44 28 15 14 18 2 39 32 6 1 2
84 52 12 12 50 7 71 71 83 85 29 23 24 72 59 59 15 67 69 58
83 83 12 51 52 81 72 78 35 15 15 71 58 14 74 59 39 68 30 30
4 54 37 52 71 43 30 44 32 19 5 9 7 54 72 77 95 11 11 77
75 58 53 54 34 9 13 97 0 84 28 8 31 59 44 99 12 0 12 65
15 29 25 53 4 89 36 0 26 47 68 49 53 53 83 50 81 89 88 88
64 73 98 53 84 91 44 8 12 13 42 100 27 38 62 61 54 37 84 4
73 35 50 37 83 68 41 97 51 55 54 100 82 8 36 87 54 31 92 2
73 27 50 83 60 93 41 36 96 45 47 100 100 86 13 55 54 42 16 91
55 48 34 82 89 35 6 22 75 10 11 33 84 87 65 5 95 10 16 95
22 53 75 28 31 36 38 53 39 14 51 2 85 33 33 89 46 21 94 78
55 54 33 75 31 83 36 68 69 69 84 10 14 32 31 45 45 44 97 87
55 54 50 2 73 84 36 15 57 75 96 56 39 33 36 65 8 42 86 1
10 52 38 79 92 85 10 25 64 61 60 66 46 21 25 77 78 58 89 88
5 29 42 78 79 0 13 92 91 46 12 47 7 3 76 48 41 100 13 4
5 41 80 64 71 71 28 36 5 13 33 72 8 55 62 10 61 60 84 32
19 42 66 31 28 82 4 72 73 35 70 51 69 69 38 27 54 18 52 88
73 48 91 99 32 0 12 15 23 11 12 13 90 1 54 38 11 11 49 70
78 26 67 59 92 73 59 7 63 56 14 38 31 80 53 78 71 86 96 31
20 20 3
15 84 53 19 57 54 55 62 92 26 29 38 11 3 49 97 41 14 55 10
53 83 77 95 63 30 64 38 35 91 48 43 35 38 92 5 76 97 95 90
88 34 37 57 39 36 33 41 38 41 91 90 49 52 41 78 74 13 99 43
89 81 40 55 38 44 11 95 37 99 96 50 21 31 14 23 15 94 71 16
9 93 42 71 73 96 53 76 34 55 31 80 96 4 16 68 78 42 56 17
76 18 62 21 11 47 34 77 92 79 33 39 43 46 49 17 68 52 34 29
66 28 63 22 73 48 22 41 16 44 68 84 91 92 14 54 5 17 63 94
95 10 59 51 13 4 1 63 95 57 87 85 31 92 90 5 45 97 5 22
92 11 64 10 10 5 94 36 45 86 64 42 52 23 77 51 32 63 64 28
97 7 57 86 9 48 46 22 11 11 89 17 83 63 8 43 95 32 63 37
88 84 8 5 47 11 72 6 65 61 33 100 97 60 7 33 38 12 69 95
82 86 40 2 79 21 54 63 50 15 29 35 59 57 70 35 35 90 51 95
77 20 32 32 89 94 81 74 23 93 3 26 99 42 27 20 64 89 70 27
75 17 80 17 4 33 89 91 38 11 100 37 28 28 11 17 8 54 0 84
41 18 39 37 69 32 29 88 92 11 99 90 70 36 99 98 84 25 4 51
16 83 39 63 77 21 64 97 100 57 84 79 67 36 41 13 7 26 13 77
24 77 40 48 74 54 31 30 17 34 36 87 99 31 36 97 72 94 11 24
18 21 7 75 27 29 32 15 1 4 51 51 94 73 64 5 27 13 2 87
15 13 58 89 31 73 88 11 13 72 43 81 57 58 56 58 49 29 32 5
24 17 96 93 58 59 30 9 10 69 65 64 62 96 65 55 89 56 81 63
20 20 1
44 51 88 28 71 42 25 61 61 76 96 41 41 99 89 29 50 23 44 43
44 32 98 28 44 40 79 61 99 31 7 33 32 83 53 50 51 46 74 87
54 32 23 47 59 46 53 87 69 32 42 35 74 19 37 76 92 73 73 72
14 98 8 77 87 42 52 52 82 26 51 36 73 54 6 7 58 74 63 7
93 87 43 10 87 42 51 20 98 20 19 44 21 22 14 15 52 27 78 79
92 45 65 53 86 20 40 86 7 19 47 23 22 70 13 85 79 43 12 13
67 85 35 72 73 90 10 23 47 15 87 69 69 63 91 79 17 14 12 9
64 58 36 68 63 13 12 69 49 79 80 48 48 49 31 80 42 89 56 10
46 28 76 67 80 66 65 68 68 16 37 49 18 29 7 58 41 29 57 59
46 6 77 78 44 72 86 85 41 100 2 8 0 28 56 7 11 67 18 100
98 74 75 66 22 55 86 85 96 40 76 8 66 5 5 19 29 30 36 80
17 30 87 29 4 9 89 42 89 45 77 20 94 83 93 23 34 1 0 79
89 90 98 100 58 100 3 2 1 47 10 96 95 76 94 24 46 68 18 39
90 6 70 99 69 56 66 30 64 34 33 83 27 26 63 78 68 69 70 83
29 76 45 59 76 56 52 63 64 65 88 7 33 32 63 28 79 71 62 32
98 91 0 35 47 44 43 11 17 47 40 88 81 7 78 28 80 91 8 10
76 42 35 30 47 92 34 32 37 85 24 47 53 32 57 78 34 90 30 10
76 29 34 46 5 64 45 51 39 100 1 12 11 12 69 89 27 30 41 32
95 30 52 78 74 46 28 54 81 22 27 96 56 2 24 64 51 81 44 1
23 97 40 8 7 72 18 28 30 60 55 9 28 51 36 72 80 61 8 59
20 20 76
13 68 84 78 61 52 28 88 77 77 42 90 81 11 47 65 97 47 66 63
22 16 61 59 48 36 60 48 7 25 50 76 38 0 5 28 8 49 68 22
6 90 34 81 23 34 78 65 17 20 30 20 71 20 24 39 88 58 59 13
15 79 26 31 14 22 64 55 19 10 0 80 91 96 62 95 74 83 64 35
44 7 50 66 79 85 99 75 54 66 62 28 85 64 34 28 40 23 97 94
27 54 13 85 83 19 18 97 13 22 67 9 19 10 75 70 43 6 95 5
97 26 79 27 29 26 41 51 67 3 78 72 46 37 53 89 84 99 73 98
59 61 92 19 50 12 84 53 4 84 25 45 46 18 88 52 67 25 11 25
41 52 60 51 24 60 59 22 65 34 64 85 38 46 69 94 42 44 32 29
44 67 49 2 85 97 28 79 69 31 45 53 47 84 79 4 31 0 82 0
68 19 16 2 77 64 19 59 56 35 35 83 26 31 39 4 47 19 73 0
59 85 31 64 88 68 76 28 65 23 43 15 72 72 9 41 31 89 55 62
80 96 29 58 86 77 81 100 33 20 30 29 11 9 79 79 97 63 38 97
2 16 97 97 38 8 69 81 42 7 80 78 46 88 31 21 68 75 48 7
10 11 72 26 95 85 30 98 91 30 26 67 33 35 93 51 20 34 96 71
83 15 25 70 16 73 87 74 41 62 10 90 25 52 71 57 95 30 44 87
95 97 16 19 81 51 78 74 85 1 82 46 57 66 24 80 38 18 23 73
73 21 90 26 29 18 97 51 24 99 69 77 3 35 1 5 85 35 21 10
74 44 68 62 7 66 61 73 17 88 48 61 49 100 70 42 62 46 4 61
95 80 81 33 76 30 76 24 23 6 1 2 30 94 12 44 69 47 13 58
20 20 6
20 61 50 0 6 38 80 21 34 30 42 34 64 29 46 38 24 5 76 52
52 95 35 77 79 38 44 62 12 25 55 15 68 24 45 32 27 40 72 54
13 70 51 99 94 11 35 77 88 94 28 50 14 51 50 51 36 62 30 74
11 69 47 48 16 46 67 58 71 98 77 81 27 11 32 29 23 7 51 53
41 34 55 97 18 19 14 61 75 50 76 24 66 72 89 88 7 71 93 60
24 29 45 11 100 21 85 13 97 92 80 16 81 1 0 56 30 67 96 95
23 19 97 98 99 34 71 81 43 96 43 9 84 23 2 69 29 27 93 99
83 59 93 14 77 54 41 79 36 46 59 68 79 75 92 83 91 81 89 29
42 8 11 52 47 50 44 23 69 71 98 70 1 33 93 94 94 44 70 73
95 98 87 26 47 10 99 18 92 83 12 90 73 76 74 7 13 92 55 49
97 73 32 69 44 66 61 20 95 93 97 13 29 35 69 9 100 36 16 49
7 3 44 95 43 14 20 26 42 27 27 45 73 83 88 94 96 98 67 82
22 23 23 95 65 38 95 62 35 60 88 33 6 36 18 44 97 41 71 53
34 22 25 66 1 97 74 41 19 100 19 58 33 25 53 51 21 68 52 17
79 31 43 71 24 72 16 1 100 43 36 56 11 49 95 85 31 28 14 81
20 71 37 93 3 65 83 4 95 43 15 16 61 47 45 37 30 85 71 75
21 52 34 90 70 45 7 61 62 45 72 59 70 97 6 67 71 39 13 78
5 18 9 64 18 76 98 79 98 100 24 26 19 90 70 53 69 39 4 3
64 56 70 15 52 38 21 43 95 98 95 26 56 29 71 56 71 67 100 9
3 53 65 98 71 49 45 23 64 82 49 86 1 10 39 58 74 58 77 75
20 20 9
68 97 66 57 1 51 52 29 9 79 26 63 29 97 57 89 16 51 0 24
73 59 75 25 90 71 66 40 1 74 56 4 90 0 37 38 80 74 97 7
2 11 14 88 35 54 1 33 65 78 81 80 84 58 14 76 3 32 12 22
16 55 88 39 23 82 1 4 3 77 93 43 60 42 38 75 73 68 81 81
2 49 90 79 87 43 84 66 3 79 24 35 26 41 1 59 72 65 12 77
0 76 73 74 83 0 72 64 54 17 24 28 18 6 0 82 61 84 21 56
3 22 99 76 54 84 49 62 18 15 26 20 18 21 100 94 58 50 38 8
93 6 78 43 73 3 41 85 98 56 64 77 35 32 34 20 94 67 45 48
72 22 59 41 6 6 3 72 64 55 74 98 28 51 69 1 14 37 8 23
4 74 0 4 25 26 41 30 28 51 56 12 11 55 30 51 43 99 0 84
88 90 99 89 73 22 48 77 55 42 14 51 92 61 70 15 37 17 11 3
23 89 80 10 17 15 43 57 3 51 20 42 88 66 71 79 82 42 51 61
93 31 39 8 30 40 36 69 3 9 93 33 90 12 84 54 81 75 0 81
18 67 3 51 82 68 65 60 69 74 50 37 17 51 25 43 34 5 3 13
91 9 94 52 24 81 21 86 12 81 19 2 38 37 39 24 74 68 57 36
59 53 48 62 19 44 50 35 16 10 21 17 53 86 88 45 50 77 73 82
61 0 2 81 62 46 77 40 28 86 8 31 41 21 20 77 86 64 98 5
52 65 81 43 47 84 85 83 32 92 87 39 60 88 77 36 1 5 5 20
38 25 91 50 57 57 80 22 28 38 8 72 82 88 55 97 11 73 13 61
39 23 5 33 20 46 23 30 86 5 52 69 48 95 65 50 8 39 59 64
20 20 2
58 62 61 25 4 80 6 72 92 36 63 46 75 87 24 67 89 56 5 98
60 14 24 24 70 32 72 10 9 40 40 47 90 92 15 84 51 49 29 42
92 100 26 57 81 80 72 71 11 94 18 57 90 27 77 24 75 38 16 99
59 89 81 17 81 16 5 68 0 97 20 41 78 25 25 18 95 96 97 45
51 46 80 42 74 44 83 78 37 4 64 28 29 24 23 21 41 3 96 42
35 54 77 64 46 42 35 27 37 38 63 29 29 53 30 2 8 24 40 72
81 47 15 12 29 27 67 90 35 36 100 99 87 37 31 94 69 13 13 72
90 69 68 54 85 93 86 57 35 34 50 99 59 57 5 33 70 28 29 28
19 26 97 6 85 84 55 6 63 76 70 84 35 57 47 45 44 53 43 68
49 42 37 5 46 80 54 57 87 82 23 79 58 41 55 69 71 55 31 38
69 76 35 34 35 78 39 23 34 70 78 53 60 60 30 7 8 21 0 48
71 60 33 14 3 51 93 52 70 79 12 47 93 66 69 80 78 60 75 7
14 6 11 90 88 89 55 5 37 22 16 95 15 4 55 55 82 52 88 45
38 52 89 91 86 15 22 11 6 21 86 84 6 15 48 41 29 12 63 43
46 99 77 63 61 43 72 54 44 49 52 8 62 100 50 73 76 25 47 89
53 53 55 57 57 13 70 74 57 30 67 19 84 11 87 18 11 2 3 3
86 81 57 13 5 43 43 31 90 75 19 18 87 13 94 24 84 53 9 53
86 57 57 11 7 44 45 97 96 24 38 87 5 2 36 38 9 34 30 67
67 58 63 64 68 77 92 98 11 97 13 100 28 27 38 98 9 25 68 69
52 3 28 24 40 73 29 86 87 6 37 67 30 65 39 64 56 55 51 68
20 20 43
16 75 16 0 37 16 19 0 50 96 81 22 2 15 18 58 100 57 79 11
5 21 27 60 30 8 9 10 57 11 40 55 46 95 58 60 100 61 0 12
55 82 96 27 16 96 34 40 12 38 16 76 0 18 49 74 99 15 39 80
88 27 50 34 64 61 27 62 54 72 56 21 85 67 77 13 26 56 17 65
43 49 43 59 0 17 59 17 23 61 28 33 54 3 37 47 92 92 56 16
94 56 73 12 92 24 18 38 17 85 79 87 40 21 71 51 10 14 65 75
37 44 77 61 58 91 58 68 91 4 98 0 21 53 48 65 34 20 97 28
48 2 77 51 47 13 4 37 36 32 11 50 51 97 64 41 55 30 82 97
64 20 52 45 43 6 24 55 79 31 97 0 20 7 48 87 88 33 67 98
6 26 54 86 81 14 84 54 36 63 89 95 58 6 100 96 90 42 35 38
28 48 100 29 65 42 25 59 31 23 6 73 2 76 48 12 5 39 19 75
76 87 20 54 38 42 42 84 36 89 20 75 100 96 38 19 69 43 22 91
2 63 66 11 72 32 44 31 33 25 22 46 75 40 28 48 80 35 65 18
18 51 64 26 76 43 48 98 15 100 88 38 50 65 47 26 61 99 73 63
30 50 50 38 73 53 62 5 17 5 80 23 87 67 56 16 14 78 59 11
63 65 28 63 70 31 72 31 50 37 59 47 76 99 80 97 31 3 69 80
88 18 65 75 92 81 95 78 50 50 90 9 7 32 99 95 54 48 47 82
51 8 32 58 19 17 48 64 77 30 94 90 5 48 46 90 28 53 19 64
0 32 56 43 5 30 15 63 54 85 48 70 33 76 78 17 81 96 56 31
29 10 87 46 93 47 8 26 17 37 3 98 64 55 40 0 6 78 2 22
20 20 47
43 83 0 3 5 75 14 12 21 18 8 50 77 78 12 55 74 41 83 9
10 65 27 46 1 75 92 9 66 99 13 100 12 29 13 78 79 29 85 99
80 85 42 33 79 42 60 58 98 51 98 9 44 77 34 14 2 12 38 13
8 41 71 33 38 92 65 57 97 0 41 42 21 38 36 20 16 18 81 89
60 18 12 79 3 40 7 10 19 87 56 0 15 21 37 24 14 51 43 49
83 78 71 54 43 80 11 37 54 30 19 72 74 23 37 97 72 4 2 82
86 84 30 5 51 54 92 44 99 55 8 42 26 12 99 38 98 68 65 98
62 68 72 65 88 54 15 22 29 13 40 68 98 13 74 21 50 6 12 93
38 19 41 82 45 25 60 34 40 70 39 35 73 44 32 97 58 47 18 30
14 72 35 57 44 26 67 45 80 10 43 73 20 24 99 87 92 23 5 40
41 82 38 95 78 75 51 92 1 61 60 75 26 14 16 0 58 47 55 23
23 95 20 74 48 94 70 64 39 89 47 78 47 86 93 55 62 22 41 48
7 58 5 80 47 91 3 22 32 58 49 40 62 93 15 35 59 23 23 51
85 8 84 68 9 74 64 97 97 18 96 28 10 90 25 6 66 33 84 45
61 26 75 34 79 95 61 96 53 67 89 73 1 6 55 14 76 2 76 53
65 64 75 76 26 65 95 54 77 6 54 36 5 49 34 0 47 96 91 48
44 76 6 63 71 56 34 91 45 52 12 37 65 69 75 57 19 41 64 91
8 33 40 19 26 27 96 17 21 92 90 60 67 11 12 60 16 33 65 83
74 96 37 54 11 82 5 63 30 93 92 96 90 48 94 6 7 11 5 95
74 69 59 1 68 47 15 24 54 98 52 59 86 60 59 38 19 29 73 23
20 20 33
37 7 52 61 37 58 5 74 78 5 38 3 48 20 40 57 18 17 45 40
79 15 13 6 0 92 7 72 15 95 6 19 41 42 42 10 96 80 86 36
13 41 54 68 85 82 14 20 33 35 90 84 53 95 85 66 51 73 82 57
73 67 24 73 83 33 68 17 2 54 79 20 15 29 55 89 75 19 75 23
15 10 18 86 100 96 69 90 54 26 88 50 83 88 83 28 77 27 9 60
4 58 21 9 96 13 17 58 80 58 23 28 63 96 79 16 87 68 8 4
9 22 100 26 47 59 72 7 4 33 8 16 22 41 39 54 90 99 7 48
39 88 56 83 40 75 68 67 89 44 39 51 65 17 31 23 4 30 35 10
62 90 18 39 43 36 76 49 18 33 11 27 36 74 46 30 52 66 11 52
11 5 72 35 95 52 93 18 54 43 75 39 75 39 65 42 93 73 30 50
35 97 70 97 32 19 28 52 1 16 4 43 81 65 75 18 13 15 20 70
11 92 75 7 35 74 68 39 17 71 84 13 30 46 84 20 14 33 19 44
52 23 42 11 10 50 97 90 26 23 83 72 42 46 48 91 11 29 48 63
81 1 91 12 12 64 72 24 11 46 41 66 94 95 19 14 32 78 85 17
15 41 91 44 23 62 94 73 50 44 4 14 25 66 57 93 57 93 50 62
3 55 73 98 79 73 64 46 44 15 17 20 76 88 81 96 4 18 13 0
16 27 0 17 96 13 7 14 31 48 32 96 82 29 30 91 16 93 45 60
68 42 61 33 74 3 69 0 24 55 59 70 73 85 88 45 13 80 10 17
74 25 77 16 45 57 55 80 21 16 24 17 19 44 68 80 80 37 2 9
63 78 55 87 95 86 15 50 69 33 10 20 2 58 40 60 70 8 8 97
20 20 30
33 60 49 31 47 87 98 74 84 29 53 5 80 99 98 74 9 34 83 81
36 22 65 12 76 16 68 46 57 42 48 85 15 67 6 54 25 85 38 87
72 98 91 89 1 49 56 48 60 41 55 72 27 67 21 31 51 27 89 51
50 46 10 30 66 46 5 56 4 90 82 3 55 78 65 98 17 60 51 1
72 52 56 95 2 99 16 17 12 69 90 65 29 17 18 35 4 62 28 18
67 3 12 88 10 56 44 74 7 31 14 57 67 37 70 22 90 87 83 91
11 17 33 55 28 42 61 26 73 54 60 87 63 91 34 14 54 26 42 35
52 82 74 83 26 70 7 16 80 36 27 12 83 71 15 29 94 49 59 11
42 87 36 85 69 87 44 73 5 56 88 81 1 68 22 81 98 58 41 81
96 100 63 99 30 41 77 55 58 0 57 15 10 2 63 17 61 26 43 59
76 19 24 8 24 50 49 81 52 32 98 48 30 56 85 12 15 74 27 47
74 70 87 16 1 74 69 97 87 55 97 81 97 2 81 82 14 86 17 77
86 86 84 60 62 14 42 62 69 21 11 17 4 79 88 59 40 14 69 69
54 81 14 69 7 29 82 33 26 22 15 20 3 37 34 99 47 77 69 32
97 39 16 13 34 34 87 46 83 36 89 5 37 64 50 96 95 65 75 38
57 89 90 12 86 58 46 76 87 62 41 56 93 36 60 40 86 39 31 25
3 17 6 11 24 88 61 24 51 15 35 34 94 9 57 51 43 7 54 2
20 22 62 5 68 84 72 50 95 35 29 69 22 36 63 15 63 2 37 93
47 40 10 19 24 4 70 44 60 44 3 98 90 35 35 92 73 0 76 93
91 87 33 9 78 79 70 29 45 33 94 41 86 68 25 40 89 98 99 15
20 20 7
10 21 1 2 8 83 42 36 32 65 73 44 49 77 48 63 75 64 92 18
40 28 3 4 4 53 42 55 44 77 5 37 81 87 76 79 79 65 37 33
28 35 30 4 82 51 67 70 31 86 86 34 95 93 74 17 52 65 66 33
87 81 72 36 96 100 64 67 63 51 93 90 67 68 30 45 1 3 76 14
93 78 90 71 22 99 88 54 19 18 1 31 87 61 58 45 1 3 21 15
57 49 86 56 36 66 36 3 24 16 20 46 34 31 73 49 53 58 0 22
35 28 70 92 2 6 90 14 90 44 60 98 86 91 24 19 62 19 13 21
57 1 96 74 47 50 92 100 95 56 58 65 15 29 29 73 26 98 65 82
54 60 81 88 99 64 92 87 18 40 88 17 22 27 3 78 87 16 68 79
47 94 55 47 65 81 54 90 57 19 23 76 71 48 75 45 42 16 80 75
51 15 97 16 58 36 25 100 29 10 42 42 67 21 38 46 10 46 1 34
3 83 30 20 16 13 9 28 97 16 12 96 58 98 21 26 62 23 5 4
2 80 82 70 64 67 29 80 49 87 93 78 22 26 81 84 83 30 32 70
58 32 71 73 49 72 6 82 76 99 72 82 79 82 84 40 55 51 60 33
3 25 41 68 94 65 5 58 97 91 73 58 78 11 100 30 54 36 2 69
17 32 28 13 87 48 2 97 31 85 81 42 97 18 69 58 64 87 88 82
22 18 20 27 46 43 71 35 24 41 90 72 29 60 34 9 11 59 11 17
15 26 78 47 67 40 27 37 26 77 2 6 33 56 99 100 49 49 75 85
27 52 65 92 87 6 0 19 89 24 12 40 33 37 18 87 94 5 30 84
14 54 16 45 81 6 55 23 35 26 48 48 44 14 91 75 62 71 40 98
20 20 22
52 65 18 61 76 31 34 13 4 74 94 16 72 35 42 40 64 22 36 55
44 30 61 0 9 47 24 40 75 4 49 35 44 18 66 43 86 90 74 6
0 49 55 67 8 5 6 100 89 48 70 62 46 12 67 26 15 23 70 52
3 53 97 59 80 64 93 85 34 92 26 56 37 59 8 5 88 19 28 0
55 78 49 56 18 40 72 6 63 23 5 100 93 75 50 47 96 38 2 59
24 94 33 69 51 73 82 86 37 66 77 86 87 97 100 19 29 46 86 16
3 100 46 33 55 28 35 72 65 89 12 2 47 39 70 6 39 67 91 31
10 43 67 61 45 76 45 38 57 94 99 6 64 71 53 90 14 63 80 100
52 74 90 61 98 92 25 70 33 64 32 90 25 44 95 70 14 58 42 30
87 20 61 25 47 99 92 33 0 94 74 55 18 79 100 90 18 10 61 15
89 6 48 38 60 41 75 3 84 39 88 69 11 4 4 85 54 16 44 56
49 31 47 42 92 20 26 17 43 32 77 98 1 7 14 16 58 44 36 44
5 48 83 86 26 77 54 44 80 100 96 96 78 70 86 45 0 48 37 96
67 92 77 23 4 81 89 38 24 47 8 64 95 76 26 77 7 96 10 6
13 95 78 32 4 75 58 92 34 93 7 53 82 58 23 100 63 17 69 20
76 73 61 48 28 42 96 87 18 93 31 56 72 20 27 9 58 80 0 2
100 100 19 90 16 44 73 54 64 3 83 50 45 57 63 86 15 81 12 70
81 98 6 32 45 54 86 41 90 70 91 9 32 4 14 15 44 57 18 14
24 50 76 64 10 80 58 41 64 34 88 74 89 64 1 11 46 100 53 95
79 39 48 85 22 71 80 37 36 15 49 41 55 70 35 49 39 72 93 84
20 20 66
7 72 6 89 66 56 42 88 39 13 39 54 59 34 16 75 68 88 61 37
40 45 78 31 96 63 87 60 42 67 50 4 66 24 99 92 89 40 85 53
38 86 23 84 33 60 7 30 73 26 65 61 58 37 22 49 14 5 99 46
45 52 39 38 17 43 93 63 70 46 55 73 85 6 89 57 5 40 88 5
52 98 71 63 24 66 35 15 25 1 70 63 36 51 84 76 60 40 26 34
39 9 80 71 50 66 46 20 93 38 10 40 79 25 15 84 46 45 37 91
69 0 88 64 50 99 52 85 67 70 8 36 78 83 47 30 77 71 37 3
69 52 69 74 8 41 62 77 28 81 56 62 96 94 90 31 91 85 5 0
64 53 69 96 25 22 92 12 11 60 71 81 19 20 77 83 47 54 29 49
52 52 71 52 90 30 73 51 59 60 37 54 40 26 76 93 79 78 23 38
86 41 50 1 50 35 10 88 95 14 49 68 65 64 97 26 18 96 43 45
70 6 5 92 1 40 7 12 32 75 23 92 22 57 4 97 58 83 20 39
49 6 72 64 29 73 46 4 78 84 24 2 23 15 16 1 13 79 81 21
41 11 30 42 57 19 70 48 37 12 40 24 3 97 82 77 14 62 80 87
15 58 30 96 97 26 31 0 27 6 10 11 83 11 77 62 46 1 26 31
29 9 99 55 83 27 72 46 61 65 37 17 16 35 48 66 46 98 71 24
52 91 29 55 11 37 83 32 19 80 12 40 53 0 50 1 25 10 52 63
80 42 52 66 12 45 32 8 58 85 51 96 86 96 69 41 17 24 46 81
12 78 60 73 27 30 83 43 80 93 55 62 62 56 95 43 5 81 19 30
69 45 60 32 75 96 79 50 96 30 56 47 99 1 81 97 7 54 27 60
20 20 46
57 44 46 33 14 77 67 39 26 64 32 30 71 64 99 77 56 81 71 34
62 15 53 59 43 61 90 91 32 19 10 72 87 81 84 2 53 38 69 8
53 4 63 78 35 26 77 70 93 26 15 58 32 14 26 84 11 6 78 57
68 69 72 91 38 91 60 48 25 53 23 70 7 19 59 88 3 44 5 13
78 86 58 8 64 76 19 83 2 9 58 93 16 93 76 80 45 19 37 6
58 46 76 43 28 76 45 76 31 4 39 85 28 46 31 92 16 99 96 66
41 59 74 1 85 1 90 82 31 92 7 77 60 87 37 11 62 54 93 88
86 72 82 99 36 18 58 49 80 79 75 26 58 27 77 21 36 52 24 53
63 45 26 97 51 92 72 29 86 77 1 79 42 47 67 6 8 47 39 66
78 61 18 28 96 74 40 26 33 73 12 26 96 37 58 25 36 69 94 56
97 81 68 97 83 48 91 63 66 44 48 91 91 30 24 31 0 40 47 93
87 37 22 5 28 61 14 84 53 35 33 79 32 74 30 9 97 41 94 98
29 79 95 26 26 37 50 38 66 11 86 27 17 16 53 82 94 98 16 90
49 26 64 2 3 59 68 76 59 88 70 8 5 54 58 70 64 79 69 14
77 17 89 84 31 0 66 69 38 3 59 42 30 19 26 77 82 44 85 68
95 13 68 70 60 11 60 56 77 91 78 5 42 31 69 6 63 62 86 44
77 36 40 0 71 77 20 12 72 74 70 90 49 78 23 86 17 47 46 19
39 23 38 11 61 26 95 35 75 63 96 66 50 71 35 77 42 21 4 10
79 12 43 90 28 33 85 26 12 76 72 32 12 35 77 100 51 30 27 2
94 47 4 8 91 69 50 24 16 42 26 36 37 53 41 77 16 6 61 92
20 20 5
42 15 3 61 16 45 40 17 93 94 90 9 6 6 9 72 45 41 40 92
77 91 12 41 36 34 31 44 60 36 24 95 34 37 22 24 14 17 19 24
77 16 89 55 80 81 23 51 72 77 72 91 35 33 39 48 32 21 43 94
21 36 11 72 73 73 57 51 65 93 50 78 79 59 78 78 34 48 0 95
71 4 47 14 25 91 69 51 52 96 90 77 80 84 85 63 50 72 38 96
26 4 12 16 32 36 61 86 82 25 90 69 77 52 8 2 1 97 41 12
0 19 42 52 28 23 65 23 7 69 67 35 36 23 9 4 76 27 20 48
18 19 71 72 33 65 63 62 92 88 34 36 31 7 11 1 28 48 18 15
81 3 39 90 48 56 54 15 15 26 13 61 33 54 54 75 23 0 18 67
19 18 63 32 84 95 40 27 22 26 8 46 97 26 62 63 7 95 82 68
14 90 34 57 92 90 90 94 93 55 43 29 93 46 80 84 79 92 95 32
49 31 34 32 86 33 80 81 89 22 64 43 48 50 80 8 80 16 92 93
98 59 34 29 98 69 27 30 61 21 78 38 49 60 5 58 1 64 93 88
96 4 22 91 93 3 81 87 87 19 83 53 21 19 64 12 3 71 29 37
52 53 2 97 77 22 94 96 38 89 83 65 77 26 62 37 4 29 14 58
60 17 2 11 72 35 77 40 54 1 79 47 74 18 24 61 54 71 1 49
15 30 46 43 74 69 10 52 45 40 77 48 37 13 88 82 2 0 1 14
18 7 67 41 11 25 51 75 22 42 69 92 40 46 100 89 28 41 6 12
28 32 28 19 14 81 36 73 59 41 28 23 30 92 17 14 91 37 20 16
42 80 12 51 61 33 81 66 68 32 96 3 41 97 49 69 14 34 82 86
