50
20 20 3
48 59 61 16 13 12 85 2 91 77 79 36 37 70 73 73 90 68 65 36
48 58 31 32 30 49 61 13 55 78 78 78 91 94 59 7 90 50 54 71
84 51 43 99 29 23 51 55 83 36 22 23 67 64 66 73 92 29 30 41
83 85 88 8 29 26 33 52 45 35 24 22 69 68 53 82 43 7 29 43
31 75 64 1 32 33 32 23 77 88 26 27 34 33 0 84 86 6 3 5
26 47 67 70 22 59 69 22 26 24 25 26 77 0 51 40 89 96 99 22
27 25 27 67 24 23 70 24 27 23 26 78 10 21 29 41 1 99 100 98
26 29 5 32 24 13 69 24 22 20 20 60 1 35 32 2 4 100 98 100
27 26 27 29 27 28 46 27 21 7 5 4 3 33 71 95 97 99 99 97
81 80 24 22 25 74 72 33 19 9 7 7 6 4 3 96 73 97 55 21
45 53 13 54 17 80 82 84 16 19 97 96 45 53 88 87 89 50 48 66
70 71 16 15 14 11 61 22 22 22 99 96 20 94 63 67 13 50 47 43
84 70 17 17 14 65 42 83 19 20 94 66 2 5 65 67 30 27 45 0
51 53 55 53 13 11 10 85 42 60 100 66 71 65 66 68 69 86 70 44
59 25 82 80 12 14 16 86 39 89 62 68 68 68 2 98 98 3 90 44
52 25 79 40 15 15 18 62 62 61 56 50 4 2 0 28 6 53 53 42
53 33 11 76 83 15 48 76 79 3 55 53 44 100 45 47 4 61 64 67
71 74 99 79 82 82 98 97 22 0 34 41 42 43 45 47 2 80 64 70
72 71 46 13 59 72 88 48 4 1 4 57 47 41 43 41 4 32 59 77
10 34 83 86 75 85 88 71 82 79 17 74 7 41 42 42 67 69 59 62
20 20 100
58 26 15 75 44 61 73 78 88 24 46 69 55 43 41 80 2 59 49 43
23 41 15 38 19 43 62 81 2 86 76 19 77 27 25 30 61 68 74 79
39 38 48 93 83 90 73 20 31 2 55 42 50 83 38 57 7 82 81 18
31 83 24 15 6 38 75 70 8 76 79 46 35 75 27 96 83 45 93 34
75 72 31 81 56 9 93 82 63 55 94 54 76 29 85 58 99 14 34 34
75 94 27 52 11 14 40 30 32 26 34 74 30 37 25 70 81 1 79 83
64 96 54 2 84 99 1 62 0 3 92 3 7 94 26 99 55 43 50 87
37 95 68 56 44 62 72 23 79 24 89 43 88 34 91 64 76 26 37 75
27 69 51 96 75 71 23 74 69 22 28 42 19 55 82 1 20 6 85 41
5 0 17 0 27 26 35 89 59 47 63 72 36 77 80 27 39 4 64 86
14 68 85 36 65 37 76 79 25 84 80 49 30 46 25 11 23 8 36 56
51 46 12 33 38 20 4 91 39 22 91 26 48 10 73 96 44 44 72 62
99 3 1 17 6 1 23 47 41 60 52 91 88 35 49 72 60 63 29 41
54 84 88 14 23 30 66 61 54 20 39 51 97 47 61 88 40 22 31 24
99 97 61 99 18 40 4 67 99 16 70 12 77 7 59 55 57 18 70 81
84 89 64 26 20 34 39 9 37 40 77 38 70 47 56 81 68 67 0 70
30 42 74 3 88 84 80 17 51 35 9 32 0 83 43 98 82 42 26 69
82 95 73 75 26 42 2 99 59 42 56 68 19 36 7 12 75 87 27 75
3 62 100 0 43 67 43 67 90 9 80 30 13 54 89 38 95 44 19 78
72 76 65 61 10 90 98 78 17 80 43 98 46 14 71 16 72 21 18 35
20 20 50
23 5 87 59 21 71 24 4 46 59 96 54 51 46 49 85 82 37 5 55
0 26 74 63 85 19 30 70 73 100 2 31 1 75 54 41 83 50 19 44
18 45 55 92 79 37 81 42 49 50 80 74 34 56 100 27 53 28 15 8
81 100 10 75 61 86 34 35 76 2 12 20 89 67 58 99 77 40 35 50
40 75 13 54 45 79 3 71 22 52 60 35 19 1 21 26 50 13 69 79
54 39 63 24 15 86 48 34 34 48 11 0 29 31 79 86 99 89 39 91
23 43 88 32 50 81 68 28 45 70 33 31 58 60 48 82 75 65 83 58
4 24 95 9 37 52 65 95 0 71 98 76 39 85 25 19 85 72 26 14
37 33 61 40 100 27 56 41 43 19 21 95 48 70 81 22 65 37 23 32
74 66 34 46 30 6 72 1 71 38 70 32 34 1 79 53 8 87 96 74
95 36 40 53 67 53 30 55 47 28 37 14 27 71 23 50 89 11 46 11
6 28 20 5 97 7 67 58 1 45 76 14 47 34 83 35 39 54 48 41
82 73 94 65 25 68 19 9 20 37 54 44 8 52 6 2 32 91 38 39
22 70 72 89 75 72 67 30 46 60 31 25 16 12 26 1 78 98 57 62
24 99 88 89 66 91 24 68 48 10 43 24 8 99 40 39 71 24 3 57
29 45 94 12 100 78 74 23 69 58 76 30 11 54 55 80 68 50 2 21
10 93 93 86 91 10 29 12 32 3 73 98 15 32 49 64 54 83 89 63
28 28 73 85 8 80 4 54 18 69 25 41 2 19 21 47 1 53 45 47
71 82 16 30 15 47 29 77 46 36 48 83 88 96 92 98 38 85 41 20
24 27 11 40 5 42 61 59 34 37 6 24 22 6 79 25 73 34 14 20
20 20 8
28 35 37 39 9 95 54 86 92 91 83 92 19 80 86 90 89 79 98 100
34 42 44 16 11 74 48 40 35 82 81 79 44 40 75 89 96 100 100 82
21 72 11 11 15 75 97 35 85 88 82 26 28 33 79 90 93 95 35 88
14 21 14 16 11 4 59 27 82 92 89 78 20 29 20 26 16 8 27 27
8 13 0 21 3 7 12 7 76 95 88 12 20 25 23 26 99 9 11 83
67 34 95 11 4 66 50 48 34 29 87 17 15 20 43 39 36 7 69 72
63 27 85 4 42 53 17 53 95 75 94 57 20 32 7 31 34 26 7 79
22 24 88 11 16 56 35 43 93 98 99 27 27 33 1 33 39 35 59 54
96 19 88 67 68 11 39 36 95 83 42 68 3 53 67 11 13 29 2 67
24 25 22 69 60 15 8 93 94 89 11 7 10 7 12 13 6 9 2 93
60 54 82 75 61 19 16 15 92 66 46 0 2 6 9 6 11 7 28 79
58 10 77 70 26 33 40 41 96 72 72 56 82 86 97 7 16 24 66 54
62 73 66 32 26 30 44 46 52 80 71 73 79 84 73 67 18 55 92 99
60 72 29 25 58 58 7 39 72 45 47 47 87 96 77 71 94 87 88 100
17 26 78 74 62 60 99 42 66 92 65 45 91 93 66 68 90 85 80 92
53 68 64 60 59 61 53 9 70 71 86 26 92 96 67 14 9 93 88 61
53 55 61 11 67 71 73 32 25 68 94 86 10 12 64 98 20 28 20 27
82 82 57 77 64 64 77 27 31 86 88 80 33 47 64 56 22 31 27 33
71 69 81 76 74 8 80 49 35 30 95 89 83 4 75 56 23 23 22 19
65 98 73 68 49 51 4 52 60 56 78 18 31 7 59 55 57 54 32 24
20 20 29
63 93 56 4 75 57 68 34 15 27 49 24 63 21 48 18 5 26 20 49
88 4 29 7 74 47 68 63 47 64 92 37 92 89 62 67 69 67 58 53
23 22 46 71 5 48 59 71 77 8 31 10 26 75 60 86 94 8 37 64
72 87 17 59 24 16 2 25 74 24 92 80 65 54 64 28 65 36 94 91
58 46 35 72 25 88 61 29 50 8 99 88 78 57 39 21 20 49 36 63
52 4 78 13 0 77 58 54 25 28 20 19 12 35 77 81 41 42 11 89
87 61 74 10 32 3 44 34 40 0 40 72 21 40 6 26 36 56 60 57
57 65 11 99 47 22 69 88 19 45 38 36 49 88 10 21 38 40 28 67
23 80 97 79 57 32 87 51 47 62 68 100 47 64 7 11 97 19 98 79
91 71 47 62 80 98 20 39 76 69 80 98 35 1 14 55 76 47 80 52
87 97 39 45 49 21 36 8 36 2 78 24 5 1 18 99 4 22 80 89
80 69 46 10 27 68 62 77 91 83 66 62 7 10 31 49 64 63 98 52
74 40 26 21 60 85 12 21 89 10 41 91 43 41 56 43 68 85 90 18
78 96 35 69 78 60 34 31 67 93 99 16 35 41 34 47 51 69 32 24
50 11 40 82 51 33 48 55 9 71 94 88 28 15 81 58 29 26 15 76
76 20 26 47 74 77 18 77 40 3 3 66 88 73 71 73 9 14 34 66
59 28 9 37 54 23 40 48 55 64 82 38 77 84 61 10 11 3 39 52
55 48 35 40 40 37 58 71 60 74 93 18 82 85 99 0 5 36 27 23
78 89 24 45 3 84 75 90 20 64 98 99 11 13 34 15 43 37 13 52
84 95 98 74 5 3 57 71 4 22 12 25 29 68 23 90 52 25 39 24
20 20 66
55 4 89 95 47 44 10 50 19 61 99 59 4 25 13 73 45 40 54 17
78 86 9 62 81 73 74 49 35 82 5 1 46 81 48 45 32 54 66 35
47 68 21 67 29 73 38 78 18 91 77 58 79 67 74 14 75 28 54 17
60 48 67 15 71 48 19 99 50 67 61 16 12 59 55 95 80 90 11 47
72 94 36 98 59 93 27 80 28 45 9 11 49 44 46 55 83 83 38 16
51 72 3 44 61 56 13 28 2 60 38 33 44 52 94 93 66 93 72 13
79 48 11 32 28 3 62 10 62 80 67 34 93 66 91 81 59 100 63 47
43 67 80 43 41 20 48 32 34 43 30 58 17 20 10 52 97 60 94 80
32 14 25 14 59 26 37 45 95 81 4 83 88 49 85 31 87 22 1 2
55 71 42 85 68 16 56 41 18 12 84 52 28 30 78 36 82 67 80 95
42 57 57 51 32 61 9 30 39 21 27 30 32 58 69 88 62 55 41 94
3 26 78 66 99 74 66 4 20 54 86 50 21 55 68 75 0 32 2 33
65 79 82 39 54 25 62 89 45 48 45 75 65 4 87 77 35 57 77 45
45 22 22 32 30 15 61 21 81 29 68 25 63 44 86 62 8 42 33 54
94 37 11 69 67 24 97 51 78 77 33 39 74 95 5 4 26 73 94 23
59 70 10 39 81 45 82 19 77 72 57 45 87 42 4 2 71 31 32 42
19 49 37 83 54 23 48 42 85 39 99 91 33 78 58 22 76 13 33 49
78 29 31 21 64 36 43 70 85 16 46 61 81 68 40 3 63 6 41 20
76 25 24 13 19 4 32 65 42 30 11 24 18 51 14 2 87 63 91 80
9 60 33 12 73 32 68 32 87 41 37 37 3 20 26 10 75 41 32 82
20 20 45
45 45 90 73 44 36 71 77 81 52 42 8 40 18 60 72 69 1 43 68
9 93 9 14 57 55 56 91 98 61 28 19 1 3 24 48 97 55 39 78
8 88 22 42 56 84 41 12 23 79 77 66 79 15 33 73 33 89 47 16
69 66 22 37 93 89 63 86 19 64 97 38 20 19 61 52 32 75 10 30
94 32 40 71 58 19 54 73 68 85 59 14 57 47 81 88 75 65 59 30
16 58 13 33 41 37 70 62 34 68 32 4 48 28 67 48 34 85 20 3
58 53 20 65 77 32 52 21 28 79 66 1 44 75 63 37 28 85 4 37
75 10 16 42 58 6 64 59 36 72 57 31 35 31 93 30 0 64 24 30
66 35 85 45 40 17 23 14 14 12 4 15 15 14 69 34 92 11 9 42
55 76 76 31 43 78 67 15 11 88 94 63 44 52 62 50 94 51 95 47
30 72 38 70 57 39 45 19 36 50 44 45 97 69 62 80 97 57 28 71
77 68 9 20 83 31 79 80 86 76 69 73 60 85 79 57 73 82 96 66
46 79 42 94 90 83 81 92 96 90 48 29 31 54 53 72 17 2 72 82
70 92 29 90 24 50 50 44 93 98 54 58 14 31 62 75 47 2 16 43
90 56 45 86 89 10 76 39 74 76 74 33 46 51 94 59 6 14 9 23
6 87 62 79 83 16 51 85 87 86 41 22 50 48 78 6 54 31 68 48
13 0 64 91 51 47 5 73 60 98 66 56 18 99 25 29 98 28 88 66
32 82 30 22 7 59 34 87 48 73 50 3 7 42 40 11 39 63 67 19
20 74 58 72 85 5 21 19 46 71 60 36 7 10 75 74 36 71 98 8
10 87 70 100 67 20 14 40 43 15 45 16 10 20 11 17 90 41 49 28
20 20 10
8 38 9 0 15 6 14 9 3 35 7 10 21 32 25 90 81 61 58 64
7 31 7 1 2 11 3 4 3 45 16 71 100 10 18 18 84 42 66 62
53 76 70 78 22 90 95 98 73 81 73 60 31 33 27 19 10 10 40 66
12 21 76 39 13 27 59 22 27 58 44 55 79 39 93 43 4 36 43 46
17 12 20 15 13 18 63 12 23 47 52 62 54 1 2 11 12 9 39 49
37 71 20 97 22 43 67 60 59 54 60 67 74 71 69 6 0 9 1 47
39 70 38 95 78 60 77 56 67 65 63 62 78 68 64 11 1 10 0 51
44 91 91 85 71 8 58 63 68 63 73 13 4 34 34 18 23 28 1 13
54 84 82 57 58 8 68 61 100 89 88 91 87 4 94 89 0 20 89 8
23 25 26 8 11 65 14 88 92 90 94 97 98 21 0 98 92 31 39 4
14 24 25 19 56 82 87 85 91 88 98 61 68 11 16 94 87 26 41 31
6 26 27 55 85 81 11 60 67 2 5 58 59 64 55 14 56 40 37 42
19 64 17 62 75 78 72 70 20 16 14 92 91 40 63 39 31 35 29 89
26 34 93 83 80 71 19 76 21 19 24 14 11 13 22 42 9 25 40 33
2 0 10 93 70 48 78 66 42 13 12 15 14 31 91 87 19 21 48 7
56 1 27 9 69 71 69 19 47 47 2 12 52 95 88 78 72 59 56 2
6 5 14 23 33 16 37 67 69 55 58 12 61 55 53 50 38 69 64 36
10 24 10 91 90 14 22 72 72 65 64 98 25 47 29 26 34 42 39 36
76 15 25 5 2 28 68 71 81 91 5 34 34 38 29 24 34 40 42 60
85 62 68 11 87 2 9 21 40 19 9 70 24 77 4 9 36 58 70 43
20 20 1
70 56 3 4 5 4 56 84 7 98 49 49 56 30 25 25 24 75 75 82
71 33 67 66 90 5 56 50 49 48 48 31 30 29 91 25 25 52 18 17
71 34 35 56 56 16 15 51 48 47 47 31 31 30 91 87 26 51 19 62
69 69 56 57 15 15 16 72 4 3 83 82 30 29 91 86 72 51 65 34
25 27 28 14 77 54 16 8 76 77 83 84 60 61 97 85 15 76 75 46
26 75 27 13 98 53 75 8 42 77 46 74 61 54 0 85 16 82 3 46
91 40 11 13 99 52 76 38 37 53 60 57 83 83 85 84 83 57 25 24
61 39 17 39 63 62 8 38 34 55 59 21 72 74 41 42 63 1 24 25
37 71 70 70 72 61 13 99 97 55 22 22 16 29 29 42 39 12 44 44
73 28 14 27 32 62 63 8 9 56 91 23 100 32 63 42 10 78 44 44
47 19 13 51 62 61 60 30 25 71 45 23 96 18 18 9 10 11 78 44
82 18 14 50 60 61 61 61 62 71 45 3 3 2 90 54 10 10 11 44
82 19 14 50 87 81 81 61 50 70 74 85 84 83 83 29 16 42 41 97
81 19 18 17 86 75 76 27 24 70 80 68 57 20 40 41 40 41 32 32
50 50 49 28 77 76 23 26 25 34 39 39 38 39 40 39 100 71 2 13
49 50 34 29 77 47 69 69 39 58 39 38 38 18 98 40 99 42 96 97
49 48 48 48 47 47 48 49 46 36 7 37 39 40 98 98 97 92 91 15
49 48 49 49 48 47 47 45 46 36 14 36 100 100 99 6 60 58 89 99
50 49 50 7 49 48 47 87 36 37 45 35 34 60 98 98 98 91 90 90
45 49 49 41 50 50 51 91 35 36 35 35 35 67 93 7 89 89 89 89
20 20 4
30 52 37 48 73 48 48 78 48 3 5 28 19 68 12 57 58 62 80 42
95 61 40 44 44 46 50 52 52 4 9 25 23 20 16 54 61 68 80 1
78 52 75 45 43 45 46 30 40 78 79 21 17 21 16 19 65 78 77 0
79 81 78 12 52 49 46 76 77 76 76 40 41 37 16 20 66 1 2 60
4 41 40 81 74 76 72 78 75 54 51 34 38 40 79 76 61 29 89 92
74 21 24 32 29 90 76 68 71 58 94 63 29 27 79 83 24 27 89 60
19 24 25 31 4 49 23 24 69 56 90 83 24 0 85 81 30 28 56 59
84 28 9 28 49 49 51 99 56 54 1 100 22 13 69 80 27 27 53 53
41 28 32 100 97 59 63 59 80 15 2 60 0 1 68 38 88 88 56 13
37 38 20 98 98 97 16 5 47 23 67 71 74 4 1 35 10 8 13 81
29 28 31 96 7 14 17 98 49 52 52 70 73 3 39 35 14 63 82 72
33 28 30 55 81 10 19 94 45 45 49 78 77 31 35 39 38 65 92 89
35 31 29 54 39 37 84 68 33 31 33 36 79 43 53 49 34 64 28 32
36 32 87 56 17 39 81 23 25 27 32 32 69 56 53 41 31 13 13 46
66 55 17 53 51 15 11 15 29 30 32 36 93 29 49 20 35 19 20 49
19 48 50 26 22 12 81 3 77 27 47 38 92 33 46 16 13 11 15 11
43 14 99 61 89 81 7 6 3 74 24 21 90 12 77 89 63 33 99 59
46 97 38 64 66 62 33 4 4 6 24 24 89 13 81 91 21 53 53 49
69 85 38 67 7 87 30 31 23 24 23 24 13 17 81 84 95 93 97 30
10 8 9 7 82 27 30 88 24 0 91 87 17 14 78 38 42 91 31 2
20 20 39
43 42 12 37 41 58 93 62 40 43 43 10 18 51 65 63 73 63 64 32
20 13 27 46 85 70 69 30 33 29 59 52 34 9 38 35 68 29 31 13
14 63 1 66 71 49 34 39 2 59 48 24 0 31 1 31 22 34 9 21
13 40 52 87 26 35 58 25 61 94 86 37 87 53 79 79 57 25 8 23
88 39 44 18 12 0 82 74 90 8 54 60 54 50 90 24 100 27 91 11
95 74 44 27 22 36 51 71 76 52 46 79 79 91 94 98 90 80 88 4
12 73 46 44 81 50 0 28 22 75 90 82 49 96 78 72 79 78 97 73
42 96 68 60 50 67 69 40 55 57 99 82 73 48 60 14 57 45 44 8
27 29 58 4 29 37 19 84 56 33 77 89 93 48 65 25 11 59 67 42
28 13 53 45 47 20 99 50 46 33 91 82 58 34 2 37 49 79 35 38
66 51 17 44 43 88 42 94 93 75 43 76 74 2 4 53 60 52 16 27
49 73 48 53 66 56 60 91 66 36 45 51 99 75 94 59 78 33 0 68
7 94 18 84 67 50 80 66 6 4 63 73 22 51 66 72 73 40 73 91
88 19 63 83 55 70 95 48 43 72 49 69 30 45 85 59 49 14 47 69
71 67 82 94 77 68 99 87 88 88 25 53 31 34 14 66 22 62 1 37
67 26 49 98 71 93 11 97 63 88 65 23 60 55 57 3 9 6 88 23
78 17 74 68 86 82 91 63 55 22 33 53 32 87 86 55 39 22 80 38
90 56 79 86 36 63 93 0 55 33 98 83 29 35 3 48 26 27 15 5
68 31 55 26 11 20 86 89 22 18 39 62 67 60 84 48 18 1 85 40
72 3 71 0 45 76 89 64 41 4 25 75 100 63 68 28 56 74 75 98
20 20 69
1 98 91 83 7 31 28 50 71 66 85 5 65 64 80 65 0 68 66 61
9 59 81 92 28 76 18 37 9 24 44 6 28 75 78 52 49 71 22 6
18 77 14 95 79 30 38 8 51 18 33 52 97 48 6 40 78 72 12 30
59 33 98 89 83 36 81 85 15 64 74 35 78 8 22 77 48 26 48 16
33 93 4 87 26 75 31 38 4 23 9 79 99 75 40 31 27 4 34 68
19 10 26 46 46 77 35 52 100 83 47 46 68 81 58 13 42 23 53 11
38 12 42 78 9 51 22 64 42 9 21 51 80 81 98 83 94 19 63 10
0 47 86 99 53 91 88 79 22 14 57 43 69 85 25 39 41 19 78 2
70 51 13 77 97 12 70 19 38 24 80 99 39 41 50 37 93 86 87 42
10 67 99 8 29 17 3 10 31 18 38 88 21 71 53 46 79 63 55 28
50 75 97 38 72 82 74 30 76 23 98 36 0 95 63 73 26 89 87 15
96 60 89 85 35 21 56 68 29 46 43 21 70 33 30 37 17 72 32 89
64 21 20 31 27 25 71 7 70 79 30 19 39 8 63 24 28 48 63 42
19 55 59 91 65 24 66 72 96 50 36 6 74 33 88 26 58 37 22 40
6 12 25 4 72 22 98 75 39 16 64 25 81 76 31 95 41 52 0 10
16 63 95 88 66 45 50 92 21 39 2 9 17 96 97 2 50 77 90 56
81 3 48 65 7 88 65 51 47 2 21 56 85 99 43 61 42 75 97 47
52 51 18 44 38 75 47 78 78 8 31 37 58 93 58 13 78 43 29 61
78 41 67 57 4 84 7 75 77 13 55 19 48 97 57 11 82 92 81 24
24 70 54 18 8 62 32 10 50 68 68 8 40 55 60 50 8 35 100 8
20 20 93
100 85 92 75 9 5 16 58 17 37 73 39 0 55 95 53 52 87 80 30
68 7 46 46 31 47 56 42 67 2 66 25 27 82 5 100 59 87 13 71
54 79 53 38 80 33 8 4 99 5 3 21 30 67 81 72 67 82 57 29
95 21 99 75 70 22 39 59 38 4 21 87 82 2 72 10 99 6 21 6
51 80 63 48 10 40 36 61 80 80 39 96 13 2 83 60 82 51 30 83
28 95 22 54 59 22 67 69 30 18 37 61 43 59 71 87 43 5 75 7
66 68 83 98 42 37 27 40 49 95 55 55 92 22 37 11 93 73 41 19
38 49 42 38 21 24 63 85 5 46 11 91 4 94 41 43 15 80 29 31
20 34 23 29 50 57 46 78 19 86 76 15 84 29 27 47 24 46 18 65
92 76 79 26 49 95 55 23 50 4 82 83 68 36 45 87 84 92 64 40
96 1 13 58 73 86 74 91 97 25 100 58 70 0 2 50 18 77 61 16
3 13 96 6 25 35 29 47 87 68 7 69 24 37 21 97 39 63 32 43
2 31 45 92 28 52 29 27 11 66 30 29 0 83 42 33 69 60 61 82
60 96 99 92 52 76 59 11 8 55 66 75 42 17 97 40 25 16 4 71
31 22 66 69 20 88 89 14 50 0 68 32 35 50 9 29 70 23 57 28
96 44 23 59 0 88 64 22 6 77 17 82 55 97 31 63 10 62 21 60
42 15 43 63 82 83 58 47 38 1 28 18 79 86 64 67 67 93 75 56
42 68 63 32 95 50 43 2 63 60 50 41 41 58 34 41 18 25 14 49
35 64 77 34 43 2 21 49 17 36 35 20 89 99 5 20 36 4 64 39
47 89 33 0 88 13 74 93 88 97 20 8 4 54 88 12 71 42 64 19
20 20 3
83 69 69 66 63 58 88 88 90 100 14 44 13 90 93 93 24 25 49 64
72 94 71 88 63 60 59 42 22 23 32 33 13 100 53 69 22 25 49 94
14 16 59 86 79 48 45 29 27 26 29 56 90 100 28 31 34 30 6 3
40 47 61 89 1 46 54 100 26 28 79 28 81 83 28 48 37 33 31 83
60 58 58 86 4 9 7 97 29 27 24 31 42 39 98 57 24 35 28 26
20 60 61 65 52 54 83 81 26 26 26 29 82 98 100 60 57 12 28 17
60 91 63 2 52 51 49 50 25 38 91 36 70 42 99 7 9 12 38 16
25 41 64 13 70 33 46 49 94 36 90 87 68 1 16 17 74 10 20 18
27 43 97 49 68 71 44 47 95 35 61 1 1 5 67 48 1 39 22 1
41 44 50 52 33 79 88 88 92 71 64 72 3 2 1 4 2 38 38 1
46 46 49 50 31 89 87 87 9 72 45 85 83 80 1 11 14 74 39 67
59 96 61 58 33 33 33 91 71 69 72 80 82 2 4 15 70 71 42 36
30 60 60 59 25 100 98 28 74 74 77 78 80 6 4 40 6 55 16 16
1 42 81 28 27 44 98 0 71 52 79 80 77 95 29 89 88 52 55 54
3 14 15 17 47 42 99 92 72 70 81 11 92 5 91 88 69 91 88 91
15 12 14 98 44 45 44 95 92 73 44 99 70 70 78 89 67 93 89 86
22 14 60 41 42 100 41 96 93 88 42 97 32 51 69 67 64 90 90 16
21 19 19 20 41 42 69 98 91 15 15 33 35 74 34 31 64 56 44 44
25 22 23 45 43 93 96 99 22 41 17 31 28 23 32 58 81 7 46 41
10 52 23 44 42 91 97 32 23 24 24 33 50 17 72 82 83 85 46 41
20 20 8
57 61 55 19 6 23 69 74 78 26 6 99 71 75 83 3 82 11 41 42
83 78 79 50 45 23 10 73 31 31 34 37 95 3 100 99 28 49 42 48
86 85 34 46 41 43 66 66 21 75 27 59 68 71 69 71 36 29 13 19
78 41 46 31 37 50 70 32 73 43 40 18 17 26 53 15 18 16 10 25
25 49 42 50 42 43 46 37 42 41 38 25 18 22 27 25 34 42 44 32
92 9 2 60 59 38 24 45 41 70 35 23 29 20 19 26 35 5 13 18
22 9 70 6 13 26 43 58 51 38 40 17 23 23 16 23 21 75 32 25
18 97 96 2 14 20 28 8 100 38 30 11 82 76 3 16 10 100 95 16
28 97 94 30 94 92 95 97 96 42 37 73 42 70 5 24 16 67 0 11
97 55 56 29 96 89 96 90 48 42 73 77 37 85 76 4 8 1 4 3
50 52 94 48 100 47 54 82 90 41 34 84 78 85 58 50 2 77 4 5
91 93 89 94 100 54 25 61 55 48 49 11 16 77 65 43 95 70 2 8
96 94 55 31 5 56 11 58 53 71 36 44 28 63 65 100 59 74 59 53
94 90 84 15 13 56 22 88 74 16 19 2 52 59 63 80 78 70 92 58
86 81 88 17 10 44 22 68 74 72 5 90 60 60 65 71 73 13 97 94
8 0 40 48 28 85 55 59 51 76 79 62 65 57 69 65 60 9 1 89
3 1 8 95 99 92 87 57 50 53 45 0 59 65 64 64 66 15 21 41
8 8 50 3 5 44 39 45 55 47 63 7 58 65 94 30 64 61 67 100
19 23 57 80 3 33 31 38 32 43 40 59 54 66 3 58 53 68 67 65
30 26 61 58 54 28 27 35 34 46 45 54 59 51 58 56 52 68 67 71
20 20 6
56 61 19 24 78 78 80 82 19 60 60 86 90 25 45 6 8 13 28 26
77 65 65 76 72 73 13 9 1 54 56 54 35 30 84 2 5 12 10 64
53 65 60 61 68 74 77 2 5 64 58 53 66 24 82 78 80 17 11 94
53 53 56 66 68 11 79 16 44 50 53 58 37 37 79 76 75 22 13 95
57 15 62 92 53 90 86 64 49 17 57 44 43 70 70 18 24 82 86 83
85 14 64 63 66 6 6 55 14 15 43 46 41 62 24 30 5 80 85 79
0 51 39 65 54 55 91 59 14 4 10 29 30 59 20 23 18 50 87 22
4 35 34 55 55 0 22 50 53 92 58 62 54 49 55 61 7 96 91 21
34 32 34 51 51 57 54 48 48 54 55 68 62 64 55 60 62 60 31 24
33 35 40 0 33 0 11 52 49 52 37 57 25 23 58 60 92 25 25 24
85 11 46 97 92 72 17 69 65 77 76 47 49 51 42 5 6 25 21 39
61 20 15 96 100 97 11 50 56 68 29 50 66 65 72 38 17 20 16 91
78 83 88 66 99 64 93 77 78 69 68 73 76 71 74 79 17 2 8 97
71 10 56 60 61 19 88 77 72 67 65 60 57 19 12 44 27 12 80 0
74 48 50 60 57 62 21 50 69 70 25 24 60 3 93 39 58 57 27 24
81 79 31 94 56 63 69 50 59 52 42 43 98 2 30 38 56 61 61 15
85 19 20 58 59 41 81 22 17 18 72 49 66 64 59 59 8 60 81 80
97 92 18 41 60 58 69 22 19 62 70 73 89 64 64 62 66 60 38 78
56 60 13 20 55 49 54 81 90 39 43 89 87 87 87 85 32 34 10 5
91 28 11 46 52 43 14 34 94 83 99 95 14 83 86 82 31 32 4 11
20 20 7
21 90 91 38 34 92 51 58 59 99 83 52 56 24 21 64 71 88 43 36
42 38 38 69 39 99 70 78 69 70 77 57 52 26 27 73 68 100 34 34
14 35 31 65 61 89 92 90 94 99 79 85 37 33 34 9 3 28 31 86
14 28 96 72 59 2 90 97 49 92 43 86 85 56 93 26 57 99 65 93
49 24 48 4 59 63 83 50 6 92 49 5 64 62 67 31 63 67 72 71
50 46 88 37 33 87 84 46 14 48 56 63 61 68 58 74 80 14 67 34
68 26 31 32 6 11 7 51 8 57 60 84 68 51 19 39 57 53 39 41
72 56 50 50 96 7 14 14 14 100 35 83 89 54 99 98 64 85 12 53
15 62 57 98 95 99 58 29 16 21 16 86 85 59 15 13 59 68 98 8
7 63 68 62 62 62 56 51 51 88 12 75 66 63 20 19 5 12 7 6
3 57 62 6 64 59 64 61 67 68 63 41 1 7 14 19 12 14 8 1
2 58 60 89 62 35 65 67 19 23 25 12 8 0 19 9 2 18 8 4
99 93 85 88 77 22 70 18 30 34 51 52 12 10 7 73 0 6 1 5
38 93 80 85 92 37 54 25 25 31 31 77 8 15 2 2 0 3 3 11
87 92 91 17 12 10 7 1 28 31 17 35 4 8 3 7 3 8 4 2
19 25 22 22 7 23 0 0 54 10 8 14 75 67 61 12 13 19 17 93
57 0 26 25 53 89 83 94 87 88 5 90 45 64 61 27 3 91 86 96
54 26 16 22 59 83 88 91 87 85 76 61 72 82 54 29 6 8 80 59
61 29 24 23 29 34 72 76 89 91 76 62 66 54 59 22 15 7 52 52
29 15 20 18 15 41 72 83 11 55 90 92 66 58 57 53 28 29 47 77
20 20 9
84 80 83 91 93 91 58 61 10 48 73 69 84 30 34 91 41 80 79 44
67 12 11 93 85 61 80 86 12 21 78 76 84 82 85 92 49 88 86 30
59 10 83 87 35 80 87 89 82 80 79 76 89 74 80 87 93 96 37 85
54 47 58 28 35 27 7 21 94 61 72 100 0 67 93 40 98 31 22 15
64 56 50 70 73 25 24 12 59 28 75 4 7 77 93 92 97 35 43 12
95 92 89 89 3 27 25 55 47 56 33 97 4 23 54 91 83 59 3 4
97 87 27 22 7 52 51 60 52 97 31 40 38 25 60 88 83 89 12 2
78 62 19 13 22 100 59 98 3 11 29 91 86 21 68 95 89 91 4 11
55 89 92 1 4 92 60 91 68 73 64 73 81 23 62 93 98 98 91 4
60 56 94 7 7 23 3 93 99 75 67 39 32 31 15 35 34 89 31 26
18 34 13 10 31 24 24 17 14 8 64 98 67 26 43 34 40 87 19 35
69 16 10 14 91 91 27 35 18 76 57 58 68 59 50 54 34 87 88 94
75 75 66 74 91 80 1 59 67 49 24 11 49 53 3 42 86 56 91 90
74 70 63 74 19 85 71 65 60 56 56 18 90 64 48 9 49 66 67 21
22 56 64 66 40 80 75 61 55 47 16 10 3 0 57 10 9 60 58 30
15 19 63 57 96 10 5 41 75 43 42 2 0 1 8 23 81 59 63 1
90 26 40 12 88 41 52 44 36 41 73 4 62 77 62 89 2 3 59 3
42 25 80 90 95 70 63 60 85 94 48 6 59 82 73 91 1 13 66 27
38 30 33 13 25 47 44 35 82 71 49 47 50 15 78 88 12 6 33 42
29 24 19 55 27 34 40 32 20 13 27 67 61 62 72 28 59 42 41 44
20 20 8
7 70 19 21 37 34 56 63 74 26 32 32 76 21 28 31 74 70 94 85
56 62 12 35 45 46 94 68 77 25 27 21 27 24 79 85 91 43 91 89
36 58 5 6 23 44 87 95 64 56 72 15 21 18 83 77 92 90 83 84
36 65 3 96 90 98 72 73 92 86 83 75 88 82 78 77 49 30 42 86
4 1 7 22 86 93 38 40 86 78 80 73 74 69 76 2 4 32 60 61
17 83 90 23 92 100 66 62 10 16 75 96 80 85 82 77 69 76 76 53
27 81 95 43 14 15 7 85 2 61 50 45 97 78 47 39 53 72 59 46
33 8 69 31 16 41 27 33 45 52 58 84 66 61 8 14 57 21 16 52
71 93 98 96 9 98 91 39 7 54 61 77 72 64 16 18 26 19 55 45
47 50 43 9 3 30 88 30 32 61 55 54 96 17 21 16 34 33 59 63
44 37 38 3 12 81 89 34 64 54 58 90 89 30 27 13 41 34 31 23
43 37 42 10 15 21 15 8 90 94 88 88 95 30 35 91 3 4 92 92
35 37 35 6 36 11 93 75 67 75 97 96 66 22 29 1 8 13 11 19
83 74 4 6 7 16 36 77 69 70 100 78 75 86 27 22 39 34 57 28
4 10 92 11 5 19 75 38 39 66 48 27 35 87 88 95 14 41 53 92
12 100 27 23 91 93 100 100 47 68 16 87 38 96 11 34 29 44 96 99
7 95 90 29 29 82 21 78 55 26 31 6 8 84 83 31 36 43 0 86
58 32 29 61 73 83 78 81 88 71 76 10 17 18 42 40 84 42 36 63
64 45 41 62 66 58 85 78 80 14 8 10 22 22 36 40 72 79 26 59
87 38 68 62 59 65 34 96 29 39 14 13 29 39 88 87 79 46 15 20
20 20 23
36 64 68 57 26 72 12 60 40 46 83 76 81 41 29 45 22 25 6 7
53 59 10 80 15 12 13 38 5 81 80 59 34 34 16 39 8 37 53 48
38 16 50 44 21 38 15 45 43 51 31 32 56 29 94 96 99 15 35 53
46 10 27 45 37 80 24 40 21 34 46 96 80 29 88 99 4 0 56 70
29 27 13 34 84 69 26 47 41 62 78 14 23 43 17 26 24 22 43 23
3 47 21 13 25 5 36 54 29 44 44 16 21 41 51 49 18 45 7 6
16 13 81 17 21 12 50 50 85 36 33 19 1 23 70 89 27 97 30 14
38 6 78 61 30 38 42 95 83 84 49 14 49 78 3 16 40 83 15 12
46 23 34 38 41 50 94 96 77 68 62 81 68 99 4 6 81 3 7 27
37 24 17 58 45 88 53 100 95 1 74 56 69 49 10 5 66 49 58 85
16 1 35 39 17 1 61 99 89 9 94 91 93 42 31 11 26 48 60 64
89 60 54 44 15 62 85 78 67 84 72 96 12 42 42 84 66 65 65 17
30 81 6 78 4 71 63 55 79 82 66 50 5 65 44 78 78 62 73 27
26 41 34 82 98 85 88 69 80 20 72 64 1 68 72 74 95 97 81 76
48 3 99 94 86 95 93 74 87 49 68 69 7 65 77 52 40 71 92 77
32 35 80 63 95 36 51 29 80 64 55 35 96 81 87 85 35 85 81 33
64 58 59 51 56 49 47 39 16 17 98 75 89 65 32 85 99 94 82 49
81 79 61 62 57 6 62 55 14 30 52 6 94 65 4 43 100 37 6 0
85 70 66 79 95 27 26 39 97 84 24 28 10 42 22 1 86 69 74 57
81 82 71 93 27 72 33 91 50 39 42 58 73 81 89 95 75 55 15 80
20 20 14
61 60 89 25 63 63 19 7 8 36 39 28 64 18 95 38 48 44 43 79
44 94 86 26 11 16 15 2 3 38 85 42 54 48 91 46 51 32 22 23
77 16 15 10 22 76 71 6 28 79 58 39 45 40 29 43 27 30 40 24
95 69 2 12 17 72 62 16 89 88 61 87 1 8 97 44 25 17 58 45
98 10 13 15 93 52 8 6 10 74 90 26 1 48 18 46 26 20 22 47
69 52 6 1 20 38 1 89 96 43 45 21 13 38 32 43 30 16 53 39
66 57 46 11 22 96 5 67 80 44 58 34 21 30 5 1 25 18 41 51
21 93 97 21 15 26 2 38 90 82 69 36 94 13 0 4 35 25 27 84
93 3 71 62 99 91 43 49 98 93 82 19 56 51 54 51 57 23 19 45
17 4 1 74 40 91 39 53 84 98 86 54 53 42 50 37 42 12 19 34
10 14 25 72 86 62 52 45 86 84 63 59 55 49 49 44 52 5 8 34
18 25 13 98 88 0 26 45 74 74 66 79 89 88 53 60 42 63 74 68
36 75 66 46 1 0 8 56 5 62 67 84 97 97 58 72 43 51 87 79
78 74 67 70 78 5 6 45 17 16 72 80 55 43 57 66 97 44 93 68
76 72 92 74 71 15 10 1 23 20 13 36 66 20 49 94 83 47 53 88
84 74 40 38 64 43 32 22 21 35 84 73 50 23 93 82 79 21 13 27
71 49 40 23 72 31 25 26 60 24 70 70 91 27 97 83 82 14 7 81
74 84 29 28 23 20 25 14 0 38 53 65 53 88 88 88 78 16 88 99
30 41 42 4 14 26 12 23 75 48 52 71 43 89 95 71 79 4 77 3
17 11 64 2 3 40 18 20 18 43 58 45 43 50 84 57 11 16 19 3
20 20 59
86 0 49 92 61 77 31 39 33 4 53 10 13 43 62 73 61 25 48 88
29 0 12 70 70 72 32 7 41 24 19 9 5 61 67 78 100 62 94 86
36 15 45 57 62 18 48 82 18 34 55 62 11 42 83 50 21 45 76 93
11 42 68 91 47 28 5 36 45 94 18 41 21 2 49 18 77 28 31 28
58 17 35 92 57 41 47 3 37 53 72 34 5 31 37 11 15 3 22 75
78 14 3 38 64 16 100 47 56 94 86 60 87 83 41 7 22 13 0 99
69 64 14 18 43 17 36 66 12 77 31 36 38 38 33 75 67 25 41 89
10 51 26 27 19 66 96 40 62 53 99 88 79 75 4 61 91 25 5 52
20 23 19 22 69 78 49 95 36 75 17 41 17 1 23 61 83 37 39 24
43 68 61 82 50 77 56 1 32 22 96 92 46 50 20 53 83 89 62 9
20 100 73 29 82 55 89 59 77 21 13 80 75 69 44 79 10 35 21 73
47 87 38 22 75 17 46 58 55 0 13 1 45 42 59 100 46 61 35 2
29 6 99 100 36 93 79 61 15 41 56 33 10 86 37 55 79 56 57 27
79 50 87 64 23 61 54 85 70 96 50 36 29 20 52 10 31 36 76 18
88 42 20 95 29 43 75 29 17 68 69 22 8 95 88 0 9 0 54 23
53 86 63 48 56 67 47 67 89 41 29 64 88 40 35 78 60 82 52 48
99 99 61 53 25 27 63 62 11 73 65 57 60 74 82 67 6 66 34 56
72 73 57 41 39 74 75 68 56 43 80 20 78 91 92 54 66 15 75 70
66 75 43 97 38 42 73 41 85 72 56 9 28 27 81 29 19 45 60 51
20 61 88 91 86 81 22 46 57 39 9 74 66 4 85 17 38 29 2 59
20 20 2
53 90 69 47 45 45 86 85 6 98 96 8 71 86 56 58 27 27 78 9
49 30 58 32 81 95 88 86 88 97 95 45 86 63 54 13 27 26 49 8
85 87 7 48 13 69 83 84 63 95 57 56 54 56 54 13 14 16 49 7
75 77 78 97 18 68 83 85 95 97 13 14 84 18 64 76 16 17 21 7
52 22 37 37 32 66 70 56 96 94 94 13 83 17 30 37 48 73 19 17
67 37 37 24 10 9 25 8 94 92 92 87 85 96 28 29 27 71 72 72
68 70 2 97 8 8 10 6 7 90 90 88 88 86 64 60 49 51 7 6
66 69 69 70 68 7 9 42 6 41 73 31 88 88 12 62 37 54 56 56
66 64 70 57 45 48 46 44 45 26 74 86 88 87 68 67 47 48 56 56
7 75 13 15 47 6 47 28 86 33 6 96 33 88 100 68 4 97 60 80
11 70 68 31 99 69 23 91 89 27 5 7 96 10 58 67 82 39 37 82
50 70 69 69 77 93 32 0 0 1 3 58 32 79 33 69 81 35 85 80
30 88 15 13 76 79 32 23 21 0 3 7 30 28 34 74 81 79 79 54
91 89 90 13 78 77 30 34 22 23 22 69 62 51 88 73 52 81 79 52
68 9 67 78 78 76 8 11 92 69 70 68 70 72 70 90 8 6 8 97
75 77 79 79 80 9 10 9 10 57 56 68 55 70 72 77 4 52 53 100
16 23 22 33 36 44 1 40 96 57 61 5 46 46 0 2 2 89 77 0
27 94 74 91 92 90 94 65 66 56 2 51 65 23 87 51 98 87 1 2
27 25 23 91 91 63 96 65 65 66 3 24 24 24 22 73 19 17 2 0
29 26 56 98 44 46 64 66 63 2 5 22 23 25 22 29 28 22 3 22
20 20 9
12 75 64 89 24 24 97 100 46 46 38 43 48 57 98 92 96 90 88 89
20 56 93 94 27 83 89 86 75 80 96 64 61 46 62 76 21 83 0 58
79 83 100 98 31 91 98 13 80 17 31 31 88 43 83 100 4 95 21 26
77 55 94 29 9 97 73 28 22 29 25 26 60 25 19 23 10 48 71 88
23 23 26 37 78 17 25 98 19 22 26 47 18 9 24 31 27 34 69 77
24 88 35 44 73 26 19 23 91 31 90 70 11 7 27 38 21 33 76 96
53 3 54 46 12 15 25 20 52 95 90 58 13 61 35 39 40 33 88 71
50 3 12 20 11 34 29 64 20 89 90 25 18 60 52 43 47 49 55 98
91 11 48 16 17 73 71 71 87 91 97 71 7 85 13 37 40 51 49 97
0 4 4 39 40 75 71 9 12 32 27 23 22 94 53 46 37 50 51 43
65 10 22 40 36 74 78 6 12 34 28 17 13 16 0 53 74 48 86 57
13 17 10 82 41 38 45 3 5 44 66 79 75 64 73 69 66 54 63 22
71 98 21 20 34 43 55 45 2 80 24 66 68 60 94 91 91 61 60 66
78 84 20 28 26 34 11 2 67 86 20 64 73 93 25 43 86 66 66 39
7 3 22 19 95 86 3 9 58 94 90 94 73 78 98 22 22 98 99 36
13 7 13 99 99 61 58 7 92 88 79 85 61 19 71 68 43 90 95 100
7 77 77 70 14 20 61 54 58 52 0 0 9 62 55 58 58 44 92 65
20 17 50 22 30 17 68 65 65 44 46 55 61 58 61 63 59 83 44 65
36 38 42 64 24 25 65 63 65 3 48 33 37 20 54 66 85 89 6 94
87 93 76 90 22 29 85 84 67 37 39 1 53 6 78 72 92 41 3 29
20 20 10
21 30 57 13 99 31 30 59 68 73 70 86 35 95 40 52 76 49 44 47
95 82 72 5 89 94 69 61 67 68 72 94 33 13 21 90 86 94 99 46
34 84 65 32 86 93 8 84 90 81 89 95 17 9 17 100 90 87 94 92
60 62 56 66 17 86 90 89 88 75 29 48 10 9 10 84 85 84 88 80
60 71 48 80 21 81 92 0 77 86 33 38 60 7 2 29 33 93 16 20
86 85 91 96 48 56 55 28 22 37 54 46 54 60 60 21 22 71 42 83
99 90 91 92 48 64 65 25 19 36 68 81 47 45 69 23 14 81 12 9
19 19 93 93 38 20 69 66 55 77 98 76 14 80 64 26 89 80 83 18
23 19 22 16 90 8 14 69 12 11 16 75 8 5 60 66 57 15 76 74
1 7 15 93 59 42 23 25 19 24 25 94 92 98 98 35 31 36 24 12
95 88 94 89 13 71 24 19 0 16 10 28 24 1 47 45 37 42 81 71
93 5 84 89 67 75 85 71 95 90 3 6 15 5 64 37 31 12 72 79
93 81 74 77 78 75 73 77 86 96 2 1 39 73 56 56 41 96 83 73
85 67 68 25 44 69 23 87 90 95 32 31 38 42 52 53 82 59 85 45
78 67 77 76 38 92 92 96 32 30 36 41 37 52 76 84 75 57 1 76
82 80 75 96 46 40 55 88 17 31 84 43 87 86 9 65 65 36 43 68
90 68 77 73 52 50 60 8 20 77 93 77 80 78 7 58 57 66 33 40
14 60 81 35 47 46 41 4 5 5 95 71 35 70 80 74 66 74 82 30
17 59 50 39 13 29 5 33 33 47 36 56 52 50 32 78 26 24 7 10
60 67 46 44 61 59 58 3 4 29 21 87 22 21 30 34 39 34 24 76
20 20 2
20 78 79 81 92 22 18 17 46 46 44 91 91 68 60 85 76 78 77 99
85 64 13 11 90 56 40 17 44 42 43 3 96 77 77 5 77 75 3 1
50 37 35 13 13 82 41 43 43 22 45 78 81 75 75 76 75 77 47 95
59 63 67 20 19 55 32 42 42 44 44 12 14 61 92 76 40 48 47 45
61 9 46 51 54 52 17 37 8 42 44 52 77 75 13 59 81 42 45 46
11 9 76 75 83 50 58 12 9 86 57 98 96 19 76 75 93 92 50 45
13 11 35 4 37 9 10 9 16 16 22 100 95 95 74 76 77 32 47 46
91 15 17 78 1 37 28 20 16 14 22 100 70 52 51 76 24 46 46 44
14 15 17 80 0 14 26 62 43 79 80 68 70 72 53 41 43 45 45 45
26 15 17 89 23 22 24 43 52 50 52 73 72 70 35 39 42 43 43 47
11 78 16 91 56 26 24 26 96 52 54 75 77 76 83 41 47 48 49 9
71 70 47 49 90 24 22 24 72 6 24 22 22 21 21 15 14 81 89 29
100 28 45 48 92 92 22 71 28 17 18 20 46 25 41 80 81 81 12 86
51 53 46 47 45 46 24 25 30 32 63 18 46 16 28 82 82 83 82 86
59 53 12 47 83 83 82 12 32 30 29 32 2 0 33 33 78 81 45 45
100 100 98 98 100 82 83 11 73 45 30 22 72 0 31 34 79 79 46 47
99 98 57 96 98 74 72 72 74 75 77 75 9 9 30 36 4 50 47 37
98 24 95 21 23 73 73 46 75 77 76 77 10 8 99 38 82 22 32 21
98 24 22 22 23 71 71 24 69 79 77 75 15 6 26 37 1 96 30 56
24 26 17 46 21 71 72 24 56 94 74 73 39 28 77 73 97 95 49 55
20 20 2
98 100 17 26 35 48 97 68 36 29 31 31 99 89 41 36 14 13 59 8
80 100 77 56 58 47 69 69 99 6 24 98 100 98 100 4 4 3 3 16
26 68 90 91 91 8 70 70 46 29 82 95 98 17 100 2 4 3 62 14
70 68 51 90 42 7 68 4 74 73 81 80 58 17 100 0 2 80 78 5
98 98 75 43 41 79 97 4 76 6 79 34 57 3 4 66 3 80 80 78
98 8 76 3 1 3 57 76 40 39 80 82 1 1 3 68 1 18 33 34
26 26 38 39 1 25 23 21 78 77 79 81 67 3 4 80 1 18 13 92
28 55 84 37 21 21 87 67 77 44 99 83 83 96 98 80 81 17 16 49
63 57 69 22 21 68 66 65 43 45 100 83 83 96 98 49 23 7 32 7
59 58 97 23 21 47 28 26 73 45 54 52 83 97 98 52 22 8 31 41
99 60 95 94 23 22 20 19 20 21 53 54 85 85 33 89 90 89 29 27
96 94 93 80 34 73 73 71 24 25 18 56 97 92 90 90 2 32 28 27
95 98 98 41 24 73 74 28 28 30 18 19 15 80 40 65 66 28 29 92
94 92 37 35 29 16 45 44 16 55 16 17 17 65 65 65 0 29 27 89
33 32 34 35 3 17 43 43 63 95 41 17 100 99 97 66 2 91 78 74
49 32 34 34 4 35 90 94 95 93 42 5 93 95 95 48 49 93 96 74
76 33 32 31 87 62 62 95 96 16 41 41 50 95 21 19 49 86 88 89
88 87 63 62 39 64 32 31 14 9 20 46 48 94 93 91 47 91 90 83
11 88 87 55 40 19 34 33 15 13 92 80 34 88 89 89 90 92 91 90
36 44 42 43 42 19 18 18 16 11 82 80 79 68 32 89 34 10 73 89
20 20 9
59 40 79 78 51 48 51 23 94 55 64 93 30 73 37 69 62 91 2 4
57 60 85 99 46 76 79 87 63 57 44 34 67 85 91 4 9 12 4 23
48 55 59 54 30 34 10 89 54 44 45 26 34 46 23 12 75 9 15 19
78 46 51 34 39 37 98 83 50 58 67 92 33 44 37 66 53 50 59 97
13 34 18 26 55 46 96 42 48 72 71 94 100 96 42 46 49 47 41 34
84 30 16 23 43 70 74 33 34 35 72 15 15 16 22 44 17 87 1 6
89 31 39 15 87 94 81 83 83 82 80 19 22 16 40 64 65 50 56 60
19 34 30 38 80 78 10 24 26 27 33 87 75 43 14 68 60 55 54 9
94 44 38 83 82 80 17 18 24 85 91 82 78 41 36 6 63 32 37 50
3 37 77 80 73 68 23 23 8 12 7 47 49 57 41 75 24 31 40 97
1 12 85 89 80 72 10 20 7 20 34 32 58 50 39 35 19 24 46 17
85 14 99 95 72 79 72 63 16 12 15 12 8 52 44 11 15 10 4 16
83 21 23 95 63 44 0 2 44 53 3 9 11 10 2 10 7 9 15 100
6 41 71 18 70 79 2 30 37 1 8 13 10 12 11 20 15 23 23 93
28 44 53 54 62 82 88 91 98 94 8 4 4 3 20 16 21 85 99 92
44 75 100 99 6 33 25 24 19 50 45 45 1 88 11 3 84 89 97 88
9 70 79 49 13 29 35 40 17 99 4 59 2 91 54 28 35 39 36 43
55 99 77 10 11 27 23 39 12 96 7 18 11 7 48 50 100 73 36 23
86 91 91 96 98 77 20 90 48 98 28 27 68 31 22 85 94 85 83 99
78 95 99 91 93 78 72 98 99 94 97 88 62 38 28 94 11 93 60 95
20 20 9
84 85 25 16 9 17 55 34 33 29 60 50 3 74 68 17 10 11 8 26
81 88 94 56 1 66 61 30 75 35 64 48 47 83 96 7 8 2 10 8
94 98 89 43 94 95 74 3 9 10 7 33 52 66 91 8 10 8 82 8
65 62 95 91 98 99 91 30 17 18 12 31 46 75 78 40 12 92 85 63
67 63 57 59 59 99 93 22 23 68 0 4 30 74 74 83 19 55 20 25
65 16 61 67 37 53 69 48 48 52 43 8 28 32 74 92 85 61 19 16
45 33 30 26 69 23 87 74 57 83 43 22 21 86 77 97 5 13 17 38
47 39 24 17 11 12 91 78 63 81 9 14 24 97 41 95 98 13 19 47
40 71 18 10 5 92 86 46 45 44 8 70 30 98 37 95 44 51 17 8
74 54 64 27 4 92 83 44 62 31 26 19 51 42 40 88 94 93 91 11
57 45 40 20 23 87 85 51 61 85 7 28 52 45 28 20 23 31 2 19
53 38 44 11 26 79 82 47 55 82 94 73 71 41 36 45 34 29 87 6
74 24 69 65 60 41 66 90 74 78 74 71 77 52 54 53 61 92 96 91
78 35 57 64 5 63 64 88 82 77 73 88 83 12 52 59 68 90 68 89
20 27 36 29 38 38 71 94 81 80 29 39 90 7 48 55 72 88 70 76
7 42 49 41 80 87 69 78 85 47 29 21 43 55 47 91 82 84 96 68
98 44 62 67 72 26 28 23 32 13 12 30 49 63 27 26 75 65 94 71
44 53 44 7 8 83 93 27 20 43 36 34 43 20 12 52 41 36 17 23
46 47 48 3 74 61 56 75 25 83 54 51 49 54 42 51 43 78 7 8
3 76 51 60 57 66 72 77 7 62 53 21 47 49 46 27 18 100 64 27
20 20 6
95 71 76 7 99 94 85 24 19 83 85 5 22 47 39 33 35 8 51 56
73 72 74 71 79 77 20 91 49 98 96 24 21 21 52 47 41 24 46 46
71 68 85 24 44 94 98 97 55 90 20 97 21 22 23 58 23 25 50 45
34 71 99 16 4 80 26 32 47 55 14 92 24 24 8 11 74 87 71 43
20 60 97 98 26 83 63 92 60 96 47 53 49 18 48 16 19 20 50 43
67 52 41 86 75 78 82 87 25 57 48 47 47 75 52 22 27 41 91 41
75 73 37 76 81 80 83 61 79 63 55 71 46 11 15 44 48 26 29 74
97 95 90 85 82 85 24 25 26 52 31 72 38 69 70 65 17 23 34 80
84 93 91 97 99 100 98 28 16 19 29 71 73 79 75 83 13 17 73 89
80 57 59 57 35 93 79 2 27 24 24 65 73 75 17 92 16 93 11 17
86 64 58 51 1 22 79 1 98 26 82 83 22 55 49 54 84 95 14 13
68 66 62 56 5 92 62 84 85 91 76 78 0 53 47 6 41 75 69 56
64 19 100 85 23 19 68 82 80 77 71 79 5 11 91 24 32 38 39 90
30 77 9 12 17 60 64 58 29 75 68 72 86 7 18 24 27 80 45 27
24 78 32 98 64 59 69 30 26 74 70 65 81 73 23 26 85 79 76 29
11 14 44 51 78 60 64 74 73 75 69 20 21 81 20 100 80 57 85 97
40 28 46 67 34 66 65 70 67 68 74 83 79 84 85 43 35 60 89 91
42 96 98 96 76 38 61 62 63 62 74 46 0 63 86 86 84 10 13 64
83 86 97 3 75 77 56 62 62 57 73 5 1 86 85 85 58 33 71 35
81 76 17 2 5 67 94 99 18 22 14 28 21 13 86 51 55 35 72 36
20 20 6
26 60 98 96 77 40 36 33 60 27 32 27 31 25 26 37 33 39 96 93
25 5 41 70 14 8 5 59 63 67 40 47 25 23 85 31 35 39 54 44
21 57 0 22 20 41 39 85 81 65 80 51 25 55 35 45 42 39 60 28
84 46 0 24 2 20 35 15 24 52 79 46 34 43 45 40 37 25 18 23
22 21 79 21 3 27 37 9 21 48 75 21 35 43 40 27 84 84 55 87
66 64 62 0 2 5 64 59 38 43 66 78 82 49 54 41 6 89 91 93
91 66 67 25 23 11 56 61 14 58 64 98 64 62 46 46 6 35 23 62
34 60 94 23 24 16 26 64 61 57 61 65 62 74 50 50 37 41 81 67
33 36 56 19 25 21 26 22 65 32 29 62 68 59 11 34 34 99 69 73
38 43 58 60 60 78 79 20 84 33 23 27 82 53 99 96 38 96 70 74
27 22 3 53 55 53 6 44 69 73 28 25 6 83 88 47 52 67 70 69
6 5 6 51 54 51 7 40 42 31 30 19 1 1 11 52 66 72 69 66
6 4 5 1 6 50 98 14 37 52 51 5 5 2 10 90 92 39 42 82
38 0 1 5 11 45 4 8 11 41 47 1 5 3 95 98 82 82 63 62
52 53 48 8 12 32 73 5 95 89 47 47 9 0 90 10 11 63 59 58
50 53 43 46 48 92 93 81 78 89 41 12 12 34 38 8 6 59 54 90
62 53 57 52 100 4 94 97 97 92 45 34 31 34 51 15 9 58 93 57
52 48 20 50 18 8 91 95 3 92 40 43 47 54 49 16 24 17 72 84
54 90 52 96 38 13 15 95 93 28 34 35 41 28 37 17 23 23 55 77
49 90 97 96 15 6 87 90 68 27 4 79 77 91 89 56 33 20 57 21
20 20 9
16 29 37 15 98 39 82 70 98 100 97 72 62 57 48 20 16 63 67 59
58 51 59 68 64 66 71 9 92 98 24 17 23 82 37 43 92 77 73 72
10 53 55 33 43 84 47 69 1 91 73 0 53 37 34 63 97 73 77 73
24 15 92 86 77 78 49 64 82 42 0 0 44 47 42 62 69 65 79 19
20 20 87 7 52 83 49 18 11 44 42 13 84 78 40 15 93 84 90 0
17 15 19 18 25 63 55 61 10 20 28 19 89 81 17 19 89 96 88 13
24 41 80 24 39 34 24 67 15 44 69 16 14 22 98 57 25 87 31 81
100 92 88 91 34 42 33 34 37 45 73 25 10 29 24 43 12 38 93 85
24 17 43 35 91 24 25 26 66 93 8 13 18 23 70 38 64 72 91 86
10 14 31 85 43 15 90 34 69 92 48 22 83 77 71 79 41 87 53 16
35 16 39 92 43 8 49 39 48 40 48 11 15 36 38 45 47 56 50 56
33 54 7 32 36 87 32 88 47 54 41 50 11 17 42 41 44 59 76 77
81 55 45 53 56 13 1 69 54 63 45 70 30 54 42 33 80 78 83 94
48 50 53 67 52 16 3 4 42 51 56 23 23 63 86 93 88 93 93 89
57 55 50 41 48 22 13 9 13 23 61 57 95 86 95 93 8 95 92 78
55 57 72 34 37 21 81 52 30 82 80 97 90 92 93 90 6 72 97 0
35 22 6 93 99 92 78 80 23 7 79 83 96 94 100 95 12 67 6 2
61 76 10 19 98 22 46 72 73 79 76 83 26 20 92 93 91 99 52 100
61 28 19 12 62 67 81 77 73 82 11 61 10 15 90 82 95 16 75 59
23 31 23 88 56 3 10 71 76 73 75 70 36 37 10 13 95 99 40 2
20 20 9
93 87 40 33 34 38 42 42 48 3 52 73 69 62 55 8 9 70 75 68
98 88 86 25 40 62 72 68 79 87 50 6 77 69 53 37 4 0 3 21
98 22 27 53 48 79 70 74 67 63 55 13 5 62 65 74 79 7 7 10
92 73 35 59 77 78 29 63 58 64 63 16 9 17 15 25 14 9 42 57
12 75 29 30 15 9 7 14 97 62 98 97 98 9 17 24 15 9 21 16
66 68 68 70 67 74 11 96 95 97 97 28 27 16 18 6 42 25 19 45
59 62 30 42 67 66 51 75 84 88 35 36 19 22 31 99 47 16 39 87
54 59 38 42 61 15 62 88 94 33 36 33 31 4 3 61 84 17 54 85
42 52 28 25 26 32 57 56 47 41 33 32 64 13 61 61 24 71 49 93
73 53 27 21 55 35 61 17 12 32 31 30 22 26 32 41 22 76 50 90
9 25 25 29 57 63 56 14 7 41 38 80 76 85 65 39 71 66 62 48
32 29 29 69 66 63 31 6 22 14 10 79 78 78 73 18 18 69 67 61
28 31 52 34 60 57 34 74 16 46 53 50 78 78 83 40 88 72 63 54
21 26 40 48 98 52 36 65 86 3 97 19 16 15 74 21 12 81 71 47
24 18 29 47 11 52 30 37 42 39 93 39 17 53 10 54 21 85 54 48
27 13 70 72 72 55 32 32 37 36 94 96 93 18 18 32 29 13 93 11
74 100 27 18 11 79 80 81 45 18 36 69 29 30 1 3 20 6 94 3
27 98 33 37 14 5 59 81 10 85 28 84 34 2 3 35 3 8 94 87
81 82 78 86 6 11 2 21 43 62 97 91 48 39 44 35 87 27 11 12
84 8 53 87 87 9 14 12 61 70 48 97 52 45 48 26 32 25 2 7
20 20 12
83 66 55 69 22 38 6 0 45 45 80 82 76 60 43 51 12 4 96 92
29 25 42 57 45 48 14 7 98 85 41 43 33 67 74 30 18 0 44 56
25 34 38 45 34 36 7 0 95 88 51 54 50 63 66 75 95 43 41 37
37 37 36 47 62 95 36 45 91 79 23 35 57 52 1 10 18 97 28 25
64 27 18 37 41 97 86 53 8 76 22 28 63 52 51 53 60 74 26 34
99 37 25 43 89 59 34 36 34 33 17 89 82 67 62 1 67 73 30 22
94 48 87 67 78 76 77 53 29 31 33 21 65 30 67 1 99 3 3 24
64 80 81 74 66 67 75 54 24 25 51 75 77 45 5 85 50 67 26 23
48 60 8 36 74 25 18 46 29 80 43 80 61 8 90 87 97 97 99 30
57 9 9 66 85 17 26 14 76 79 43 70 16 16 22 49 94 94 94 54
7 67 2 6 39 40 8 13 22 87 83 19 30 21 22 56 29 85 79 11
3 55 0 18 3 8 9 6 21 17 92 7 6 10 70 45 55 20 51 59
10 94 100 38 3 8 1 7 44 10 12 62 1 21 19 80 65 8 44 54
36 81 95 42 89 7 64 54 30 0 16 78 89 24 30 97 88 0 37 30
34 70 71 41 30 71 79 57 24 2 68 99 33 10 24 6 6 25 27 27
28 97 64 75 78 68 68 70 78 67 98 84 88 65 78 76 4 37 68 59
34 12 63 56 62 77 82 37 76 92 64 73 43 45 85 96 48 35 86 61
36 81 41 52 59 86 91 87 48 5 73 84 51 45 79 79 48 88 95 59
58 0 45 26 81 89 91 75 57 58 65 40 68 57 83 13 53 42 50 44
17 12 48 44 78 82 94 78 7 67 76 60 57 3 50 42 54 55 49 38
20 20 63
32 87 46 56 84 7 29 52 10 64 75 89 24 9 30 49 12 25 2 72
54 61 23 32 42 76 11 72 32 39 28 80 20 22 80 75 78 55 3 20
66 38 85 72 86 59 10 67 43 76 73 94 74 55 100 16 92 76 57 54
64 5 39 91 76 88 55 80 18 32 16 34 34 99 77 29 27 65 19 3
9 69 100 88 60 96 55 82 71 30 40 13 15 34 63 64 26 59 14 54
49 9 85 52 5 69 60 28 76 13 38 13 76 91 46 48 59 11 53 25
32 97 14 70 44 87 15 52 14 17 2 73 70 60 89 57 13 98 75 12
59 10 12 70 43 53 53 46 1 18 48 21 79 49 51 29 8 64 75 56
29 28 64 89 48 21 85 81 59 80 18 41 85 49 68 96 18 9 57 10
84 46 79 85 85 49 72 40 76 31 42 47 73 24 55 40 22 45 56 57
97 10 79 67 95 51 91 34 98 4 41 41 13 40 9 26 57 7 73 44
92 76 45 29 57 45 44 18 68 49 16 66 73 11 71 26 57 19 8 46
31 10 64 6 29 42 3 33 64 84 77 9 68 91 15 16 59 22 18 60
26 38 69 47 26 20 73 60 85 43 65 23 42 42 2 0 17 48 56 5
78 47 5 73 76 75 79 42 64 99 23 30 88 11 76 69 18 36 49 6
43 29 46 81 42 17 93 93 11 89 3 11 36 67 20 0 51 32 9 10
32 21 80 54 95 40 43 72 72 34 18 17 5 49 27 83 23 89 54 13
88 84 52 3 91 40 32 42 67 57 37 73 56 10 24 41 82 47 72 20
45 14 16 29 43 26 11 35 68 76 18 44 3 45 41 54 56 32 64 53
89 51 33 71 72 49 38 90 60 1 34 32 24 41 11 4 4 3 94 70
20 20 3
11 12 16 100 14 27 84 81 79 19 16 15 87 33 75 44 41 23 20 20
8 17 18 16 16 59 50 82 6 46 47 3 85 68 65 44 42 84 20 23
66 24 21 46 13 12 48 47 47 12 3 2 84 65 62 41 40 82 80 85
53 65 31 36 10 51 49 48 50 50 39 40 43 13 41 42 91 90 91 88
92 95 46 49 48 51 49 53 24 49 88 28 26 20 97 22 94 93 94 97
22 87 75 78 80 82 52 50 58 70 68 26 24 22 48 71 14 18 8 10
36 60 96 93 91 89 89 49 91 90 100 83 18 49 48 68 83 7 5 60
19 20 21 21 71 90 27 47 100 98 99 26 20 10 60 65 6 9 0 94
22 19 23 75 74 87 98 100 98 30 28 29 19 16 61 58 12 9 7 6
25 95 96 77 67 69 98 32 30 29 28 30 30 32 70 72 46 10 9 6
29 59 61 79 65 62 73 45 31 26 27 38 97 100 98 49 46 44 67 67
29 48 87 79 68 79 40 43 32 26 34 33 97 99 100 40 73 95 22 20
54 50 87 58 77 88 43 56 58 23 37 2 13 64 56 97 99 98 20 21
51 48 32 31 17 84 60 57 56 50 40 2 59 61 99 100 61 61 33 34
33 34 35 31 19 83 99 74 100 95 60 61 62 59 46 82 57 59 47 46
50 37 35 83 73 53 96 93 34 65 60 1 60 60 56 61 58 60 52 0
42 39 37 36 37 40 5 87 88 36 63 63 86 88 88 98 27 87 84 84
41 62 40 42 40 43 68 71 54 57 60 36 87 85 85 87 6 88 97 95
74 83 41 80 82 74 67 58 67 64 63 97 85 86 87 45 48 90 20 70
82 83 86 90 40 41 33 86 69 64 96 94 96 98 90 43 57 87 88 40
20 20 12
26 34 26 23 67 73 93 83 91 15 36 33 47 33 73 31 20 59 5 17
22 77 34 33 2 41 29 29 15 19 34 41 78 22 82 90 16 18 6 59
57 71 78 3 67 87 90 21 13 86 81 55 55 54 51 42 27 25 16 36
50 82 98 96 91 82 75 24 5 72 68 78 6 51 5 28 38 23 16 27
60 99 88 70 44 26 3 32 84 83 3 16 23 54 2 39 14 21 23 76
62 88 100 92 99 20 95 18 94 35 23 7 31 0 10 5 5 17 23 86
73 95 91 84 96 9 10 92 100 19 22 34 22 12 20 82 78 24 30 60
74 76 32 67 63 0 9 4 70 6 13 41 14 51 90 91 90 30 30 48
38 32 35 38 15 11 19 52 42 7 4 6 16 95 95 83 76 16 50 56
57 17 36 35 37 71 4 54 59 65 11 19 10 29 53 16 25 79 57 57
47 32 87 76 23 68 47 59 28 19 8 25 51 99 14 40 85 15 85 51
97 34 92 97 87 60 47 87 25 22 99 100 14 3 11 84 20 18 11 3
86 85 85 43 36 47 50 64 74 43 92 72 81 29 65 84 29 13 97 88
85 92 90 65 75 39 44 38 48 33 9 1 76 93 72 92 4 44 97 100
88 75 78 68 90 94 45 39 27 22 10 0 6 9 75 98 4 56 92 92
65 0 86 64 23 92 57 48 3 4 15 56 23 15 63 68 93 95 92 88
77 57 97 95 97 92 65 41 53 42 64 19 34 7 54 57 41 47 33 43
58 57 89 18 95 12 20 22 61 23 55 78 95 85 57 55 49 57 33 32
82 16 29 52 36 5 14 10 8 63 19 18 86 92 58 59 66 69 60 57
2 23 68 46 31 5 14 7 100 27 31 11 77 9 1 81 71 54 27 25
20 20 1
84 36 36 93 52 6 68 68 65 40 36 32 62 22 23 21 20 21 22 21
30 15 37 93 27 28 29 26 65 75 33 32 63 62 22 21 21 20 90 100
39 14 37 36 18 74 76 33 66 65 64 63 62 63 64 21 22 2 1 99
40 36 36 37 38 86 77 63 63 66 86 63 63 64 63 54 45 44 3 100
39 41 39 38 39 38 39 20 88 86 87 15 83 82 64 46 47 98 99 35
38 42 39 40 40 95 40 41 40 87 87 87 9 82 66 65 83 98 45 45
87 42 60 39 99 94 50 78 79 78 27 86 93 83 42 41 41 40 44 90
3 86 85 2 66 95 83 79 78 77 78 49 13 82 4 31 13 78 45 62
1 88 84 2 3 3 2 78 28 29 99 80 79 78 77 31 90 78 20 17
0 1 13 3 90 5 3 3 39 40 99 79 79 8 9 32 31 79 45 0
58 47 42 51 33 4 4 3 75 76 77 78 79 86 85 26 23 99 0 0
59 94 35 35 34 59 78 4 4 5 78 79 74 60 59 99 23 56 57 56
58 83 34 33 33 95 77 4 3 4 77 0 86 82 83 49 49 11 10 11
63 62 96 14 78 77 77 80 55 2 1 0 29 28 25 50 50 10 9 9
66 54 4 78 77 77 76 80 79 22 0 81 77 86 60 56 74 74 89 89
10 89 10 17 16 14 14 20 37 37 81 81 86 87 82 97 21 74 89 89
61 89 90 16 23 15 15 11 22 9 8 51 51 52 83 97 63 98 37 21
51 52 66 55 54 16 2 93 1 34 34 51 50 22 80 98 98 4 58 45
47 46 47 55 15 14 94 93 48 50 50 52 22 23 56 57 99 3 2 45
49 98 97 24 99 95 94 48 49 50 51 52 22 22 55 56 26 25 45 45
20 20 40
60 89 78 68 8 36 42 36 44 17 15 58 33 72 21 60 71 31 61 45
87 58 16 14 10 27 50 88 74 82 88 76 66 42 92 43 31 37 39 14
83 11 47 7 68 80 17 49 64 72 75 72 70 49 66 76 38 53 60 79
69 90 45 24 91 92 49 64 82 11 63 79 37 25 52 70 47 53 67 85
59 56 47 96 61 62 35 57 55 47 80 37 52 79 46 3 54 61 86 100
9 25 13 6 10 3 75 40 75 48 93 74 67 27 60 77 75 79 53 51
85 100 71 41 4 14 11 15 68 70 65 100 32 67 69 78 62 88 50 61
80 85 78 58 98 86 66 99 73 10 68 33 59 71 84 8 35 64 68 66
21 46 15 26 62 86 7 77 99 51 30 0 68 80 47 67 69 44 53 75
20 3 10 36 94 48 31 66 87 73 69 97 59 74 77 66 0 6 36 72
28 34 34 67 63 24 84 29 41 53 52 78 58 21 31 63 76 38 90 69
22 10 2 39 41 28 77 74 49 14 37 62 4 14 36 76 81 89 7 79
60 66 27 40 12 32 79 77 57 15 35 5 27 67 62 29 16 46 11 31
46 59 54 28 36 22 92 57 23 94 47 44 64 85 7 57 89 71 84 12
27 12 12 16 85 66 53 79 94 66 69 91 97 53 42 64 77 9 32 56
33 83 59 39 74 100 87 10 53 38 37 99 71 22 35 31 13 97 87 91
73 66 66 67 100 98 64 88 52 0 25 65 49 18 9 98 100 98 70 87
89 98 75 88 97 21 69 31 80 87 57 66 40 82 66 91 66 79 53 63
57 66 45 79 55 82 85 66 100 23 39 91 88 52 80 67 99 43 60 52
40 70 92 80 67 67 84 79 64 26 62 47 3 100 36 63 80 96 91 62
20 20 66
32 25 85 29 2 6 45 0 89 64 89 75 53 73 70 26 44 17 40 75
37 80 78 53 35 12 57 78 57 25 88 74 15 57 32 11 14 61 44 7
88 90 23 75 0 25 7 40 82 90 11 7 8 71 63 30 82 84 23 7
92 62 90 39 96 94 72 62 46 62 54 56 46 15 24 93 13 52 37 37
28 6 17 42 2 42 26 58 21 90 64 58 12 92 42 36 55 12 95 52
26 51 53 5 61 4 45 69 0 39 7 19 100 21 10 7 52 65 3 82
0 73 31 8 90 14 67 77 36 22 22 38 13 1 91 70 15 58 65 79
79 40 29 1 17 88 84 35 33 51 52 52 21 24 93 11 76 34 89 80
89 45 27 26 1 42 97 49 19 95 5 33 64 14 0 81 35 25 76 97
59 58 53 31 20 18 38 81 97 57 71 99 41 62 52 52 65 61 61 45
99 79 94 35 8 40 32 31 37 93 37 94 81 57 0 60 32 88 28 79
35 61 58 15 90 37 34 36 15 41 51 23 8 30 87 34 14 58 67 31
42 1 5 47 72 55 71 39 73 67 14 80 21 16 73 90 62 88 62 39
84 63 83 83 86 54 50 28 63 50 96 54 97 22 64 55 63 61 10 57
38 12 69 39 18 20 26 40 93 52 17 44 56 42 44 53 90 92 39 51
72 51 66 34 96 95 93 16 33 6 27 61 79 21 92 42 25 45 87 97
56 91 96 32 9 15 58 21 89 64 51 7 66 14 87 11 53 29 37 45
39 63 1 33 18 17 55 53 67 7 13 71 80 37 10 56 29 30 30 24
27 79 53 37 49 37 17 88 80 40 76 29 56 85 53 84 74 88 76 52
99 58 69 18 11 12 49 89 82 47 95 97 66 3 2 6 60 36 6 47
20 20 69
54 95 61 42 29 75 62 25 68 60 31 16 14 22 8 47 93 98 62 58
20 58 28 95 39 26 8 66 37 35 44 71 46 6 15 97 30 72 96 70
85 57 7 48 79 85 72 14 97 75 92 68 9 23 19 88 65 67 72 40
48 31 31 23 35 87 35 53 40 7 42 38 25 91 77 87 94 99 49 47
83 17 16 63 70 76 56 33 27 22 17 99 44 16 41 38 89 44 91 72
98 57 84 32 90 80 64 88 55 60 76 58 36 71 14 62 87 45 90 86
90 73 56 4 93 97 15 82 38 3 86 28 2 41 73 70 48 93 27 78
98 91 61 58 73 34 63 14 83 21 66 55 47 75 53 12 76 89 40 18
65 65 1 68 9 25 63 93 28 25 85 60 39 39 30 69 76 45 64 94
18 73 78 56 4 23 38 92 81 61 99 3 94 81 73 17 87 3 31 85
72 20 93 45 20 85 79 28 15 3 67 51 86 28 0 95 5 49 84 94
0 96 98 41 97 66 77 69 3 92 97 62 33 18 62 4 6 37 9 62
21 99 78 20 5 74 59 74 0 70 33 2 25 1 33 73 84 44 35 64
12 11 65 52 39 47 38 76 44 13 59 63 94 42 15 87 33 10 91 35
46 10 32 91 60 86 30 91 14 86 79 30 69 2 66 78 25 34 57 13
22 30 64 60 97 54 70 70 59 62 58 72 46 89 56 12 16 66 60 39
100 42 60 16 25 8 31 93 99 59 26 24 8 29 29 79 4 87 70 40
9 55 76 4 22 25 53 56 73 74 18 50 82 15 73 40 63 51 94 48
50 38 92 29 87 35 26 77 89 25 76 85 51 100 89 87 38 53 60 67
51 52 88 8 70 64 84 66 51 86 55 28 0 17 59 91 51 76 73 31
20 20 4
95 95 22 28 39 38 39 39 100 39 74 89 93 26 37 87 62 59 63 44
95 86 100 97 42 46 43 91 93 82 72 84 91 35 39 61 64 55 24 92
85 89 24 40 39 49 97 94 27 49 22 26 47 45 18 18 61 52 38 92
34 84 21 83 99 99 97 98 94 66 65 75 46 57 94 73 73 22 18 3
6 60 25 50 94 19 25 95 94 7 40 42 46 43 99 1 77 23 27 67
8 94 35 97 96 18 74 92 14 51 39 62 38 96 10 64 66 63 10 33
83 85 31 70 93 92 90 47 45 49 42 81 37 73 7 5 77 63 81 8
81 81 80 68 67 20 53 51 52 46 45 88 89 37 93 5 73 86 82 4
80 65 66 70 63 23 65 88 32 34 43 11 89 39 32 25 76 73 19 1
83 64 66 36 97 35 55 39 35 30 97 95 93 97 50 26 45 12 15 4
80 61 62 58 98 62 54 92 31 26 97 93 61 2 50 22 25 18 15 1
43 71 60 30 94 88 61 88 81 82 76 97 97 97 46 22 74 76 45 3
94 0 63 54 13 92 79 82 81 78 24 23 90 45 44 11 71 45 27 28
39 80 76 86 90 21 77 78 81 81 82 79 77 32 71 75 75 45 35 36
40 76 78 13 70 20 56 22 29 78 80 90 89 85 86 80 77 78 77 81
71 1 2 64 66 68 67 56 59 4 79 83 85 82 78 81 65 77 76 83
73 2 63 61 97 72 65 55 56 69 86 87 86 82 77 74 0 37 36 83
53 55 47 49 45 15 63 67 5 59 57 11 77 78 78 86 87 63 86 80
87 56 42 74 31 66 64 60 84 82 82 14 74 74 66 39 37 18 87 84
86 53 24 27 28 0 1 22 85 84 83 52 4 71 35 100 85 9 7 65
20 20 48
55 77 41 50 86 100 41 19 57 61 36 24 32 28 47 81 81 65 32 27
41 37 78 91 82 51 79 45 96 100 96 17 20 29 14 2 30 65 26 17
50 93 65 75 31 59 38 92 21 53 30 21 10 6 86 70 34 86 88 96
52 77 5 90 88 62 75 96 85 78 71 21 54 20 60 72 46 2 48 85
32 45 51 44 36 80 80 40 61 11 58 97 85 30 99 70 59 38 64 10
8 100 45 15 9 48 66 63 26 57 84 89 83 82 52 66 41 4 31 27
53 92 60 3 37 50 61 86 48 10 87 80 73 39 87 36 25 40 21 35
63 95 38 29 8 44 68 33 42 40 61 88 58 16 29 7 50 28 3 32
60 60 44 20 50 70 54 62 52 54 52 69 68 79 41 11 7 64 89 54
83 97 60 18 66 57 95 48 19 57 12 42 99 46 77 23 99 55 42 41
66 78 43 43 60 14 88 98 79 53 16 37 24 30 4 19 81 68 21 1
42 31 7 13 62 92 78 8 85 68 14 71 51 13 53 80 36 100 35 19
37 24 3 29 54 15 33 61 26 49 94 87 39 63 73 96 95 65 97 78
32 82 33 75 57 9 70 53 99 19 83 100 27 66 89 18 71 85 78 89
59 47 64 30 47 11 84 45 5 34 9 48 38 29 88 44 25 64 71 35
52 39 41 14 22 5 84 91 43 15 31 93 13 50 100 8 51 26 49 47
79 30 57 33 55 42 66 41 2 63 25 91 20 45 75 79 43 31 31 54
40 85 25 66 60 59 16 72 31 33 49 50 74 82 45 52 73 61 54 11
89 59 8 26 37 53 88 98 20 43 30 84 99 39 57 51 66 26 39 24
72 38 96 10 17 49 73 90 47 82 2 98 91 20 11 11 89 42 81 11
20 20 3
49 19 89 91 69 70 73 38 37 38 41 81 80 29 32 1 49 7 26 27
49 16 47 44 70 67 69 39 36 35 82 31 80 23 32 32 88 9 77 77
46 49 52 50 70 70 3 73 75 69 83 29 18 36 32 30 9 6 62 79
0 46 45 25 89 71 5 75 12 67 23 83 55 36 34 91 85 41 60 8
1 70 69 57 91 68 93 45 43 25 34 35 34 67 64 99 87 40 40 12
34 79 70 59 90 77 92 93 41 14 67 35 100 100 98 100 99 99 98 26
31 30 55 64 79 76 80 64 88 87 89 100 100 14 55 29 98 32 30 29
4 6 80 76 75 76 79 81 25 23 21 97 70 70 52 87 84 33 49 61
7 14 79 78 23 75 78 51 54 57 23 22 68 78 54 74 76 48 50 59
20 17 23 71 68 48 69 84 79 81 5 36 34 81 31 29 15 15 63 62
22 19 46 43 41 34 67 86 83 82 80 36 29 29 32 31 94 17 70 70
14 38 41 46 43 77 80 83 96 96 30 63 85 84 84 88 95 8 66 66
70 2 28 26 42 80 83 84 94 97 37 39 17 86 24 8 11 8 66 63
61 1 0 25 19 6 81 2 94 99 99 65 38 88 59 8 63 66 68 66
1 2 21 23 21 25 89 95 93 98 99 5 35 87 58 11 65 66 63 67
50 28 47 49 92 4 88 24 24 100 100 98 38 85 83 80 67 12 64 70
92 83 81 5 3 91 91 22 97 97 97 96 20 85 82 81 64 74 70 96
5 23 8 5 87 89 91 91 100 98 94 95 93 96 94 94 43 81 68 61
93 94 41 12 87 91 89 95 95 97 97 49 49 39 63 36 6 30 10 8
96 14 15 13 11 92 91 92 92 38 95 97 89 86 85 82 94 3 57 72
20 20 8
76 66 61 83 66 60 66 48 43 38 41 37 75 16 16 19 50 59 73 65
76 55 84 80 85 79 1 9 9 37 38 3 38 21 20 18 38 5 46 68
92 90 98 83 83 76 7 16 17 39 38 9 10 9 12 12 14 81 60 32
88 8 12 5 82 82 74 47 15 4 58 55 10 13 10 15 20 37 37 6
93 93 56 28 36 42 65 47 27 100 7 34 36 75 5 13 77 69 67 41
14 2 53 72 94 26 58 49 45 41 18 20 90 8 11 17 30 38 57 19
34 49 41 26 97 50 60 16 12 27 26 25 32 80 97 99 96 93 47 22
34 53 52 96 99 52 58 10 7 26 55 25 92 13 38 30 49 45 23 56
26 30 37 32 91 12 59 9 8 52 51 38 99 31 37 78 25 30 29 61
33 79 66 38 35 5 10 3 9 17 86 81 98 32 36 31 28 52 55 56
26 49 40 35 14 20 10 8 9 53 59 89 95 70 74 82 94 96 20 12
64 23 61 12 18 90 84 85 73 65 72 20 46 13 56 85 88 52 76 77
70 26 13 7 93 10 52 58 22 20 76 62 75 19 45 67 59 30 80 78
6 6 7 2 57 17 57 46 0 57 61 67 69 30 28 32 61 44 9 78
66 70 21 18 59 56 51 51 0 20 98 100 96 96 76 2 62 75 97 7
61 60 44 51 45 92 86 84 12 15 11 93 92 89 69 87 33 92 81 7
56 64 50 46 12 99 93 93 13 15 87 93 84 75 75 63 31 86 86 6
15 67 44 84 15 92 67 7 12 8 67 2 85 23 63 69 55 90 91 97
71 61 39 35 37 98 87 84 7 7 66 93 98 92 96 95 48 39 56 17
66 42 39 40 35 96 3 0 7 0 34 39 100 93 47 98 99 43 88 16
20 20 76
30 2 59 12 31 23 63 96 35 29 54 93 84 37 66 92 61 17 20 17
36 93 62 87 47 63 79 73 43 88 25 42 58 4 24 14 14 78 56 54
19 24 85 28 16 93 17 28 92 40 100 93 53 41 33 8 0 64 41 73
66 0 13 20 81 30 66 99 32 42 92 86 12 10 83 29 80 90 32 96
48 60 75 81 28 6 57 15 72 99 4 71 91 6 51 67 36 66 91 83
84 84 12 80 15 83 27 66 86 13 77 95 69 91 86 70 77 92 87 55
77 3 40 57 50 20 19 16 73 37 19 32 56 57 74 27 9 47 74 58
64 38 65 16 51 23 46 34 78 67 78 23 72 50 94 89 36 50 95 66
42 90 45 100 38 60 100 71 67 22 79 88 72 18 31 66 83 77 43 14
19 89 79 91 32 12 69 40 69 47 51 17 77 65 94 66 83 70 67 31
76 46 66 82 61 68 21 71 8 25 83 1 72 84 27 78 63 75 60 77
22 68 52 31 38 47 47 44 16 26 72 70 66 48 64 29 23 25 92 71
69 99 39 35 76 32 81 17 43 52 35 53 51 4 37 26 63 24 86 71
100 74 90 47 66 39 65 65 5 68 53 72 95 25 74 35 19 79 69 7
0 82 56 22 3 37 32 32 43 81 45 23 83 54 99 33 74 50 42 18
28 32 96 29 51 43 72 57 52 25 47 20 29 15 51 15 4 68 28 88
72 76 65 55 85 59 84 38 54 83 67 67 86 21 68 47 29 28 4 12
27 22 76 13 62 69 28 85 83 30 99 58 81 55 31 39 100 46 4 61
39 35 62 25 100 82 34 70 38 97 77 56 22 54 62 52 63 17 69 77
42 13 31 37 73 66 48 10 70 81 52 96 32 90 66 86 14 8 77 85
20 20 8
45 40 47 45 58 2 76 43 53 49 6 3 2 7 50 78 85 38 73 65
23 15 84 62 57 54 90 81 74 71 96 4 1 46 50 85 1 73 88 54
74 17 61 63 61 41 35 84 70 34 100 99 33 27 46 82 75 66 71 39
42 49 5 41 33 76 34 78 98 42 45 47 70 48 47 75 73 68 59 43
63 92 2 76 75 77 31 31 33 80 80 67 69 39 65 68 31 36 19 14
45 47 83 62 13 14 56 58 50 41 22 90 70 61 68 76 80 19 21 10
44 12 93 57 83 29 61 43 42 40 51 100 66 89 55 84 30 17 98 34
47 59 94 42 76 75 75 45 38 48 44 65 72 80 84 85 38 31 37 43
76 65 65 62 39 3 25 26 45 41 41 37 12 82 85 85 92 84 74 79
19 61 40 32 29 15 32 31 6 38 42 40 49 84 83 81 95 100 56 21
26 73 35 40 33 16 15 61 5 64 48 82 79 79 76 76 34 21 56 62
93 99 92 100 30 73 76 26 77 47 56 65 72 64 75 72 27 79 71 67
76 59 99 98 19 91 45 37 90 52 0 3 9 4 80 78 34 37 59 87
82 87 91 45 40 43 99 4 96 91 99 40 2 1 81 72 28 59 22 85
79 22 31 10 16 94 99 96 100 99 99 24 24 90 80 65 89 8 2 89
85 24 60 3 11 10 94 97 77 96 100 29 14 21 65 69 4 7 9 50
92 62 61 64 68 5 90 86 80 89 97 94 5 24 25 21 19 14 7 7
64 67 65 44 69 66 64 34 83 83 91 38 86 55 61 1 34 49 35 99
57 65 11 40 83 62 23 16 20 86 94 88 85 57 99 4 14 64 15 16
50 48 88 55 92 60 17 14 17 85 20 36 41 66 65 73 17 59 24 80
20 20 4
69 15 0 44 95 94 92 62 58 1 2 3 71 37 96 97 99 96 19 18
14 14 52 94 97 92 88 46 4 0 2 31 71 22 18 23 23 97 17 17
39 78 76 90 90 90 55 42 1 2 44 46 83 11 74 53 89 99 97 99
40 61 57 84 87 93 27 23 22 64 81 77 85 15 30 26 92 60 58 95
17 58 87 13 71 97 29 16 25 68 78 82 79 79 30 29 30 55 55 94
64 62 10 11 86 7 31 94 98 4 84 82 80 46 43 15 89 91 91 95
58 41 3 87 25 7 34 92 95 91 88 47 43 44 47 17 91 95 88 16
45 68 65 92 96 4 88 86 12 9 92 59 13 25 31 99 22 91 28 20
13 91 93 100 100 100 79 85 63 60 89 68 55 23 23 14 24 55 24 21
14 6 58 22 26 55 77 60 63 66 77 77 38 27 26 13 22 23 19 17
57 60 61 5 56 93 43 0 92 91 74 77 78 3 6 2 51 54 53 20
56 0 84 82 58 54 73 4 93 95 72 74 75 7 6 4 81 85 28 70
46 97 72 72 73 70 63 0 49 56 62 65 63 5 6 78 79 81 85 16
40 94 67 68 69 8 93 12 58 56 59 62 62 76 37 74 78 69 44 27
64 97 93 63 67 10 8 11 58 83 57 59 78 77 33 30 75 72 41 31
30 28 26 76 9 10 5 69 72 88 88 48 46 90 90 70 73 21 79 28
15 9 26 60 5 4 81 16 18 88 45 44 47 45 32 28 75 25 77 78
13 9 4 27 4 15 20 19 20 16 95 43 47 49 31 30 26 23 22 22
11 9 84 86 52 17 17 16 22 18 37 36 49 47 33 30 96 86 93 95
15 11 14 89 53 17 36 40 34 37 34 46 47 43 64 62 97 96 96 95
20 20 2
31 33 2 41 42 32 32 6 13 95 95 63 97 98 100 95 95 99 67 38
90 76 39 41 43 19 40 8 62 42 97 97 97 4 82 99 98 100 67 67
2 67 67 72 71 66 6 6 48 42 32 84 3 52 85 5 3 43 67 36
50 36 34 56 52 51 49 7 7 33 30 83 85 84 84 86 86 36 37 35
53 62 60 61 61 20 49 6 8 6 8 35 34 34 67 67 89 16 17 91
61 8 35 63 61 51 21 5 7 7 0 77 67 69 69 6 7 10 89 91
85 100 77 63 59 48 4 4 3 5 2 68 69 71 70 21 69 97 97 64
94 98 77 75 75 3 5 5 5 5 70 70 73 72 72 19 19 97 39 59
63 98 10 99 25 4 6 5 7 5 99 69 71 4 6 20 20 63 63 60
64 96 9 100 25 10 25 95 96 67 21 54 22 5 42 22 24 96 58 59
57 94 92 53 27 25 23 97 69 68 89 52 47 13 15 20 18 16 69 64
80 96 94 97 95 93 21 24 60 59 48 54 69 4 90 18 58 22 6 4
78 77 96 96 96 98 4 67 69 60 87 88 2 4 6 24 57 58 66 2
79 60 58 96 94 67 4 73 71 1 54 87 93 29 82 76 83 85 84 2
11 100 43 97 95 98 98 75 5 91 94 89 91 28 3 5 84 85 86 2
99 98 89 39 97 99 66 89 3 2 93 93 93 28 28 26 83 2 21 4
79 96 95 74 97 99 3 2 1 3 28 49 79 89 91 52 52 2 2 4
32 17 95 75 76 78 78 76 4 99 27 25 98 72 90 37 53 1 1 3
47 75 93 53 64 19 77 75 36 100 100 99 100 85 33 35 12 12 11 4
60 62 9 51 21 20 21 23 38 98 47 98 98 96 96 33 33 67 11 33
20 20 56
46 4 82 23 55 30 57 33 60 18 78 44 45 84 80 84 70 36 39 41
98 9 66 18 58 44 27 30 40 26 20 96 48 60 60 61 19 79 94 36
3 87 42 50 30 92 35 14 62 21 70 40 35 25 83 20 20 72 57 12
79 40 0 45 25 63 34 12 24 51 53 14 13 51 13 97 11 24 74 63
69 32 65 53 84 59 46 46 29 71 89 58 34 1 0 34 30 82 64 96
33 87 82 78 84 23 63 74 78 46 11 11 30 3 45 81 48 76 37 42
98 29 99 34 82 23 76 54 89 42 90 26 60 45 80 38 22 12 46 76
96 49 71 50 36 30 12 22 33 4 52 28 69 33 80 28 69 19 8 40
99 80 25 49 71 7 80 32 76 63 37 56 68 75 61 61 20 53 33 96
82 86 6 85 48 12 2 37 88 13 30 17 37 11 5 81 57 10 44 62
99 90 8 87 29 3 50 82 98 40 6 23 1 41 47 82 85 23 3 78
55 4 12 67 50 40 77 28 26 75 46 16 3 36 88 82 48 26 52 93
96 75 57 66 80 61 17 31 16 40 50 77 78 58 95 86 11 57 80 57
54 27 0 14 9 60 17 61 64 50 83 93 51 73 80 36 4 38 87 39
41 3 21 20 10 21 9 68 86 34 49 70 26 81 5 47 55 88 81 40
27 69 70 22 21 98 21 15 73 12 8 45 39 70 42 81 90 89 58 74
22 10 25 45 64 100 24 39 30 34 21 77 89 99 80 93 77 43 63 34
91 13 46 61 38 80 54 85 24 69 61 95 36 56 85 29 44 45 98 38
100 100 33 75 73 86 47 18 38 93 40 90 22 2 16 48 30 67 100 52
73 91 18 66 29 74 19 58 57 58 72 51 23 62 22 44 31 40 85 74
