50
20 20 6
98 99 15 93 72 70 72 31 6 28 37 73 72 95 89 100 73 96 32 32
100 87 91 54 42 62 73 95 91 21 0 49 92 93 91 27 96 75 11 88
28 81 37 10 43 51 80 46 94 39 7 100 81 91 31 81 72 17 22 17
25 88 32 44 38 39 81 74 95 85 89 24 68 11 9 84 30 78 68 67
0 71 14 47 49 15 30 26 29 28 10 64 56 23 66 1 28 87 5 20
4 91 70 40 48 81 32 32 37 88 84 27 33 30 16 74 44 81 52 98
39 93 91 36 82 43 42 52 18 3 72 29 20 71 15 55 67 73 95 85
72 84 0 71 48 47 73 69 80 71 76 11 7 51 65 22 52 47 17 100
75 96 67 63 68 39 78 82 5 70 50 47 41 35 41 12 96 77 90 96
68 5 36 37 71 66 70 46 96 51 44 45 70 16 22 26 63 29 34 3
77 24 81 34 73 1 85 40 17 83 40 42 100 33 58 5 3 47 80 16
87 85 17 59 68 17 54 24 26 75 60 36 30 52 47 13 69 80 61 59
90 43 18 66 25 24 66 41 6 3 27 33 78 44 17 88 45 79 93 91
92 98 95 91 76 61 87 28 29 68 29 18 18 22 12 34 40 100 88 43
54 11 89 12 46 52 7 39 12 92 96 88 63 86 86 87 50 25 9 88
55 42 76 6 1 71 91 92 38 88 100 85 75 37 39 48 50 99 15 40
39 30 15 49 87 92 95 92 15 35 90 50 31 38 75 53 10 47 47 91
71 68 26 50 62 80 95 68 78 62 33 90 47 44 48 87 92 99 65 86
46 12 23 1 6 90 54 67 30 46 89 95 46 12 26 87 15 94 30 1
58 16 4 7 96 89 40 25 9 58 88 90 49 81 78 97 51 68 38 48
20 20 1
17 2 0 95 5 19 78 79 22 21 95 33 0 100 53 18 82 64 32 18
72 47 29 74 61 6 41 77 76 53 95 80 31 30 30 17 25 67 31 45
49 28 63 74 14 23 95 94 95 89 87 59 44 75 83 55 31 67 5 71
100 66 65 94 23 47 47 42 79 51 1 47 34 54 89 36 67 12 34 34
12 55 75 93 92 98 65 81 57 56 90 24 92 86 49 66 18 13 49 37
51 69 70 30 5 4 86 37 23 14 89 52 92 24 49 18 18 4 4 62
48 80 91 21 93 60 55 50 24 23 92 49 91 25 96 70 14 13 18 70
22 73 66 66 32 56 55 47 74 24 21 80 40 7 60 7 7 97 62 69
42 85 98 3 4 79 87 88 90 24 58 79 98 82 9 3 4 97 57 83
42 29 17 22 22 57 43 16 19 30 12 79 11 79 79 45 77 69 81 82
57 84 5 21 32 64 78 2 3 41 80 49 50 50 34 59 35 50 67 81
35 34 25 67 22 58 12 48 91 32 61 89 49 88 38 53 73 6 39 6
9 7 64 21 21 14 98 86 96 32 43 65 48 62 59 59 2 1 32 27
29 8 92 10 19 1 12 45 84 63 64 24 71 62 24 13 9 95 95 26
69 36 49 9 82 75 7 25 35 35 27 74 0 10 38 96 57 58 38 42
57 91 29 97 96 65 62 61 27 76 78 80 75 76 75 92 26 100 62 63
75 92 63 39 38 57 56 72 34 46 54 54 34 77 3 17 93 74 24 93
69 72 79 81 80 91 79 54 45 14 55 100 82 2 37 54 99 31 12 13
68 36 21 12 87 41 27 76 84 79 55 10 68 22 36 37 60 59 46 5
22 36 91 12 88 30 43 71 72 48 87 96 81 47 39 38 69 40 91 46
20 20 9
0 15 36 43 23 62 31 15 90 90 75 2 54 26 37 92 82 60 63 79
47 67 67 0 72 88 37 8 96 8 10 9 62 29 70 80 73 40 40 78
40 99 95 78 81 42 46 8 7 72 39 38 11 34 72 70 86 25 68 16
53 96 99 80 100 72 74 87 89 12 5 13 23 98 28 32 44 68 76 26
40 82 10 4 40 68 68 63 81 62 40 26 3 22 27 26 93 65 75 14
13 9 27 43 38 55 52 60 18 26 66 25 2 73 31 38 45 49 42 2
87 63 23 66 99 83 94 19 9 59 49 98 95 88 28 24 83 48 50 2
80 71 88 79 58 10 85 61 23 42 51 42 26 80 28 66 28 1 47 56
52 80 68 75 97 59 36 5 49 34 59 82 49 87 26 46 35 14 63 99
42 6 91 99 68 51 41 66 90 40 64 31 42 31 40 77 42 15 52 9
3 20 80 50 83 42 71 64 38 63 48 59 72 61 84 70 2 65 60 75
7 18 65 67 58 39 15 60 19 32 60 58 21 47 2 42 87 32 11 84
17 20 44 81 55 5 65 38 31 28 58 39 63 17 6 41 81 71 76 58
37 0 72 48 87 65 74 100 9 6 15 37 18 11 0 92 79 8 45 89
31 39 95 5 72 46 28 35 52 37 7 0 73 53 42 88 45 4 72 6
39 15 1 64 23 89 26 64 63 68 75 17 87 22 83 88 88 34 40 14
91 97 52 95 39 100 56 57 64 99 98 44 41 32 94 68 36 24 60 89
68 90 28 49 39 93 0 66 78 23 51 78 20 80 61 43 76 21 2 68
68 71 78 23 29 98 86 52 51 75 60 23 23 36 5 96 3 36 5 80
30 46 60 25 28 69 49 52 59 68 42 32 29 41 43 59 84 39 41 34
20 20 8
63 12 8 32 82 49 89 83 1 67 27 19 45 16 76 60 69 64 7 53
34 39 89 30 17 17 29 34 73 83 23 42 36 100 21 0 80 38 30 63
51 42 48 12 48 51 52 82 75 66 51 41 94 95 14 71 85 44 27 68
16 64 48 48 85 97 58 49 45 48 59 52 64 8 69 54 44 84 4 58
21 20 63 39 57 60 54 77 54 53 51 59 46 82 61 44 41 88 46 53
11 14 95 27 16 57 32 31 53 55 98 17 96 10 47 0 1 97 99 26
4 67 1 85 81 13 68 73 23 95 14 29 9 9 78 2 6 53 52 74
0 22 24 21 4 9 43 30 60 27 6 10 12 7 74 51 53 87 82 80
99 73 27 6 2 5 71 100 53 39 33 74 47 84 72 46 51 82 89 73
91 86 33 90 33 0 43 32 95 36 31 91 82 52 49 39 16 24 75 22
93 51 100 43 29 8 75 34 90 43 85 26 79 75 77 99 46 100 10 13
61 24 46 45 0 68 34 71 98 4 13 63 16 36 37 54 56 22 76 44
26 24 64 61 4 5 39 54 1 90 48 45 60 47 67 69 22 15 89 9
43 3 50 61 68 75 38 74 88 83 78 55 35 75 51 30 36 22 87 80
50 32 68 45 10 44 39 95 80 32 56 83 77 20 58 78 40 44 83 81
20 35 30 20 97 92 92 64 18 8 20 47 94 42 27 85 20 20 96 10
17 22 91 25 97 16 84 15 29 49 91 38 58 29 33 90 49 50 49 68
35 17 67 33 69 85 80 99 9 9 22 84 32 49 53 99 48 56 48 43
49 53 61 94 21 82 27 38 42 2 12 45 21 13 0 83 68 53 67 63
47 30 66 71 87 60 3 59 96 92 8 51 48 68 8 16 87 53 72 65
20 20 8
40 77 63 66 99 98 54 77 72 72 28 28 35 16 83 82 16 44 38 33
76 77 7 52 58 7 99 62 66 86 44 12 20 6 29 56 67 48 42 38
90 73 45 70 19 15 73 70 10 27 64 79 72 14 24 63 75 28 36 45
89 69 1 43 33 75 81 32 53 51 45 92 39 33 92 33 15 84 52 7
75 69 48 49 34 67 16 3 89 91 43 6 63 71 19 30 23 21 28 33
28 80 21 18 42 28 62 59 0 23 36 100 18 73 38 46 49 61 13 42
32 21 88 89 35 84 39 63 75 45 99 69 65 12 87 28 93 57 49 42
35 23 96 45 31 70 95 97 92 80 93 76 71 10 32 90 96 26 23 13
76 23 45 44 5 61 88 93 22 49 0 8 15 43 42 96 88 14 95 25
47 7 23 1 0 13 81 45 91 15 25 52 45 41 31 33 38 46 90 82
80 11 26 37 13 78 13 82 91 83 68 39 61 47 47 61 39 8 5 81
26 15 49 21 92 54 10 61 4 48 56 72 52 84 54 57 49 78 27 77
28 99 28 95 9 28 26 75 35 30 44 59 97 99 74 16 16 100 41 63
73 5 38 49 99 55 64 62 34 24 41 28 8 72 47 58 9 69 11 27
33 18 91 49 55 61 64 67 17 29 32 33 6 10 0 58 67 3 4 43
64 90 92 69 52 79 77 54 40 80 87 75 69 37 44 9 56 24 84 37
13 39 83 85 11 84 69 98 91 60 95 95 40 1 13 5 61 42 72 85
83 29 21 61 57 46 84 50 78 1 76 66 62 54 60 13 72 45 66 83
84 86 93 49 59 28 77 75 83 79 79 28 76 87 80 21 94 87 15 59
46 26 3 91 28 40 10 97 8 11 12 93 55 28 38 47 50 40 63 75
20 20 9
46 43 60 100 38 31 80 4 82 19 15 34 55 26 76 34 71 97 60 61
50 7 5 69 37 44 21 5 44 45 73 79 96 20 57 39 82 64 58 72
43 44 10 0 68 40 47 45 15 50 36 89 63 67 7 82 65 67 75 9
55 43 42 34 54 28 10 97 20 7 2 44 86 80 65 12 19 63 99 95
11 82 96 34 56 34 93 98 61 1 43 90 6 69 50 44 2 41 25 94
4 53 20 8 47 35 91 4 51 43 73 30 78 1 55 46 67 35 87 11
17 14 31 62 62 72 84 92 96 13 99 27 34 47 38 17 75 78 97 11
91 100 43 54 32 33 93 42 62 67 65 83 83 92 10 24 43 16 9 69
33 75 77 48 14 47 53 59 39 20 41 32 55 47 32 27 46 74 35 68
87 21 83 42 21 36 36 98 40 33 75 27 100 26 30 43 24 27 51 68
34 36 23 84 86 46 27 36 30 19 98 26 74 81 52 92 9 42 41 49
92 10 7 7 7 65 22 30 44 97 96 8 78 77 10 7 92 18 46 83
14 59 33 90 11 6 3 81 34 24 68 99 86 71 99 62 71 70 87 9
52 30 40 56 63 90 83 75 31 1 60 12 60 59 51 64 32 8 81 3
17 45 35 55 25 48 33 37 91 53 49 65 36 2 39 89 31 4 7 50
27 66 72 2 7 79 37 54 60 20 30 87 49 83 96 76 68 66 20 66
79 22 72 53 9 90 29 26 24 12 16 59 41 62 100 73 43 48 12 93
99 92 86 81 4 87 68 13 7 100 27 27 38 100 45 92 96 6 82 44
1 71 90 25 27 73 60 0 93 23 60 43 2 78 8 27 65 2 15 91
43 77 58 41 3 47 38 46 72 16 68 41 16 2 80 51 90 19 92 6
20 20 3
57 59 8 25 97 66 78 89 81 47 49 59 65 95 79 94 48 9 42 68
41 84 83 52 3 31 37 90 45 62 69 30 67 19 18 53 47 32 36 38
29 40 33 72 54 54 48 13 86 61 27 27 24 21 47 60 74 28 76 84
45 24 47 93 75 0 1 30 96 26 26 59 34 23 78 8 9 99 72 56
3 8 99 93 90 51 67 34 62 62 87 87 37 44 81 8 94 83 18 53
93 26 5 30 10 77 78 75 1 65 85 73 36 97 97 91 55 74 73 53
15 99 5 75 48 74 36 34 33 85 83 76 39 41 70 61 58 64 78 31
56 53 3 18 100 74 33 84 32 31 81 80 0 39 96 62 59 61 10 5
38 31 57 20 6 3 93 95 82 82 82 15 54 25 99 96 98 4 10 52
58 7 41 98 11 13 16 95 10 80 83 35 55 31 97 78 45 72 52 50
8 43 42 41 86 76 34 39 89 76 73 74 53 93 83 82 83 25 31 40
52 86 49 3 95 15 12 14 54 56 11 0 84 95 89 69 49 16 32 77
5 89 68 13 98 42 28 86 96 50 58 83 28 86 87 24 63 100 100 78
91 92 74 73 95 93 30 64 18 84 80 87 71 92 98 100 60 100 100 98
11 32 58 79 96 34 22 94 97 41 41 42 45 48 55 28 47 50 58 12
42 62 75 100 29 10 1 28 85 43 9 92 11 100 32 30 50 0 93 54
14 11 84 87 16 11 50 24 84 63 6 49 20 41 68 0 58 96 42 70
14 94 91 95 81 93 94 21 40 10 3 88 56 93 65 16 57 81 31 31
35 2 8 56 43 64 61 70 69 87 11 10 98 44 2 30 48 82 15 16
8 72 34 35 41 66 67 95 13 46 44 38 22 51 4 6 74 37 26 19
20 20 4
13 13 93 5 90 4 98 57 95 94 4 82 67 5 57 33 15 87 71 70
36 18 5 5 53 67 61 61 61 5 52 95 48 8 3 41 0 4 7 10
18 17 14 83 89 53 10 70 64 49 32 42 24 78 78 78 39 47 11 0
32 7 9 28 3 36 32 31 67 67 91 57 43 12 63 13 16 69 60 31
100 51 50 51 28 52 61 20 20 27 12 11 35 30 80 33 100 98 30 12
62 8 80 47 13 22 13 49 81 16 7 84 58 51 22 70 38 95 32 1
72 53 14 6 47 17 38 47 55 33 1 94 24 36 52 49 40 69 31 45
26 4 52 49 15 0 28 45 49 47 69 19 22 76 64 4 12 73 65 18
29 4 6 63 41 43 42 96 97 82 27 11 43 96 86 88 74 89 65 21
31 26 27 18 59 95 97 11 39 92 75 83 47 43 88 92 52 92 42 25
68 51 52 78 57 1 30 11 91 46 53 98 100 15 30 98 89 79 71 23
76 38 52 75 41 31 45 85 71 21 61 79 44 93 27 20 100 33 49 24
85 45 28 11 40 35 0 1 70 67 82 30 58 73 34 29 25 37 69 50
69 68 42 37 36 75 67 80 7 52 54 58 47 6 9 8 32 95 60 37
63 56 93 21 75 74 98 59 96 55 93 17 11 14 45 98 21 99 53 40
96 98 97 6 29 51 17 13 13 80 82 54 30 66 46 97 95 82 61 40
78 67 68 2 2 77 13 26 100 98 71 45 80 74 82 86 60 18 8 43
62 87 83 9 98 100 22 95 24 76 69 36 23 97 33 12 58 41 43 12
64 30 46 80 19 69 24 27 86 86 59 55 95 88 94 62 68 7 79 82
12 96 42 31 10 70 53 96 13 83 77 45 99 17 89 40 53 70 12 35
20 20 23
23 82 77 31 38 52 30 46 5 71 70 67 61 79 88 70 8 11 62 86
98 47 59 81 22 42 52 57 67 95 97 82 86 21 50 88 95 13 38 13
13 77 91 67 19 80 66 45 59 77 97 7 78 44 28 63 20 6 37 71
81 87 43 38 6 25 51 41 68 96 97 69 26 57 55 13 34 0 64 71
17 18 6 57 34 79 76 84 69 18 76 29 49 59 0 39 62 21 8 8
35 89 79 75 17 55 70 96 79 17 80 33 40 9 41 19 12 28 15 47
40 33 58 54 15 38 45 58 87 7 45 100 46 58 28 79 90 4 24 28
43 24 19 26 20 39 30 38 46 41 47 50 8 15 74 71 89 93 92 33
93 65 86 12 12 7 90 87 7 38 45 68 43 50 52 53 92 47 52 26
92 79 39 44 3 33 39 52 67 19 60 91 70 3 57 59 87 61 11 92
28 61 46 61 51 12 79 32 94 25 36 65 78 22 30 70 43 73 71 36
73 53 39 86 82 45 83 67 97 50 63 27 54 19 13 18 72 83 20 42
43 59 74 23 90 51 7 34 57 52 11 4 66 33 37 76 42 11 83 66
34 48 36 1 74 1 2 3 11 51 56 9 97 2 60 57 57 50 54 9
58 48 25 40 80 2 22 12 21 46 60 82 38 72 72 52 31 15 16 77
13 22 82 8 13 51 0 80 75 65 100 26 40 94 67 83 32 30 4 92
9 84 96 70 3 28 28 28 25 58 24 69 90 54 29 27 59 34 22 96
7 18 43 98 53 58 47 24 15 20 81 35 69 7 92 81 71 39 27 81
42 68 26 67 10 63 95 49 56 66 29 21 12 32 55 37 81 67 45 9
76 0 38 4 77 84 36 53 51 57 89 58 74 43 4 77 51 17 29 66
20 20 2
26 17 8 13 61 65 50 11 23 100 94 23 42 93 44 92 92 19 36 25
30 65 90 23 21 22 6 7 34 36 95 24 70 71 38 72 73 22 23 98
72 65 72 35 80 62 58 23 21 2 30 32 34 79 41 52 64 41 92 92
1 66 85 46 69 32 58 0 26 78 27 17 37 16 39 54 0 54 51 98
70 22 49 51 59 60 60 4 38 64 72 60 8 42 45 18 1 52 4 68
9 20 0 50 54 58 20 11 51 12 3 75 7 92 99 96 88 52 24 90
93 96 29 25 43 34 71 58 100 10 12 16 5 57 89 50 81 84 12 90
57 94 20 55 56 57 58 56 53 63 75 66 100 87 42 6 97 18 6 57
4 62 19 49 38 12 14 85 65 81 41 75 73 89 49 48 53 11 53 4
92 13 19 48 53 31 33 39 27 28 59 16 97 31 71 95 3 85 27 2
92 94 26 3 43 7 33 74 75 55 48 15 29 0 84 13 13 45 67 2
91 4 84 95 30 19 34 34 74 15 50 92 1 6 1 1 14 75 13 47
55 2 32 94 50 21 54 51 97 61 1 34 2 30 72 9 67 56 47 84
70 26 65 12 17 92 90 35 99 57 81 46 47 23 96 11 61 98 88 86
42 20 96 66 7 42 98 43 99 81 31 32 25 24 26 36 21 79 64 87
85 59 13 74 8 16 96 39 25 14 11 10 60 95 69 34 6 2 44 65
49 47 33 75 74 14 19 15 75 66 65 60 58 59 88 6 98 4 6 24
31 87 8 8 33 66 34 61 37 99 67 56 56 41 39 97 95 92 3 73
31 63 7 51 53 78 80 60 21 97 66 58 70 6 58 77 77 84 92 54
30 88 64 100 54 15 57 30 29 29 98 97 44 7 20 69 75 56 100 100
20 20 23
92 55 8 51 15 26 58 43 69 87 97 78 97 23 77 13 10 68 47 81
2 12 63 89 54 6 8 44 71 79 4 61 30 96 75 40 59 55 1 84
90 21 33 61 74 63 62 98 37 98 90 73 50 79 84 85 34 44 0 88
12 52 33 56 40 79 93 32 59 13 70 46 49 59 0 50 20 40 71 47
29 20 91 34 53 86 36 7 53 9 10 86 65 32 96 31 92 55 59 50
23 8 71 100 91 48 18 45 4 12 29 43 54 76 81 100 85 34 66 85
52 17 83 82 98 52 66 84 12 33 47 10 92 6 17 52 51 70 62 75
81 4 41 64 46 67 22 41 12 18 86 88 26 74 95 25 62 67 21 59
6 14 22 100 30 81 45 46 29 7 98 90 95 15 61 82 97 72 27 41
28 13 16 47 99 39 58 51 11 52 8 89 16 28 81 98 86 77 56 35
37 60 8 92 82 94 18 70 93 76 23 33 20 58 24 67 80 70 45 4
2 56 17 26 57 96 27 78 43 73 53 56 23 100 95 88 88 20 97 42
100 8 22 27 87 12 0 29 72 89 51 52 32 89 72 79 66 41 40 33
64 36 82 89 60 99 85 88 74 98 80 78 20 54 95 79 24 48 50 67
43 47 80 98 100 56 71 82 78 1 79 95 27 71 56 54 1 3 24 4
54 49 78 85 32 2 53 71 89 87 65 89 55 38 35 41 0 97 86 46
60 43 22 27 49 73 94 77 19 11 1 79 76 35 18 34 92 77 36 12
41 6 26 83 19 16 39 55 73 48 3 92 3 20 82 51 93 73 94 74
60 16 55 0 55 33 32 12 55 99 89 84 76 38 40 12 73 87 88 84
96 36 10 19 23 9 4 93 42 65 90 41 70 84 58 33 7 75 6 99
20 20 2
69 32 35 24 33 71 78 23 45 69 41 19 95 10 70 89 56 16 84 16
66 64 20 100 9 98 17 17 52 13 76 13 30 71 74 26 75 58 28 16
20 63 10 27 10 68 30 15 62 98 36 92 80 50 11 19 4 76 48 78
97 57 24 26 95 86 13 13 7 70 86 80 62 1 33 59 57 34 72 72
95 8 6 28 30 24 59 86 64 36 24 25 76 76 76 58 2 60 15 81
56 77 7 5 31 31 74 72 70 85 94 62 74 75 3 70 4 38 29 60
88 60 27 2 22 97 50 70 14 89 93 62 26 74 19 22 21 84 31 31
71 58 21 79 24 52 37 83 74 88 93 51 50 62 87 34 88 67 33 33
22 71 70 53 19 5 29 23 68 48 54 52 9 92 89 21 77 39 33 82
66 18 68 0 31 30 95 22 67 50 90 50 64 37 59 54 7 96 58 18
35 28 59 1 20 97 72 48 65 87 54 68 81 23 21 33 34 35 94 18
10 92 76 45 75 31 62 62 29 12 96 97 27 46 70 14 27 25 71 60
48 60 70 79 7 16 87 72 88 86 49 31 61 47 3 5 98 85 70 32
3 4 9 94 9 11 10 80 57 58 31 33 60 32 97 90 100 71 69 48
17 4 4 93 87 12 13 59 58 43 9 64 65 69 94 92 100 70 9 92
37 72 91 46 96 74 15 71 73 100 33 11 65 31 17 47 7 88 33 15
39 53 92 54 49 62 62 73 74 19 43 89 59 12 76 7 42 57 79 87
84 27 47 56 99 41 27 20 72 72 36 90 65 13 76 43 26 1 80 72
60 33 34 83 43 11 12 21 71 89 69 11 0 24 76 7 94 96 68 70
63 58 64 25 3 2 52 16 18 37 69 10 83 20 37 8 33 35 95 69
20 20 54
11 42 49 16 65 10 43 38 13 53 50 93 92 96 34 47 24 68 22 77
20 58 39 76 38 75 61 5 85 85 32 63 9 32 32 17 24 16 53 45
91 57 67 2 75 61 98 41 54 58 93 76 52 67 43 40 53 41 7 45
30 5 5 59 15 46 56 76 78 91 19 100 91 16 86 71 55 88 53 11
99 34 77 65 40 85 46 49 80 66 4 50 81 51 54 55 40 12 93 70
12 97 84 92 49 15 34 68 64 82 95 41 96 66 96 21 66 42 83 30
76 67 54 82 47 71 87 29 40 41 14 48 68 32 10 19 64 30 60 33
50 3 19 77 54 91 32 43 77 78 63 52 68 35 81 78 72 14 27 78
68 98 87 75 20 52 30 38 83 9 43 18 3 70 30 71 4 75 56 74
81 88 93 18 68 91 5 55 91 24 72 51 24 83 81 90 65 23 3 78
47 95 6 0 0 8 9 26 76 10 2 32 72 6 81 66 50 30 51 35
80 25 52 57 82 57 46 33 34 72 40 64 98 55 45 27 19 19 67 25
92 12 10 33 25 9 71 88 92 73 85 41 29 34 89 14 53 85 37 93
42 78 70 24 21 11 33 62 3 91 52 71 76 86 81 17 52 20 39 85
58 81 18 18 40 1 84 44 77 60 19 12 23 43 81 64 32 87 0 96
89 77 21 65 86 76 5 72 83 5 36 37 62 90 94 99 28 55 46 96
58 82 0 100 40 74 95 34 70 73 67 83 47 4 90 90 15 12 44 80
68 11 49 60 90 24 70 55 98 35 47 26 7 57 92 18 41 37 21 97
24 32 73 82 89 39 38 65 5 45 7 8 38 9 41 21 65 41 11 32
53 96 94 81 61 72 35 44 55 4 77 73 36 97 43 66 75 31 72 24
20 20 60
30 7 85 85 83 33 24 6 66 40 86 81 24 90 98 50 79 19 79 21
55 57 55 19 53 74 15 90 76 55 94 62 63 70 59 99 37 57 28 52
66 17 20 16 73 47 32 52 0 24 12 28 48 81 45 32 32 68 1 72
90 17 10 61 68 41 9 44 33 43 56 90 85 68 51 49 86 41 19 99
73 40 72 78 50 86 48 21 87 3 79 4 2 60 76 5 23 25 12 67
35 49 100 89 33 83 51 47 52 42 69 80 43 75 58 1 41 66 29 81
73 32 69 11 34 50 3 64 25 72 94 85 93 17 59 31 12 17 16 98
1 56 91 48 12 34 35 40 74 28 67 47 54 31 39 59 10 56 33 57
18 18 81 25 0 4 4 5 91 52 1 22 1 12 41 93 20 33 76 62
0 20 74 13 36 83 23 29 37 30 18 65 17 36 22 67 20 55 80 95
96 60 23 67 9 34 75 85 64 19 21 60 54 12 83 44 81 73 36 58
18 10 85 46 82 22 81 27 86 3 9 35 2 26 52 16 28 1 38 24
10 21 86 81 74 64 15 18 99 37 65 63 35 63 1 29 19 74 32 2
61 74 42 88 74 30 86 24 83 90 84 19 70 6 4 8 91 10 58 96
36 81 12 63 23 61 74 80 67 50 72 89 75 53 91 60 1 48 63 92
58 87 8 22 1 58 40 14 55 10 31 32 57 60 84 99 58 76 70 17
71 99 30 57 68 51 37 16 57 60 85 47 43 4 61 48 1 85 9 74
1 44 36 93 17 72 86 75 63 90 14 45 98 63 33 73 54 84 94 40
41 65 91 100 67 93 32 47 84 69 93 31 81 83 65 98 68 54 98 97
20 61 86 48 51 24 92 95 80 10 85 72 44 38 48 8 70 98 41 60
20 20 8
89 39 79 1 97 10 18 16 7 90 82 65 65 38 35 48 23 95 90 38
65 45 48 18 90 65 46 0 0 79 46 64 100 34 17 43 24 32 42 22
12 13 32 27 75 72 76 80 89 20 40 99 97 46 47 60 58 82 18 100
19 22 28 4 82 63 87 78 76 5 54 79 83 76 78 64 44 70 88 6
91 90 95 47 33 5 92 1 88 8 55 8 63 45 36 41 100 10 74 54
83 14 24 25 50 66 37 30 11 26 46 24 19 83 89 88 48 42 69 98
45 7 38 52 56 38 29 76 25 22 63 71 38 82 76 31 47 94 68 81
2 83 48 42 55 43 9 97 2 70 38 82 52 85 34 32 39 17 99 73
8 12 53 17 3 78 10 26 47 43 19 28 100 63 26 89 27 98 67 69
11 63 78 28 53 22 33 4 66 63 62 45 100 97 6 83 91 7 73 65
39 64 77 43 51 62 93 2 85 91 73 87 88 84 22 23 1 0 49 50
83 80 86 68 90 51 47 75 93 42 88 58 99 50 75 48 1 51 47 49
31 6 71 43 43 54 84 45 96 69 68 44 31 85 87 79 81 33 99 37
47 88 81 11 11 90 82 90 82 54 64 40 95 99 37 96 58 3 94 68
83 40 23 4 38 59 74 75 73 69 15 71 12 91 30 65 59 89 81 21
84 30 82 0 58 6 0 72 58 3 68 32 39 30 66 66 75 87 80 37
26 28 87 30 48 61 70 3 24 92 69 6 60 63 51 41 32 89 99 62
77 32 35 34 72 19 87 32 31 72 32 16 93 28 16 34 19 34 91 27
50 24 30 30 63 26 28 36 78 64 52 100 57 4 76 59 60 10 52 71
55 57 25 33 56 54 62 57 56 53 84 84 46 53 73 93 66 58 6 65
20 20 2
19 71 56 26 41 2 23 22 72 33 11 40 68 85 70 96 43 8 63 3
14 13 14 29 43 15 29 29 18 20 3 1 32 83 60 10 62 96 59 83
8 8 5 5 35 36 59 49 17 41 26 72 22 53 92 92 62 60 58 95
10 76 79 92 92 9 80 70 28 28 62 7 91 91 82 66 60 73 57 83
26 75 9 91 56 10 36 60 61 32 41 88 86 10 56 87 70 4 3 70
28 15 16 43 6 97 70 59 57 4 83 81 96 97 97 98 69 33 24 27
97 26 13 73 42 22 60 61 43 97 86 85 70 19 25 46 3 9 89 44
45 57 95 97 58 42 50 62 91 56 84 81 16 95 13 0 1 93 42 44
25 97 9 5 4 61 93 91 43 46 11 93 27 42 81 27 96 95 58 42
88 8 7 21 19 91 4 10 45 45 55 95 95 41 37 0 3 35 54 18
89 2 89 3 42 42 63 49 40 14 12 11 25 52 97 44 41 88 33 91
88 65 37 79 37 72 80 17 42 52 46 93 62 26 27 36 98 53 31 80
17 79 78 26 24 14 76 79 62 47 56 24 54 26 22 58 30 28 92 94
84 59 76 63 20 48 46 27 75 45 55 13 1 5 56 1 3 31 25 87
83 65 62 63 28 67 90 14 34 45 55 20 39 60 39 96 95 96 52 96
5 64 60 91 93 30 90 96 96 93 70 33 59 23 23 19 21 23 9 89
1 30 62 44 33 15 13 12 47 55 2 83 71 88 77 13 6 19 20 73
12 49 64 65 48 4 70 100 38 38 15 99 68 68 79 87 23 23 17 29
92 43 13 4 30 4 52 45 82 91 58 11 32 29 93 88 62 7 43 27
48 19 92 51 50 19 52 23 20 69 4 90 92 62 52 52 45 78 77 71
20 20 9
68 96 7 21 50 45 97 77 16 11 9 87 69 14 64 73 21 24 15 4
91 99 67 62 94 94 22 67 20 26 42 62 20 6 96 28 41 0 90 2
15 42 45 45 23 47 95 56 55 89 72 57 63 83 17 21 9 0 91 97
84 17 25 50 83 35 47 86 53 49 43 3 69 36 84 7 21 20 66 60
82 91 68 21 82 76 60 36 62 63 36 56 62 6 52 79 11 79 12 9
56 73 45 44 46 71 6 96 57 11 33 99 24 27 47 33 71 77 86 22
73 51 46 52 40 73 63 50 64 60 60 69 81 19 6 38 79 47 58 38
71 50 46 65 87 79 84 45 31 22 48 1 44 54 40 70 77 9 26 26
20 32 68 53 20 28 34 28 50 16 36 90 83 37 49 76 71 82 28 34
32 62 87 45 36 76 15 11 12 31 84 84 71 59 59 3 89 0 69 8
52 90 94 62 52 55 0 15 1 46 67 0 11 42 38 6 22 61 71 81
56 59 43 12 84 82 42 12 3 93 41 68 88 26 22 93 91 40 0 9
99 85 56 18 60 45 45 78 25 45 80 47 78 14 13 21 21 29 73 91
64 58 35 1 1 3 78 8 91 50 39 37 38 53 75 5 44 23 32 85
59 41 40 30 47 18 50 59 47 54 4 35 32 26 87 62 79 10 5 22
15 20 36 43 84 24 72 1 65 51 93 23 28 60 0 4 67 23 28 58
80 84 52 12 15 6 16 68 67 6 11 24 10 54 92 39 19 49 16 47
14 8 7 36 8 38 41 73 95 88 83 7 96 85 82 65 14 94 20 31
67 83 94 10 54 26 10 39 61 42 8 12 56 88 54 63 80 79 23 47
34 43 28 49 53 22 13 32 57 31 1 64 100 94 42 42 2 8 32 25
20 20 10
1 100 54 69 58 72 69 59 58 96 74 11 33 4 36 25 41 49 77 67
96 19 18 42 28 58 37 95 92 86 24 50 65 73 67 77 14 54 39 11
99 84 95 62 81 61 43 37 77 28 93 6 8 82 70 15 69 48 64 85
94 99 36 20 92 32 25 27 45 41 80 70 58 5 98 13 35 53 43 62
98 41 45 90 93 90 31 95 33 49 80 10 0 3 37 9 93 52 43 44
7 16 43 99 97 100 44 68 73 49 29 87 66 93 47 78 93 45 37 99
52 50 49 75 1 10 29 84 22 99 99 86 63 47 53 62 45 44 11 58
93 39 66 91 87 83 49 18 13 79 44 82 79 60 13 54 26 60 4 60
85 54 63 37 96 26 31 0 76 33 79 14 12 57 88 14 53 60 96 49
46 34 49 73 35 14 29 37 22 54 34 9 16 56 49 23 84 24 66 23
74 80 54 95 91 11 28 84 90 14 17 10 53 71 89 30 47 11 62 70
97 80 90 91 51 73 87 39 49 55 51 30 76 71 19 87 39 92 79 70
66 8 15 7 15 0 20 55 65 61 65 26 30 10 17 77 84 84 60 68
40 37 92 57 15 16 90 12 41 3 90 88 88 7 30 34 8 2 90 6
95 59 23 13 78 70 28 92 93 10 11 98 71 11 1 72 90 80 89 77
51 52 92 20 55 4 93 97 99 14 60 54 47 13 51 75 85 75 93 20
1 47 40 12 32 31 15 91 64 13 75 15 9 36 22 72 26 79 28 25
25 92 6 11 42 22 66 70 20 76 17 95 47 77 28 21 23 31 4 82
87 22 17 15 76 95 29 41 60 36 77 95 49 72 59 53 14 8 1 91
11 19 57 51 13 13 3 62 50 28 45 24 64 70 50 55 7 14 27 10
20 20 6
57 91 96 54 15 41 83 88 31 25 23 90 64 62 51 78 32 26 54 50
97 97 92 55 11 41 21 65 89 53 20 9 51 92 57 1 73 57 46 66
62 71 85 66 31 75 81 33 44 53 23 19 55 40 81 47 39 56 23 22
63 75 34 21 31 68 90 65 98 45 22 64 4 29 84 52 45 1 79 76
89 61 67 38 43 52 77 22 96 96 24 82 33 57 87 34 67 91 14 80
45 49 92 37 37 31 38 45 93 75 20 21 24 24 91 3 11 93 22 24
14 49 18 14 33 10 75 0 45 91 20 36 75 38 7 7 9 8 64 14
17 46 34 61 84 55 36 84 36 34 4 21 97 6 73 79 19 47 72 34
39 57 56 36 41 47 26 72 81 86 41 12 65 65 20 15 74 41 45 14
35 1 24 66 41 4 42 87 37 37 33 8 45 69 61 75 95 59 47 42
72 73 95 93 33 44 48 21 33 77 66 68 41 15 69 93 52 4 33 37
76 79 33 35 34 29 96 90 37 24 70 73 40 77 2 98 39 58 75 24
75 82 30 16 14 68 67 65 41 39 75 24 50 87 65 23 3 92 54 10
55 6 49 22 94 94 93 60 2 24 84 70 71 37 14 28 100 54 57 27
18 98 77 49 38 21 11 79 58 26 84 40 2 6 66 3 29 39 6 12
52 85 16 54 7 5 38 47 90 91 92 22 7 28 97 39 48 82 98 4
87 22 47 74 51 75 58 24 21 79 47 26 21 33 17 80 84 82 50 89
16 98 72 65 88 71 44 19 61 92 93 24 57 5 81 10 80 25 65 70
77 39 74 74 56 58 22 73 35 83 12 66 5 5 29 7 49 54 82 81
23 97 81 77 55 36 45 25 98 15 18 46 49 2 11 4 14 41 87 78
20 20 7
68 85 4 0 4 7 79 29 20 63 65 2 9 50 64 34 66 81 76 73
91 87 38 72 16 27 21 10 41 27 89 23 2 13 29 26 12 11 71 8
64 35 50 93 8 27 74 79 6 89 83 24 29 92 34 34 90 97 37 96
29 63 27 31 50 48 49 17 85 87 38 40 7 93 9 92 79 88 74 28
46 88 52 29 62 77 55 16 24 67 50 97 15 10 16 90 81 4 6 28
40 19 91 57 76 33 20 15 29 25 84 15 52 27 23 45 15 41 82 15
33 59 61 89 37 54 60 65 93 23 21 93 38 75 14 9 34 35 31 18
3 70 68 100 23 67 62 8 8 51 93 99 87 70 53 59 37 42 24 24
84 41 74 10 98 21 88 57 15 86 13 2 2 9 7 23 13 45 82 87
78 93 55 4 94 92 51 97 33 43 43 2 1 8 11 16 6 44 84 92
58 98 91 87 21 76 74 93 8 87 81 76 4 9 95 32 40 57 97 100
14 18 42 65 81 82 89 98 92 97 91 49 16 44 68 3 51 32 72 83
29 40 44 98 38 38 84 45 98 100 91 50 41 43 72 2 38 68 18 15
41 28 49 10 13 64 30 41 92 89 13 58 51 48 98 39 86 16 28 95
49 36 6 5 43 71 5 78 44 37 36 86 100 57 82 88 41 47 57 57
86 57 89 65 59 59 69 79 49 86 31 35 20 93 40 84 86 92 39 59
76 4 92 95 15 66 53 91 20 12 45 65 97 91 52 91 81 87 33 78
27 31 35 100 12 38 31 25 45 57 8 11 8 41 59 36 43 94 17 16
24 56 28 45 13 51 25 85 50 91 15 92 62 86 5 9 24 50 9 90
19 69 24 39 82 48 53 9 22 28 33 97 64 3 64 36 32 71 88 55
20 20 7
63 52 52 75 58 95 85 64 68 18 71 22 3 43 35 61 91 95 30 79
39 75 97 50 46 27 54 88 82 58 60 96 71 1 6 2 50 19 69 56
23 69 27 25 29 77 42 0 72 97 74 97 93 65 97 56 68 45 48 98
75 47 5 42 43 45 43 0 96 58 81 16 61 96 97 13 28 81 66 64
53 53 30 39 37 50 78 25 83 49 8 90 67 19 80 18 33 69 54 29
24 21 4 57 58 55 75 60 30 33 16 46 35 33 75 81 100 32 2 1
62 58 0 60 83 73 6 18 24 23 34 8 88 40 65 60 25 56 89 2
85 39 10 26 41 42 34 37 62 17 90 23 9 11 35 8 24 61 86 57
83 36 81 38 51 25 33 32 67 84 83 66 0 8 41 20 64 71 92 56
33 85 92 36 3 49 37 13 14 31 59 5 4 77 4 4 92 21 22 11
27 31 50 8 75 28 28 46 19 68 14 0 86 24 62 86 57 48 36 4
27 53 63 84 48 63 65 39 51 57 22 3 96 54 57 38 41 43 6 5
91 39 45 27 53 60 14 100 26 15 28 73 24 19 13 40 71 17 24 99
81 46 46 43 66 43 54 39 47 52 52 81 87 76 43 82 69 91 7 68
62 41 5 71 10 77 63 43 9 61 59 49 41 30 79 84 72 32 2 74
29 29 0 70 63 82 11 3 2 54 52 52 37 33 64 2 0 74 52 19
91 81 35 32 60 92 3 98 52 62 60 7 79 26 48 70 57 62 52 92
15 39 66 34 37 37 90 67 8 62 11 13 61 7 37 45 39 21 6 46
38 8 35 10 17 5 15 5 12 49 26 51 79 54 31 38 39 18 71 76
53 59 13 61 99 77 78 96 82 35 48 70 55 46 70 7 65 25 79 46
20 20 68
37 30 41 76 62 45 97 77 81 89 83 19 8 98 55 31 41 73 57 45
31 14 39 62 15 67 40 33 27 82 84 5 68 37 69 0 18 2 91 66
20 72 81 50 31 6 64 87 26 2 32 54 55 40 41 98 81 3 54 38
81 71 69 34 1 60 19 64 71 39 61 48 43 28 53 94 58 31 44 76
52 28 95 44 83 66 30 84 31 60 75 99 20 43 4 76 45 94 50 15
5 43 68 73 38 84 34 65 94 73 96 60 47 73 9 73 26 51 40 56
64 89 50 86 58 60 89 13 94 84 94 39 66 83 0 93 88 91 24 35
50 19 27 96 84 7 74 29 51 41 31 12 98 15 13 44 70 48 22 62
59 98 0 61 91 65 73 72 90 14 75 42 16 67 6 41 30 9 73 5
32 0 66 83 3 39 51 81 54 50 36 68 77 1 12 99 70 74 38 60
25 75 10 93 99 43 70 57 14 17 84 75 51 92 93 69 97 57 6 37
31 64 9 27 12 6 96 20 1 92 89 50 99 41 57 12 77 34 43 89
48 56 77 19 9 32 47 24 7 53 72 68 65 98 96 31 15 30 74 87
57 31 78 72 74 98 35 29 50 18 14 67 73 73 58 51 97 77 64 100
4 35 8 66 21 50 92 48 19 77 32 50 63 39 88 53 46 76 2 69
52 19 62 40 71 73 93 93 80 48 25 0 0 34 27 92 23 82 75 44
49 41 35 76 14 43 71 80 91 67 26 96 25 84 21 37 20 87 60 26
24 85 32 5 80 0 96 39 74 77 17 45 74 13 57 40 66 28 21 74
33 30 1 7 62 25 21 66 57 61 12 66 38 20 7 21 51 25 92 66
44 75 3 82 23 20 67 96 73 23 45 96 50 93 12 85 85 48 82 3
20 20 76
97 81 91 96 42 3 14 23 5 79 22 19 41 63 7 46 73 15 13 0
5 42 6 50 1 69 94 8 91 55 74 85 74 78 94 58 86 38 70 62
71 86 10 57 79 19 29 58 57 2 85 15 96 90 39 50 92 21 31 77
85 89 96 79 4 75 33 78 28 18 20 43 50 40 37 89 31 7 86 4
84 16 13 60 54 92 22 65 44 16 90 80 38 87 97 16 60 32 72 45
79 83 26 63 81 25 0 8 79 58 26 77 55 96 86 65 65 33 88 7
78 56 95 88 62 11 33 72 35 0 95 47 10 60 84 63 18 40 96 13
18 12 70 66 55 55 10 48 87 1 78 68 40 53 1 98 70 4 22 10
91 55 79 28 73 2 47 7 12 20 73 10 73 85 12 18 33 72 33 36
43 50 74 44 5 29 11 98 37 16 42 74 75 92 75 68 80 82 68 29
59 91 32 100 5 35 46 16 15 53 34 29 33 34 21 56 23 14 75 85
64 84 34 3 71 99 80 96 93 78 76 57 40 63 85 50 99 84 49 75
61 100 98 93 52 84 74 98 43 64 48 27 50 56 86 75 99 81 45 72
50 10 51 61 61 57 15 25 81 49 7 57 63 49 52 94 81 91 97 85
35 55 14 70 13 93 10 38 97 7 55 5 66 31 5 44 55 0 4 39
6 59 66 7 85 47 63 39 69 42 89 44 36 51 71 46 75 78 56 85
67 83 61 49 16 80 11 92 21 73 91 72 83 17 94 33 24 100 44 58
48 60 75 12 68 81 3 73 96 63 35 14 31 5 82 13 75 93 84 50
97 14 74 78 91 82 32 11 9 1 67 2 48 95 51 64 21 38 98 44
58 54 99 42 60 58 3 30 99 20 60 40 91 56 51 12 23 5 77 4
20 20 10
51 66 10 12 2 12 18 56 92 25 98 46 0 99 38 40 36 23 73 10
95 43 64 39 29 11 39 53 14 78 37 66 95 100 77 5 42 100 96 80
24 46 0 60 31 83 34 50 2 83 62 36 84 81 65 28 85 83 63 71
7 99 41 18 48 81 72 77 5 91 44 53 37 7 49 23 12 67 6 0
60 42 79 86 87 19 27 88 79 41 50 92 60 65 78 19 87 84 12 48
37 42 65 8 62 36 40 10 84 67 36 16 66 49 80 17 29 87 65 89
56 62 69 11 47 44 39 51 65 59 52 100 98 4 16 32 58 59 80 87
48 43 77 37 87 37 76 22 15 7 46 42 77 89 85 94 9 90 49 44
34 58 60 51 82 93 38 87 37 27 52 47 31 65 46 100 12 69 78 35
25 64 79 37 25 80 23 32 30 14 27 96 91 70 43 87 15 11 83 21
76 68 96 21 50 57 92 82 39 29 3 2 5 33 45 93 77 96 70 3
5 58 52 8 79 75 74 35 63 70 8 2 29 73 75 74 65 60 35 3
19 3 46 22 0 22 65 25 68 95 96 97 61 79 62 0 37 30 26 74
49 74 83 76 31 32 63 59 27 76 50 37 69 74 81 81 16 86 18 66
27 76 70 21 3 53 46 69 64 62 23 55 43 34 28 8 0 83 88 67
58 70 37 22 5 20 37 36 60 100 95 19 14 73 27 66 97 95 72 15
95 10 27 95 82 6 31 6 7 24 0 72 21 11 7 56 23 77 75 70
92 8 7 78 67 98 4 57 66 20 13 6 79 62 69 74 30 2 82 11
89 45 91 82 11 23 2 75 27 50 9 19 51 63 72 16 10 86 79 13
35 95 35 49 2 99 0 60 70 21 64 28 18 52 4 59 16 86 32 1
20 20 2
50 27 0 41 8 6 13 12 23 24 48 78 47 12 22 33 7 38 61 81
41 63 87 28 29 89 63 13 53 81 82 84 16 89 69 32 32 38 96 33
39 46 41 98 97 86 10 94 59 61 58 23 6 6 8 11 76 8 8 1
24 24 42 100 100 41 93 94 73 15 53 55 76 27 19 94 73 79 38 85
37 38 12 2 46 94 93 73 69 50 72 26 25 55 52 15 30 95 93 68
15 17 97 2 75 12 48 47 49 78 63 93 41 8 53 16 63 52 3 66
14 17 76 44 95 98 76 90 88 65 55 55 58 85 53 77 88 5 13 4
12 60 58 56 90 28 52 92 90 44 81 29 21 87 25 72 18 18 9 17
55 97 7 23 19 76 49 47 15 73 94 23 23 21 61 15 29 95 50 47
67 68 48 41 78 5 52 9 96 23 99 82 2 1 17 42 31 16 75 93
26 26 36 29 85 53 80 78 72 59 70 53 93 21 98 70 9 73 74 79
27 48 23 29 45 65 50 78 78 71 10 19 70 15 39 85 4 24 82 33
79 13 12 26 94 92 96 55 77 72 17 17 83 20 38 83 42 5 5 89
61 59 29 67 21 89 78 76 83 44 10 98 43 20 36 38 62 27 64 43
61 23 23 25 56 93 94 19 81 86 6 70 76 62 17 97 64 33 41 54
61 67 52 39 11 36 80 18 94 59 60 72 53 82 77 27 9 42 40 28
18 54 0 83 72 88 15 92 56 15 13 90 91 4 76 40 66 11 12 100
53 74 93 100 52 6 7 93 17 91 39 39 91 48 4 72 73 80 97 96
2 4 85 15 67 33 7 94 92 91 93 28 27 85 3 18 22 84 56 34
30 31 90 22 45 35 86 73 63 24 44 44 3 6 4 57 56 92 7 6
20 20 3
29 68 94 62 70 96 100 11 43 30 24 91 25 89 9 31 84 72 71 42
29 31 29 32 5 94 97 8 34 33 44 58 27 57 32 27 87 76 63 76
31 70 56 16 23 85 68 6 13 35 89 97 85 77 18 14 56 82 86 44
65 72 67 94 81 100 71 100 20 61 12 15 69 52 70 30 50 23 3 55
5 17 74 50 88 26 82 29 97 57 1 13 9 0 24 36 48 30 0 97
99 98 46 60 60 13 97 97 94 95 94 49 16 95 37 57 54 43 42 1
83 48 86 87 86 60 94 76 51 53 92 10 17 85 26 54 54 64 78 1
44 76 36 89 85 82 15 22 82 84 73 17 57 28 9 70 18 38 3 3
46 66 68 14 92 62 72 66 65 83 64 33 47 93 47 7 94 97 70 13
50 69 6 30 78 11 45 88 76 55 87 58 59 9 48 67 43 44 63 37
30 21 8 75 57 54 4 3 32 48 51 14 100 16 17 62 51 32 48 36
17 54 89 22 38 83 84 36 7 47 1 34 98 79 27 31 42 37 43 28
24 49 34 50 47 44 6 77 78 50 79 49 84 98 16 66 65 63 44 6
86 31 33 51 54 62 59 29 1 26 32 95 92 95 18 1 0 66 42 91
13 60 78 40 51 56 30 31 20 88 11 68 67 48 45 76 74 64 1 49
94 41 47 88 79 67 99 45 63 88 30 20 70 73 46 18 15 89 20 93
74 69 55 87 31 66 61 52 62 8 97 98 72 27 47 47 90 8 9 22
84 67 58 88 95 4 59 15 0 38 31 98 6 7 10 27 41 11 74 18
88 50 11 90 78 23 100 82 70 40 84 89 29 8 13 13 53 35 25 33
85 94 8 10 52 34 56 2 4 62 58 43 79 83 92 91 60 35 43 87
20 20 3
12 12 47 48 50 56 57 15 6 15 0 81 79 33 33 72 46 9 23 62
34 3 30 47 48 41 76 63 51 13 49 58 67 69 59 85 52 84 78 39
0 2 5 50 71 96 40 61 36 5 62 80 93 53 95 41 1 97 39 87
95 94 9 27 67 95 33 62 39 75 81 47 47 45 92 78 68 12 10 64
87 11 11 27 97 60 62 89 39 45 52 28 11 20 92 53 50 42 40 80
57 15 15 17 57 63 86 25 80 47 100 71 0 20 63 39 71 97 75 78
7 83 48 33 64 28 25 71 65 12 26 56 52 53 66 62 70 20 10 25
27 60 28 100 4 2 94 6 90 67 68 88 56 54 43 50 37 99 2 1
88 62 78 32 32 5 61 61 69 68 68 65 80 55 36 35 78 65 22 0
54 94 24 26 100 5 50 40 46 18 52 28 83 47 33 35 83 80 46 41
4 91 22 80 29 22 60 2 73 22 37 73 48 21 26 25 36 70 45 67
91 10 51 99 43 21 36 75 37 26 81 89 88 53 88 22 19 24 99 58
58 69 66 47 29 21 32 29 30 23 49 39 66 57 12 69 68 63 99 12
27 68 67 70 37 94 83 24 32 31 52 48 3 99 24 48 4 26 27 58
25 37 100 2 15 89 2 1 80 93 80 66 23 9 59 33 46 42 9 40
54 35 59 49 21 5 13 4 30 72 21 41 89 28 62 86 73 74 55 0
68 17 67 16 23 24 43 84 77 54 82 80 80 53 76 67 84 93 6 2
15 70 73 14 23 9 77 6 33 62 91 94 92 22 69 45 96 73 60 49
52 67 75 18 19 52 84 16 40 58 74 36 19 15 94 57 96 7 76 81
56 92 81 67 66 66 45 44 32 5 99 42 75 48 100 100 8 51 83 83
20 20 3
59 43 65 97 99 92 86 64 99 30 87 72 72 16 15 93 14 92 11 7
75 77 77 3 82 6 31 34 28 90 44 73 76 16 62 40 29 11 23 37
32 44 74 95 98 9 83 22 88 86 74 73 47 44 18 44 21 37 40 54
45 0 4 93 11 67 86 80 98 100 19 0 54 47 42 21 28 40 38 89
31 22 82 96 98 8 95 34 40 88 66 66 67 4 42 38 8 41 44 21
94 88 21 58 78 79 26 8 11 85 92 63 59 62 37 100 8 50 14 16
42 85 17 98 90 90 98 51 13 61 17 11 85 44 100 98 89 83 71 39
78 43 22 1 70 78 75 77 67 2 46 47 37 86 25 53 42 71 73 3
5 38 40 41 38 75 75 79 96 50 50 16 14 64 84 86 82 38 46 71
56 59 8 56 87 61 59 22 85 61 1 6 88 93 56 79 92 99 46 35
0 4 11 85 57 40 10 57 72 25 3 42 92 8 70 15 62 71 13 60
46 22 89 84 84 4 18 17 59 11 18 93 30 77 72 49 51 21 24 76
59 60 91 41 84 23 22 60 60 0 45 95 75 67 29 35 54 39 90 55
8 59 24 27 55 25 23 35 35 82 83 45 98 66 45 80 52 32 58 55
44 42 45 50 35 33 21 21 77 50 47 45 34 40 17 34 28 3 46 43
39 93 47 44 15 14 36 16 55 53 32 87 17 75 100 44 76 25 28 53
73 90 50 17 27 95 93 35 52 99 26 33 0 74 71 53 52 50 33 37
78 23 32 90 0 88 27 61 70 31 41 59 59 50 60 40 58 0 32 35
82 7 64 15 8 93 91 60 58 8 14 57 7 53 10 3 58 75 78 58
77 97 81 5 34 61 33 8 18 11 43 0 45 12 34 24 7 14 76 45
20 20 8
7 51 55 9 56 51 52 75 36 61 75 56 30 45 19 24 99 25 58 16
25 33 37 38 77 89 70 72 86 61 71 9 24 20 97 69 31 28 19 20
33 74 99 4 4 87 15 5 91 48 41 9 93 67 43 30 68 7 24 1
48 3 1 38 97 13 21 16 97 80 76 8 12 42 69 26 100 21 29 63
85 18 38 86 37 85 34 64 55 88 44 9 96 64 34 30 55 64 62 35
99 15 24 33 93 24 10 58 22 64 58 78 98 23 56 68 87 67 2 68
100 100 82 88 26 90 46 89 97 2 50 30 38 31 56 55 56 25 28 53
43 49 56 54 52 89 50 64 55 56 41 86 94 26 68 51 55 14 72 57
59 54 74 92 14 84 83 82 88 97 48 3 87 92 44 4 21 9 19 86
1 3 45 97 23 92 46 31 72 100 22 10 25 79 25 27 26 72 37 95
4 8 75 74 15 36 98 99 76 65 45 54 4 94 91 26 46 36 23 15
93 27 76 82 14 9 77 76 95 87 41 43 79 46 47 12 73 67 7 62
77 39 58 54 66 49 97 18 14 68 30 81 15 16 14 13 40 53 66 12
63 60 10 71 56 29 36 84 84 74 80 37 29 24 52 3 94 16 47 64
33 59 43 25 61 73 3 4 98 4 87 63 33 17 0 96 93 96 44 76
35 47 7 83 81 34 37 82 87 33 38 63 87 17 56 63 91 1 42 71
3 100 94 89 100 2 99 96 97 71 46 55 83 2 24 41 59 22 22 85
69 24 10 59 19 88 40 82 70 33 54 46 36 41 46 100 25 27 81 70
81 99 76 10 39 94 91 48 78 85 78 52 10 31 50 92 91 85 85 92
49 68 67 23 33 92 7 27 4 86 75 99 21 35 38 23 10 6 87 100
20 20 8
72 20 12 28 50 29 100 91 21 95 30 16 26 77 5 80 98 97 37 51
37 97 36 47 47 38 90 8 41 37 81 38 30 50 45 97 74 24 10 47
93 81 81 55 42 37 12 27 53 49 31 34 39 44 73 83 76 79 3 95
22 24 11 16 16 94 10 18 38 4 63 45 39 38 46 9 7 58 70 90
27 73 10 21 27 4 35 45 50 4 54 92 35 36 44 11 69 36 28 80
72 57 58 95 48 45 25 76 59 10 19 71 9 32 45 44 48 43 52 53
19 26 52 67 59 48 29 68 33 30 74 20 25 4 0 77 2 88 91 89
15 19 86 62 37 27 45 96 70 50 13 89 73 0 93 64 100 91 24 31
25 23 97 83 73 71 98 54 77 65 6 12 77 47 13 56 10 49 30 29
76 67 70 69 62 55 77 41 96 29 89 79 52 86 94 55 89 81 22 15
97 19 53 6 56 53 96 25 100 62 57 55 93 84 25 56 62 88 36 70
27 19 78 12 50 55 73 69 30 67 84 21 46 14 42 46 97 46 71 27
85 23 82 85 12 9 49 79 23 63 1 94 4 15 7 7 3 95 19 22
94 31 47 27 23 19 26 42 60 21 9 70 45 50 32 92 84 55 68 65
62 83 30 22 44 16 89 51 62 75 100 8 7 78 73 4 5 81 78 81
60 82 75 20 25 16 19 83 79 81 68 14 26 21 100 47 44 11 100 3
81 80 67 41 46 33 27 80 45 45 58 18 21 93 87 93 71 11 17 17
28 60 67 72 59 57 78 81 53 22 49 99 51 35 27 80 42 15 35 52
49 29 65 71 78 54 66 88 65 24 67 3 89 73 92 28 34 7 5 56
75 13 47 21 74 82 19 100 2 23 90 83 4 31 56 51 58 81 22 61
20 20 29
40 91 69 7 16 42 44 97 65 49 12 27 19 14 74 25 82 76 77 83
24 30 70 52 29 89 16 7 49 23 60 60 32 11 100 22 30 0 12 70
59 73 61 78 76 69 53 38 83 24 27 14 36 33 53 22 15 25 38 24
83 81 15 43 21 93 44 39 92 95 96 52 10 2 7 93 78 13 36 83
35 46 86 45 36 46 18 99 24 49 80 31 84 2 98 91 50 39 3 81
29 67 39 97 0 35 50 35 47 93 89 55 56 63 21 19 41 82 28 17
53 96 38 16 69 85 85 24 26 49 89 48 62 61 10 26 58 86 28 16
68 75 31 98 98 49 82 33 6 24 97 30 49 95 33 69 67 68 6 91
38 69 46 43 77 0 77 94 62 94 24 60 30 69 20 21 18 80 83 21
80 10 70 68 28 3 72 86 51 25 38 59 47 50 97 99 81 63 64 80
59 91 76 57 45 53 77 46 95 76 14 45 70 80 18 93 92 59 57 54
5 29 67 70 95 47 52 98 25 48 73 7 56 48 77 27 69 75 74 57
59 94 58 58 48 77 37 44 72 11 91 60 69 96 95 19 38 88 78 42
2 56 49 71 77 77 94 68 34 84 3 21 15 14 39 95 45 14 15 18
10 44 67 59 70 82 75 21 43 25 85 50 95 55 73 76 7 19 64 38
72 89 92 61 59 12 60 48 29 0 65 38 85 73 39 34 17 27 5 64
94 68 6 14 18 63 5 5 43 52 75 11 26 78 40 50 11 19 44 75
89 85 18 85 43 67 42 9 21 69 72 64 97 45 52 19 55 74 76 61
21 46 90 99 84 32 90 78 32 76 48 24 34 34 40 21 0 37 69 14
21 74 10 91 55 9 99 10 49 24 24 91 64 47 34 47 72 64 51 41
20 20 4
83 64 14 55 52 17 90 39 64 41 40 38 38 39 61 15 6 6 10 38
76 90 86 31 97 6 89 46 24 28 1 2 97 0 77 97 77 54 81 25
98 63 57 34 82 49 21 42 40 42 29 63 34 52 54 1 6 52 86 87
25 60 60 43 42 48 34 14 23 30 18 46 43 64 93 92 85 35 41 7
64 86 85 81 19 21 32 16 92 30 28 74 10 89 89 87 36 20 43 4
2 6 26 35 86 74 6 42 92 49 86 83 71 15 43 28 100 66 63 70
78 21 8 49 89 78 86 18 39 47 60 28 5 54 42 24 49 68 52 29
59 2 41 1 10 8 11 16 16 45 76 24 90 80 40 14 64 62 51 27
55 33 51 87 11 21 3 71 62 22 59 70 46 5 15 36 62 54 51 0
79 59 89 58 3 47 88 10 40 21 27 71 88 74 16 91 13 91 79 75
78 22 58 61 58 13 42 12 68 76 41 45 95 31 6 92 14 79 31 25
100 93 96 55 86 4 35 19 59 72 45 44 43 71 79 88 9 49 53 23
97 84 63 39 15 95 31 97 18 12 51 51 50 47 55 23 80 78 44 88
98 82 51 98 38 55 57 100 34 38 69 14 99 80 30 30 80 1 32 86
63 65 29 51 53 27 25 12 5 54 44 29 56 52 29 67 87 1 96 71
24 55 12 8 77 66 23 30 1 100 55 54 28 36 27 66 66 32 81 68
36 61 38 76 58 52 93 34 59 28 71 33 30 15 80 93 50 93 74 3
75 2 21 14 47 82 100 92 94 7 2 82 62 6 6 42 44 42 6 5
72 37 0 18 58 39 80 47 90 0 18 94 62 99 5 17 42 75 2 0
73 38 25 28 47 89 86 72 9 9 19 33 63 86 47 17 46 34 3 95
20 20 1
63 62 16 18 17 62 65 92 34 85 95 89 94 95 32 11 10 13 39 7
98 94 11 11 99 46 40 71 66 87 100 40 95 13 27 11 93 85 62 39
48 42 28 45 5 87 91 22 66 38 74 98 21 59 99 81 43 70 58 90
33 33 46 46 88 93 54 19 56 20 83 94 74 88 87 11 61 11 9 14
44 74 91 55 54 93 0 30 56 67 96 95 7 28 8 11 51 95 10 32
96 3 98 81 95 24 99 99 68 67 3 3 73 87 9 10 55 54 53 74
45 19 81 48 49 50 39 98 91 22 70 79 95 76 69 63 62 16 9 42
46 15 15 16 24 79 34 46 92 58 2 79 88 12 3 36 2 63 8 75
28 32 16 2 42 43 9 81 20 57 58 59 24 37 74 99 6 24 12 29
54 62 59 72 43 51 81 91 24 13 84 63 75 14 25 84 84 5 50 98
2 76 46 68 71 64 78 98 92 19 20 72 90 90 40 74 98 82 15 15
22 43 42 42 26 38 33 66 89 35 60 28 15 23 2 42 48 61 16 74
0 61 47 80 48 30 64 69 70 66 85 78 79 85 98 56 78 61 84 75
55 2 5 6 91 54 51 11 70 28 45 95 78 74 86 7 20 86 86 87
23 61 78 78 32 1 18 34 62 63 89 85 0 90 91 29 20 47 27 21
62 62 0 32 33 72 68 33 17 74 39 19 18 98 2 34 29 44 29 29
90 81 66 31 69 82 58 12 88 3 91 29 47 97 52 19 28 5 69 45
19 79 21 3 54 54 27 52 94 94 47 74 93 74 4 34 24 68 75 70
57 86 41 41 27 61 79 77 8 7 46 89 90 5 6 45 20 13 10 10
74 62 63 28 46 47 58 16 78 48 47 26 8 14 48 59 46 47 10 10
20 20 7
31 81 64 82 60 69 31 58 42 94 92 94 61 21 66 31 40 35 19 99
67 80 45 86 7 93 21 53 50 27 28 92 8 14 89 60 25 65 57 100
23 85 53 10 48 98 56 62 42 10 29 81 38 55 30 55 26 49 16 21
69 71 82 9 99 9 22 68 60 29 57 82 71 82 81 68 6 79 80 75
6 57 76 62 16 4 99 99 70 69 87 91 20 6 87 14 24 76 88 77
11 5 46 36 97 93 51 49 76 15 33 88 8 9 94 73 21 14 94 89
32 95 24 27 22 30 37 49 37 98 30 62 60 8 90 22 30 58 25 73
41 13 24 24 38 84 91 44 67 29 34 11 5 89 23 37 24 80 3 59
99 60 55 65 54 12 17 69 75 23 61 92 70 19 56 94 28 84 3 95
92 68 69 68 49 71 90 94 21 23 29 4 39 31 37 57 96 6 35 100
86 30 60 9 54 28 27 80 21 24 77 9 87 19 21 44 55 73 59 4
11 56 59 73 94 56 91 32 18 41 19 22 86 62 17 58 27 34 27 71
74 100 20 33 36 93 1 39 84 77 85 66 24 99 72 52 75 83 49 76
76 96 44 92 95 36 28 89 85 64 80 63 58 48 81 69 51 85 51 48
72 69 67 5 87 75 69 7 64 57 100 28 21 18 23 9 41 87 80 24
44 3 92 67 58 62 10 66 22 45 44 27 3 82 72 59 62 91 0 64
76 8 76 10 70 20 65 91 24 50 71 52 86 54 94 39 66 22 68 64
18 11 76 10 76 70 76 2 22 39 98 46 91 51 93 33 62 13 73 57
21 15 57 87 43 67 94 53 39 5 2 6 100 0 46 26 46 27 46 46
23 70 79 7 2 41 56 3 66 19 6 9 93 41 60 57 50 43 47 71
20 20 44
49 54 31 84 21 13 8 36 19 26 64 75 95 30 84 62 16 41 20 28
20 20 19 14 9 77 32 5 22 61 10 83 52 4 97 19 24 92 98 92
40 23 58 52 96 18 69 21 39 35 50 10 68 76 33 12 39 66 20 3
71 67 41 61 73 22 70 95 43 2 76 50 60 40 50 85 38 44 38 58
85 16 76 42 23 26 61 11 75 59 29 43 50 68 59 54 92 79 34 75
88 67 94 7 6 32 26 78 46 2 46 26 82 97 52 58 35 64 37 6
68 15 10 15 68 36 44 42 91 61 17 37 34 54 9 13 20 5 54 22
22 53 88 99 35 97 14 0 88 64 25 65 51 26 49 14 58 63 68 57
100 63 93 32 68 4 60 12 71 50 10 21 63 64 30 73 0 2 26 73
25 56 88 17 10 26 87 8 54 34 100 23 25 81 100 63 25 53 17 47
20 58 86 62 25 36 86 61 77 6 56 50 18 88 3 42 55 28 31 51
93 40 52 0 60 58 53 42 61 96 45 62 65 22 1 6 41 78 50 92
62 62 68 5 29 78 56 76 56 72 8 42 43 28 23 72 50 12 84 50
50 46 39 56 81 7 23 77 27 77 86 14 30 57 32 66 52 51 55 21
36 7 30 74 61 82 93 21 48 90 50 43 44 99 8 48 95 93 36 81
6 20 50 76 66 75 83 27 10 64 40 100 91 11 14 9 89 82 100 20
70 10 8 36 57 63 98 38 2 80 97 70 52 84 86 57 82 11 47 9
43 27 75 62 62 88 44 72 27 35 35 67 31 53 10 86 64 30 11 23
20 71 10 34 68 69 24 49 30 37 37 37 41 34 18 79 79 23 27 47
58 11 45 57 26 11 67 48 40 32 70 34 4 6 35 42 5 11 67 32
20 20 23
40 23 25 16 4 56 92 63 78 56 75 19 59 10 56 2 7 27 61 39
49 60 10 7 55 86 96 3 89 97 36 28 16 21 72 69 33 9 76 59
16 68 39 97 52 76 100 62 60 30 28 24 98 17 38 17 84 85 65 6
22 42 12 42 13 23 35 56 68 97 36 38 46 37 7 28 71 30 76 0
60 77 8 64 98 75 17 75 79 85 3 58 65 25 0 80 63 40 94 8
15 41 69 46 34 1 85 78 44 73 12 71 80 74 6 0 83 97 37 84
4 16 67 60 55 32 100 30 61 42 74 70 53 53 78 74 4 87 32 57
82 40 48 1 55 83 79 36 65 81 85 31 8 61 35 42 60 93 93 27
29 70 23 15 10 15 25 97 20 59 93 92 88 56 99 35 46 71 91 6
13 30 49 54 64 47 42 22 33 43 82 76 79 40 21 44 51 79 95 43
64 67 64 62 82 74 31 12 55 77 49 97 76 25 4 24 57 79 18 7
28 68 43 23 81 41 72 52 97 100 22 65 64 65 76 77 26 76 25 58
51 86 89 37 99 71 77 27 70 78 74 99 28 82 30 40 49 36 29 22
91 100 35 30 98 65 52 96 53 92 41 4 21 94 74 61 85 11 58 87
82 35 75 14 59 32 47 42 21 1 27 12 91 93 84 22 73 83 46 85
75 53 28 5 10 61 4 39 35 29 98 27 49 10 43 33 94 30 87 73
79 94 19 46 96 2 51 55 96 35 39 70 10 26 23 38 6 100 38 74
84 1 30 7 82 57 84 1 87 65 13 85 32 21 24 14 93 69 29 52
33 39 55 18 89 56 59 46 31 79 84 60 18 43 16 15 2 81 100 56
47 7 34 2 18 6 70 90 50 79 91 28 20 26 87 33 24 8 98 42
20 20 5
83 24 20 86 46 14 47 37 99 98 63 98 94 51 29 46 7 62 16 93
82 68 100 98 99 97 24 14 38 83 11 34 38 82 1 53 86 99 68 66
54 51 59 28 81 98 45 56 35 95 83 31 77 72 67 57 61 35 5 0
20 32 24 42 40 98 21 22 79 58 92 100 25 35 30 71 1 86 3 34
4 28 37 80 75 0 19 92 88 83 88 34 19 15 63 72 38 81 95 0
2 25 35 32 35 0 43 96 42 44 83 21 20 19 57 70 42 54 78 72
7 49 21 61 36 4 88 94 55 11 39 95 25 61 19 13 39 16 20 22
59 20 53 43 46 22 96 87 30 9 56 66 41 72 75 95 19 24 24 28
22 86 58 45 89 27 55 18 99 95 67 19 51 20 96 90 86 90 86 52
3 86 59 34 54 10 1 17 45 43 12 5 76 36 4 73 38 87 46 38
27 24 82 53 50 48 41 47 87 64 64 6 100 42 66 92 56 92 16 38
2 33 36 16 8 61 64 43 53 68 89 89 16 31 64 31 91 92 50 29
32 37 5 5 63 81 83 19 53 54 55 92 64 35 66 67 40 92 35 30
8 43 97 100 26 35 89 63 85 22 26 74 95 95 61 70 40 94 54 72
41 41 45 99 24 58 64 29 3 23 10 35 81 63 43 27 20 95 61 66
4 20 36 29 83 48 49 34 84 96 72 36 69 67 86 23 41 5 1 4
61 58 12 31 25 52 92 61 55 63 49 44 82 32 41 59 45 39 35 98
12 35 69 62 22 39 91 66 13 100 20 45 82 82 37 36 0 19 60 57
14 100 100 10 17 7 93 24 12 70 52 65 64 64 100 2 5 60 24 24
89 57 63 51 93 3 67 13 38 37 13 36 63 68 59 100 48 5 43 38
20 20 7
53 76 69 70 14 32 39 38 94 0 41 40 9 77 53 52 13 82 79 14
59 98 32 12 6 83 1 42 68 39 49 96 53 4 22 4 82 85 88 11
88 27 91 93 97 72 70 36 64 83 90 52 62 65 65 49 29 21 23 73
93 97 4 22 75 93 79 3 7 86 92 86 83 29 93 1 74 98 65 69
34 89 52 78 22 53 74 90 86 88 1 59 44 79 92 49 29 99 45 71
32 43 62 6 99 16 32 94 95 50 96 67 30 76 95 6 34 36 72 2
5 31 71 44 71 10 32 68 71 52 38 80 80 12 92 47 44 67 72 84
34 34 12 41 70 20 71 78 79 50 25 13 12 96 93 78 75 73 64 88
44 70 55 93 29 26 27 67 83 80 29 30 8 11 50 16 80 79 67 85
71 64 55 51 13 67 94 2 79 82 23 100 8 12 22 2 90 57 51 84
72 66 76 57 99 0 89 63 57 31 78 99 35 1 4 58 98 56 61 80
48 66 28 22 20 54 84 64 62 37 40 10 45 96 51 8 5 98 9 0
60 66 14 33 30 35 89 77 64 78 47 3 75 98 7 3 95 91 8 6
13 11 21 91 17 30 90 46 39 36 95 26 87 86 14 55 93 93 24 68
32 55 74 75 12 11 14 13 42 22 47 90 11 16 0 95 39 87 55 98
55 53 53 4 31 34 7 7 58 68 64 59 56 7 90 83 13 49 88 86
34 11 74 0 6 75 69 52 52 21 51 49 13 76 76 65 18 8 10 16
25 96 22 25 53 57 79 48 48 18 21 12 83 82 87 64 27 76 8 42
32 27 43 77 65 5 53 16 31 42 91 68 17 72 80 63 66 60 2 66
17 96 40 43 60 93 58 61 17 73 67 68 6 33 67 32 73 56 61 59
20 20 3
69 98 100 33 32 67 81 84 22 26 19 4 99 11 88 67 47 22 20 23
65 5 3 20 74 49 16 80 77 43 18 2 77 50 17 12 43 52 72 55
61 7 82 75 11 45 48 73 30 62 34 12 9 50 51 2 61 50 32 96
10 10 11 8 9 42 11 70 32 86 34 27 23 24 42 5 75 81 36 43
43 70 25 74 73 70 47 7 66 27 29 73 42 85 44 31 84 0 40 43
2 80 35 8 74 16 85 12 31 35 48 45 38 12 8 85 7 42 87 54
25 81 24 0 86 8 5 11 16 18 15 38 68 81 9 93 0 31 17 10
27 77 0 33 58 2 5 67 84 21 20 7 68 51 78 77 40 53 15 50
77 88 62 4 93 52 100 58 82 93 19 19 26 8 46 26 17 19 17 52
76 77 29 7 85 20 0 97 41 88 88 85 50 36 97 57 18 26 13 11
82 80 46 3 14 62 30 46 74 54 57 82 40 39 94 14 46 77 54 37
29 66 59 3 32 9 7 62 6 53 79 82 3 71 26 12 61 59 95 59
9 82 54 76 76 69 1 68 34 35 84 48 47 78 93 95 95 92 72 12
85 95 98 42 79 53 56 62 64 96 80 82 20 63 64 90 59 91 66 86
65 95 40 41 79 57 54 63 63 6 5 99 94 64 12 98 49 65 69 90
45 36 37 19 35 66 2 57 60 89 0 29 10 29 31 97 17 23 46 56
1 7 21 35 82 79 57 51 50 77 69 74 3 62 2 5 14 14 44 88
7 8 18 87 62 59 39 97 79 76 76 22 90 67 93 60 92 89 47 73
56 56 90 87 23 43 36 45 81 7 39 34 79 100 35 77 77 1 1 89
76 86 10 41 91 26 33 30 25 81 78 60 12 22 76 74 79 30 56 3
20 20 3
48 35 58 96 1 66 48 43 45 64 61 60 44 41 23 62 60 97 25 93
47 44 59 22 26 47 99 47 85 82 37 62 53 20 64 21 58 60 22 30
20 43 51 92 81 79 62 47 94 49 48 64 62 88 23 23 32 27 25 39
10 87 92 57 79 77 27 94 81 35 93 62 63 23 22 75 30 64 28 90
19 17 31 44 60 31 16 78 14 6 70 11 98 45 21 59 61 19 25 27
22 16 91 74 90 94 34 29 52 81 41 100 71 83 7 58 50 36 25 21
25 32 91 74 71 55 18 34 21 76 6 37 60 67 14 45 63 16 7 51
29 59 40 62 94 15 85 69 24 76 9 8 56 1 60 46 47 22 77 57
17 62 63 20 54 30 33 47 68 90 48 100 26 71 69 66 10 58 67 0
16 99 100 26 51 51 41 34 10 46 12 24 80 39 26 69 96 37 89 59
2 39 27 42 92 87 89 87 12 99 82 15 52 51 36 68 8 48 86 62
2 90 57 92 82 85 76 13 51 49 85 61 5 60 72 83 16 16 49 40
82 48 62 65 78 78 29 78 28 88 64 28 30 9 71 31 7 65 4 84
41 90 3 6 7 66 39 46 78 88 22 26 38 30 29 50 27 6 6 71
33 47 0 7 9 77 85 83 70 3 26 64 33 30 38 28 85 88 99 33
60 4 60 95 75 43 85 84 12 52 23 81 48 80 62 50 51 68 25 2
51 98 88 9 39 30 94 73 55 73 94 38 41 66 64 33 68 62 26 72
12 73 99 99 58 77 10 64 83 53 83 41 62 64 45 21 24 36 69 88
49 29 31 78 56 66 66 41 35 67 41 40 22 12 15 37 29 88 71 85
92 29 12 40 38 40 75 40 30 30 28 61 73 5 2 84 60 100 69 66
20 20 5
6 88 38 30 41 35 73 40 37 22 13 90 34 61 39 16 75 13 84 80
20 53 32 80 39 36 43 39 36 74 11 11 41 93 18 37 35 10 68 91
7 65 58 71 40 2 18 89 88 62 29 90 37 32 64 76 71 94 40 35
8 9 58 98 68 26 21 75 60 96 73 22 83 87 67 64 96 37 27 38
54 19 59 57 17 67 24 10 74 100 72 53 85 28 52 17 38 33 12 16
65 61 30 8 21 63 36 67 65 62 69 38 69 38 39 34 7 29 80 68
100 46 21 5 34 53 58 70 5 81 70 50 46 60 0 77 44 45 46 60
6 47 79 19 7 50 86 6 26 85 56 59 67 49 54 53 45 40 1 19
11 38 33 20 1 90 76 23 93 95 74 98 93 2 83 68 63 22 47 31
44 34 15 13 60 70 41 92 96 92 42 94 26 61 62 55 6 51 38 6
12 36 71 55 58 54 15 18 8 5 74 37 79 59 79 52 98 40 34 23
42 3 4 36 60 54 76 98 95 25 73 85 84 64 87 26 73 6 58 52
78 20 21 42 55 73 72 5 65 66 51 65 65 13 8 93 68 29 0 80
91 31 24 30 15 7 21 10 76 75 46 44 43 53 60 64 27 68 17 96
98 40 89 25 16 69 82 1 27 81 46 89 32 57 63 13 95 90 50 64
77 59 73 73 86 40 7 3 35 62 43 32 45 95 66 98 95 47 16 67
74 61 68 60 62 19 68 44 82 72 63 84 32 72 7 55 69 45 99 66
45 26 68 27 3 2 2 85 74 56 19 92 50 8 51 21 6 14 100 42
96 2 22 15 97 81 59 85 36 63 17 82 65 69 37 18 77 89 24 34
68 67 2 16 9 61 82 61 88 45 61 64 79 21 99 35 74 67 27 13
20 20 41
68 32 50 47 68 13 33 100 89 95 62 17 78 66 57 88 72 50 60 92
12 10 34 56 10 59 13 86 11 91 93 16 18 10 56 87 33 52 79 27
37 6 28 46 16 11 70 16 6 74 0 2 46 47 46 13 76 88 4 14
70 14 5 64 70 96 97 98 21 18 49 97 53 6 82 82 68 82 25 65
46 81 86 4 21 11 66 18 31 4 58 43 38 3 41 35 64 87 13 77
100 35 36 83 67 84 34 58 89 24 36 81 76 38 87 40 61 57 83 68
65 89 7 94 79 4 25 62 33 73 56 82 63 6 47 49 21 40 35 5
99 75 87 76 63 1 51 57 75 40 43 15 71 76 20 5 66 74 69 31
74 4 1 24 11 93 21 46 47 50 65 32 76 83 51 90 81 25 54 36
12 56 31 29 44 10 84 38 60 46 12 15 52 64 29 58 7 89 38 15
23 65 55 79 52 67 74 77 46 52 54 82 47 55 37 85 49 71 22 45
40 31 99 71 75 55 63 90 89 26 32 84 21 58 74 35 50 81 69 30
63 40 20 79 65 32 2 9 91 48 84 61 81 47 38 54 24 10 19 13
18 3 94 56 78 21 23 21 54 27 89 32 42 63 19 6 11 22 26 24
81 65 79 0 21 6 73 20 75 17 88 74 55 30 76 34 75 52 23 40
45 8 14 69 27 0 47 62 72 50 47 50 82 6 43 64 74 87 93 55
18 12 22 10 26 3 57 75 41 94 58 74 61 43 22 33 16 50 79 41
26 57 95 51 100 92 21 99 86 32 45 41 62 66 61 35 64 53 44 73
28 90 66 22 39 7 72 35 78 30 56 22 54 11 99 6 39 50 55 0
5 79 39 4 34 59 53 23 25 28 52 90 39 59 81 47 67 14 23 46
20 20 1
85 23 2 26 32 70 50 97 81 84 27 40 68 31 66 55 86 21 4 57
1 90 67 47 78 31 44 45 25 18 20 76 44 7 1 83 34 84 83 57
85 10 72 26 27 7 6 45 29 24 21 23 55 46 47 92 61 84 83 94
71 50 4 78 89 78 46 39 40 12 11 10 43 63 37 37 28 27 25 8
61 50 5 20 34 79 94 26 35 69 74 73 53 54 60 72 44 40 41 26
83 30 47 57 67 79 88 88 36 84 51 20 61 33 60 61 97 71 36 62
70 81 47 37 62 24 81 82 37 27 42 21 46 54 17 40 48 24 21 79
29 82 46 1 28 55 54 22 84 6 36 50 64 57 26 99 88 68 73 78
1 95 96 30 37 62 4 47 12 33 73 4 97 58 17 25 63 62 20 20
51 67 20 29 36 4 51 48 91 96 32 66 67 52 53 89 22 98 61 21
54 92 92 30 89 4 62 31 99 25 8 73 42 66 54 54 92 50 21 9
87 91 75 34 78 79 61 94 8 27 30 1 23 49 67 39 66 68 46 100
80 81 86 44 0 1 37 64 32 53 96 37 26 52 24 39 78 75 19 67
46 77 58 50 54 14 81 41 78 25 62 76 50 36 62 39 79 5 71 70
45 13 16 16 77 36 89 55 21 29 62 50 27 46 17 78 78 90 27 84
97 100 14 62 92 65 65 79 71 94 26 76 48 83 61 61 23 90 24 75
88 9 14 33 33 33 64 97 13 9 63 85 31 51 33 60 7 33 1 75
2 77 68 3 65 55 27 5 29 71 82 9 32 20 40 36 8 100 43 40
47 90 5 4 44 16 86 73 11 89 70 43 1 30 77 88 10 86 34 16
90 37 79 16 40 69 38 73 67 91 91 90 72 59 44 29 28 11 12 39
20 20 50
34 9 46 4 74 80 98 44 70 51 38 50 20 7 95 49 22 98 25 72
76 45 92 48 72 70 25 16 83 38 5 49 21 19 15 52 26 23 44 90
34 16 62 66 14 20 93 9 20 88 54 30 60 80 67 24 6 11 96 27
32 78 46 57 88 39 2 40 17 99 89 8 59 65 11 15 11 50 55 75
82 63 78 57 96 69 97 80 92 25 39 3 55 10 1 74 40 16 76 94
24 91 43 50 27 68 64 6 2 15 15 69 96 50 76 94 64 69 56 47
60 1 57 89 30 76 41 14 22 49 88 99 66 52 31 58 6 44 51 70
2 73 85 11 22 81 26 16 55 80 47 73 82 91 35 60 10 35 17 4
42 37 0 34 49 79 97 68 71 5 77 43 9 51 22 62 88 10 70 26
22 81 3 30 40 57 20 40 52 72 93 27 71 2 38 7 86 80 52 73
44 94 76 41 64 46 28 0 23 38 69 14 62 91 33 25 56 80 33 74
15 26 99 31 51 64 49 93 49 8 5 40 6 44 22 12 46 82 77 40
54 57 34 64 24 47 58 56 59 4 46 85 18 68 24 25 14 34 80 1
99 1 47 87 66 51 85 69 47 59 82 56 22 9 45 43 51 20 57 33
9 78 43 32 71 5 4 91 54 11 45 82 43 65 86 24 54 80 25 81
19 6 56 73 53 32 45 54 51 46 49 99 72 7 80 17 11 45 14 50
89 26 70 75 22 10 34 33 67 83 70 10 12 37 2 26 45 25 63 15
76 63 36 31 32 34 56 70 33 95 25 50 47 25 3 11 75 65 87 84
28 97 29 56 25 79 25 91 32 48 12 33 81 17 19 76 93 43 90 83
5 51 47 39 1 30 51 17 9 79 39 64 60 15 86 98 58 62 98 53
20 20 54
44 88 95 85 27 42 44 93 68 24 45 46 22 76 25 100 100 62 100 44
47 35 33 35 70 47 5 55 30 1 48 25 55 90 59 26 85 0 35 49
95 73 71 1 5 18 57 29 81 90 39 73 49 100 35 62 61 32 87 90
93 25 28 58 99 94 95 4 33 54 33 6 89 86 41 88 81 51 95 6
6 76 88 35 87 38 76 47 14 6 77 37 3 17 6 8 78 50 93 25
59 80 80 10 14 93 58 88 29 49 92 6 1 78 52 99 11 84 9 17
92 37 52 56 42 39 36 90 19 46 48 42 100 84 60 77 74 53 76 16
87 29 7 7 9 46 63 70 95 52 57 90 5 99 84 35 20 52 59 41
83 56 67 88 19 56 75 22 18 67 6 12 30 62 88 26 59 27 16 30
36 69 100 73 47 75 54 59 33 32 45 35 0 53 19 42 7 48 64 12
45 4 28 40 77 81 2 18 59 68 18 64 92 60 52 17 95 42 26 47
64 9 76 32 83 33 35 96 97 27 82 95 84 82 80 41 54 27 78 42
66 11 55 45 56 76 1 64 94 29 83 17 84 30 7 85 81 70 53 37
60 16 7 38 37 64 87 8 62 63 84 92 15 14 94 80 59 65 23 59
62 100 47 23 67 71 72 98 57 9 65 53 100 69 53 62 59 14 68 82
48 87 70 74 97 11 4 48 98 14 28 28 48 11 99 32 58 99 64 44
3 49 85 46 91 82 96 41 15 98 75 42 35 4 17 21 44 34 65 1
24 100 64 66 72 48 59 66 23 9 88 0 93 4 11 68 71 7 59 33
58 54 68 7 41 56 73 43 18 27 49 44 51 70 78 55 88 3 92 87
14 11 21 15 37 39 32 53 38 23 49 100 91 49 49 37 83 100 26 44
20 20 7
61 9 11 17 73 84 1 95 0 2 92 10 26 93 94 95 92 36 54 13
73 62 63 99 63 0 4 58 79 47 9 4 20 17 32 35 74 9 5 96
76 75 44 44 63 57 73 59 15 81 10 63 35 92 41 62 63 69 72 100
44 74 48 47 76 49 93 57 32 23 11 3 10 8 11 63 78 33 3 94
11 54 16 3 17 83 31 63 10 8 6 5 77 82 5 44 78 93 62 94
56 84 62 21 88 24 38 83 63 87 3 26 6 24 45 51 42 63 0 30
75 41 48 90 93 37 23 63 86 88 93 41 38 32 45 35 37 81 20 54
93 86 33 17 59 36 26 79 86 42 3 57 94 35 23 68 52 76 93 50
94 88 91 84 26 14 46 68 53 12 82 3 5 0 49 77 35 59 20 56
65 16 91 84 88 18 52 54 61 23 21 90 2 1 6 26 77 75 49 59
2 31 35 78 49 48 22 43 84 82 81 16 48 26 97 71 27 25 68 69
26 89 43 13 32 62 37 97 77 72 77 11 77 10 68 37 17 57 39 66
18 17 31 28 82 15 28 95 92 85 86 16 90 92 64 39 47 44 37 48
11 33 34 16 88 18 23 51 53 68 67 92 89 5 55 76 9 4 10 6
5 50 79 54 79 41 37 65 88 60 66 13 18 77 62 80 93 9 62 2
31 53 88 21 21 17 78 97 77 63 19 17 54 31 72 96 22 83 24 83
3 78 45 82 14 58 82 76 57 62 47 65 14 20 48 96 46 87 43 9
45 86 56 70 25 29 71 6 47 55 19 50 20 33 40 15 69 76 0 83
72 80 72 78 24 22 37 16 87 38 69 21 21 56 61 96 74 79 48 45
77 26 58 37 65 8 16 20 96 97 3 93 84 90 34 51 29 79 49 50
20 20 10
73 19 76 47 91 67 6 7 99 53 18 15 0 27 70 64 59 79 6 95
4 24 31 58 93 68 1 94 84 97 91 9 15 58 67 56 61 62 54 55
51 48 12 65 86 60 39 40 47 30 44 97 24 8 35 48 71 79 70 95
57 43 53 68 47 57 100 33 5 9 41 34 55 73 26 62 72 40 20 66
59 56 35 8 0 29 71 91 5 34 34 42 14 4 52 54 12 39 82 9
60 55 80 92 23 29 35 83 8 16 52 55 48 94 2 51 19 15 84 88
29 61 89 100 18 66 48 5 58 9 48 76 77 18 55 36 29 12 95 88
20 76 83 91 53 52 77 21 2 51 56 12 19 9 50 43 31 82 74 69
14 39 80 83 83 84 87 16 55 65 15 8 11 32 60 50 71 37 18 75
56 35 44 7 65 40 16 43 71 27 45 41 97 83 73 47 26 22 85 73
11 1 59 55 76 92 21 55 81 3 70 58 68 66 34 29 73 20 17 95
91 81 46 47 76 77 37 30 7 30 41 8 2 56 22 25 45 98 25 71
71 65 60 32 22 11 13 15 9 56 70 63 70 46 21 28 20 12 43 43
0 89 69 91 14 24 26 14 25 49 66 63 91 29 90 1 6 47 94 0
2 21 9 96 76 70 76 24 3 4 98 77 60 63 10 85 78 16 92 52
15 20 86 24 26 94 66 30 28 12 10 45 92 19 93 35 57 56 80 34
62 56 2 83 1 91 34 44 63 39 11 18 71 61 91 55 88 4 51 77
31 25 81 75 52 12 54 35 32 25 22 75 51 61 69 46 86 63 12 81
19 50 51 95 19 46 55 38 96 30 37 95 67 71 56 97 57 54 80 51
99 39 32 30 10 89 66 8 91 2 21 85 81 67 86 37 72 9 1 5
20 20 2
0 96 1 91 12 10 7 33 98 38 19 26 25 89 87 97 95 80 67 13
65 23 3 5 6 65 60 99 98 98 88 19 2 22 34 30 13 82 52 49
56 56 30 31 11 1 37 94 94 50 87 53 56 95 35 33 3 84 38 83
40 42 75 3 64 85 30 9 95 71 74 25 59 43 65 47 46 61 72 30
21 1 94 13 42 79 81 33 34 73 75 29 79 56 46 47 92 60 82 23
45 64 43 42 3 85 60 35 36 29 66 39 9 0 2 66 48 62 64 93
31 99 6 55 28 82 59 1 80 99 41 68 91 66 66 42 1 22 61 62
74 22 29 35 28 23 79 90 49 12 97 74 87 82 90 20 15 77 76 75
61 11 29 42 3 12 61 14 51 2 1 90 85 55 39 33 35 82 80 7
68 12 16 40 82 85 15 56 49 3 1 16 54 1 88 6 34 84 78 46
21 41 42 42 23 68 67 1 22 54 89 90 85 20 17 5 18 35 38 97
91 56 54 65 51 56 56 32 22 48 44 68 24 23 4 4 49 49 62 97
90 88 52 100 7 53 55 55 22 1 89 14 24 94 94 10 49 24 49 85
91 89 82 95 40 6 6 8 63 1 19 53 54 55 92 8 34 68 22 86
8 74 94 40 39 73 50 30 64 66 17 75 96 94 96 0 2 28 26 91
7 96 28 40 88 100 13 21 40 39 23 73 91 90 25 3 2 66 100 100
66 32 98 94 97 99 10 49 73 90 30 21 82 90 18 17 15 81 24 20
78 16 25 40 26 27 47 1 63 57 100 22 57 46 67 46 43 81 22 54
43 52 51 91 37 36 91 58 5 61 55 10 81 98 29 70 99 65 1 1
43 47 51 61 65 37 37 46 54 59 61 63 80 33 40 22 97 66 86 84
20 20 4
0 19 41 66 33 82 50 65 97 34 78 11 28 36 36 80 57 0 2 32
67 23 32 50 32 32 70 75 24 97 97 27 70 58 26 47 49 25 25 95
3 16 15 55 59 66 8 81 55 8 72 32 69 55 39 43 40 7 10 50
2 38 24 42 47 14 59 34 87 89 45 7 99 58 13 0 16 10 11 68
83 50 72 17 65 64 2 35 5 17 2 49 88 26 66 71 12 95 43 51
41 63 34 12 99 75 78 30 7 7 78 86 51 24 89 58 62 61 61 55
37 69 8 8 96 11 24 93 44 79 2 63 1 32 67 67 65 93 58 47
8 96 57 64 63 93 74 15 44 46 59 82 76 97 97 66 87 55 99 27
79 11 74 53 51 71 47 17 12 4 27 38 47 55 58 54 23 91 73 24
76 85 66 63 44 95 75 43 16 0 26 1 40 7 8 41 34 100 60 74
82 100 4 6 50 82 73 43 1 32 11 80 11 15 16 1 90 96 12 67
84 96 3 44 38 16 87 48 1 3 10 95 55 58 80 82 41 8 32 47
10 50 95 36 42 33 88 67 13 7 72 38 23 56 97 48 51 18 84 31
25 30 64 21 42 72 75 70 81 77 72 14 47 15 96 87 84 17 2 3
49 58 24 1 3 95 91 79 83 3 28 1 4 54 92 25 58 18 83 93
46 81 21 62 1 96 92 45 26 8 33 39 80 33 46 56 100 10 8 4
9 57 56 58 61 74 16 13 74 69 65 41 29 53 6 26 59 89 29 85
12 85 83 43 32 75 85 88 24 18 14 32 10 64 13 17 66 72 60 98
77 71 75 79 12 94 92 16 94 24 99 51 14 15 87 60 43 34 42 44
65 97 79 43 79 78 93 12 22 22 69 47 28 12 23 85 54 59 45 56
20 20 5
71 73 95 33 2 17 71 13 60 10 21 41 71 11 10 22 6 30 100 63
20 96 97 85 100 45 100 34 3 95 15 66 24 93 98 47 86 0 51 85
100 41 98 83 97 78 64 36 99 94 16 62 71 58 97 50 55 1 26 30
40 96 88 56 9 49 69 8 99 12 17 18 45 82 75 99 75 58 45 29
75 77 96 52 50 86 28 51 11 19 80 84 46 8 27 23 81 53 63 12
41 11 10 60 82 72 78 51 32 51 18 91 9 94 84 52 57 54 20 54
10 33 16 75 46 47 63 82 24 10 6 75 96 5 56 63 68 62 4 53
95 78 14 77 14 14 87 99 94 6 70 71 79 62 52 47 9 22 94 33
94 78 16 48 44 49 74 31 53 73 63 45 72 96 58 56 86 23 91 83
5 97 69 83 54 50 18 16 73 93 98 70 9 100 53 55 83 62 89 89
88 54 75 88 19 73 82 83 6 100 33 32 47 45 41 83 80 77 94 67
90 56 75 33 49 83 82 49 31 100 98 9 7 30 41 10 98 82 54 40
3 99 71 91 95 54 10 38 34 15 31 12 11 2 20 52 52 89 84 98
33 100 69 47 95 7 6 20 6 5 98 98 14 14 98 40 62 63 7 22
83 45 77 100 90 11 89 72 11 32 60 32 94 91 73 38 69 25 31 24
7 78 74 52 36 9 6 20 18 44 2 46 43 75 3 41 4 40 35 14
91 14 57 37 80 18 4 65 47 44 64 83 33 95 0 90 33 38 95 3
71 59 55 55 4 79 23 17 46 59 62 83 42 49 69 86 23 49 47 48
23 100 89 38 96 71 82 49 79 90 58 99 42 98 31 33 67 68 93 1
62 73 100 38 21 39 80 77 22 28 76 94 53 80 83 35 60 99 96 76
