10
5 9 15
51 0 0 51 54 53 51 53 54
0 0 53 51 53 52 53 52 50
50 52 50 54 53 54 54 51 54
51 52 53 51 51 53 52 54 52
53 51 50 51 53 54 53 51 53
6 6 4
57 54 56 54 55 54
57 55 54 56 54 55
55 55 55 54 55 55
57 55 55 57 54 54
57 55 56 54 55 57
57 54 55 55 54 56
10 8 80
0 0 0 0 0 0 0 0
0 0 0 0 0 0 0 0
0 0 0 0 0 0 0 0
0 0 0 0 0 0 0 0
0 0 0 0 0 0 0 0
0 0 0 0 0 0 0 0
0 0 0 0 0 0 0 0
0 0 0 0 0 0 0 0
0 0 0 0 0 0 0 0
0 0 0 0 0 0 0 0
9 10 18
87 88 87 86 84 84 87 85 86 85
86 84 88 87 87 85 87 87 85 84
84 88 84 86 83 83 83 83 88 84
87 87 88 87 87 85 85 85 87 87
83 87 86 86 83 88 86 85 85 83
85 87 83 86 83 85 87 83 85 84
88 83 88 84 86 87 85 85 83 85
86 88 86 88 85 88 85 83 83 86
84 85 84 84 87 83 83 87 86 87
5 10 2
49 49 48 50 50 50 50 47 50 48
49 50 48 48 47 50 49 48 47 49
50 50 49 49 0 0 0 50 50 50
50 48 49 49 49 49 48 50 50 50
49 47 50 49 49 49 50 50 48 48
9 10 15
51 54 51 53 53 51 53 51 50 54
50 50 53 50 54 53 53 51 50 52
51 53 50 51 52 50 53 54 50 52
54 54 52 52 52 50 53 53 53 50
50 52 53 53 51 53 53 52 52 51
51 54 53 51 51 51 51 51 53 50
50 54 50 50 50 51 50 50 54 50
54 51 54 53 50 50 50 54 51 53
50 50 54 50 54 50 52 54 50 52
10 10 1
100 100 100 100 100 100 100 100 100 100
100 100 100 100 100 100 100 100 100 100
100 100 100 100 100 100 100 100 100 100
100 100 100 100 100 100 100 100 100 100
100 100 100 100 100 100 100 100 100 100
100 100 100 100 100 100 100 100 100 100
100 100 100 100 100 100 100 100 100 100
100 100 100 100 100 100 100 100 100 100
100 100 100 100 100 100 100 100 100 100
100 100 100 100 100 100 100 100 100 100
10 10 50
65 38 97 13 92 60 21 61 22 91
19 58 11 92 32 38 75 62 26 88
34 10 82 29 44 100 89 12 23 87
28 44 59 98 80 32 34 13 1 2
17 58 76 74 98 12 47 12 55 29
22 25 46 13 48 65 50 16 26 22
64 22 72 80 95 58 91 51 44 45
86 59 36 53 68 74 69 10 82 88
19 41 27 55 20 40 46 48 42 33
82 61 56 65 24 57 46 58 65 37
6 10 4
31 31 13 19 0 9 27 24 21 17
13 25 20 4 11 25 24 32 5 16
20 28 6 18 28 29 19 8 27 13
0 17 10 81 1 15 17 28 29 24
16 29 7 1 17 28 18 7 19 1
11 22 32 23 24 20 5 27 30 25
6 5 5
16 25 1 27 10
11 6 28 3 6
28 25 33 3 9
28 29 96 2 3
24 8 5 30 3
10 7 9 9 3
