10
13 15 25246396452673
792167564710991 791095330515706 789638820161278 791446193536985 796843279432929 808957225034776 815452701975310 802563875141155 818865599518367 798508330346115 810487002767869 810114713781432 803471836709530 775952667767375 793385376167760
814617512825910 810639437499422 774321426446091 782691241355413 795922015394136 762193459007991 810497389573262 766963570501104 802842465467599 808377044509419 818560216231246 783939491668010 816752148390633 814505314111877 814666909548714
794155868736732 776936891837295 0 0 0 0 775328397785843 781688920517234 0 0 778853787461977 808869342075217 803963903974032 811599111424677 778066809723626
815363479397211 818944953715713 776477443705841 808780725846171 0 801441547557672 0 0 810874833557492 777427701991019 0 799727453140061 0 816202023495067 794944940085675
809851655267628 813190701853301 0 790528038805869 0 794473437347153 0 776123913117115 0 804026883895709 820372338515050 0 767353720950275 812699264516308 773339985305021
800989011077642 771156249020323 776160243485348 0 0 774265272245337 766458816284360 0 765746136046789 773978079852538 817143281750471 0 797724338286248 794613292427441 804954433143879
779927808378908 814198110671904 787564344748843 0 0 788890973194713 809886133602787 0 767390827636026 0 0 786725436640912 797086712387404 792724531640520 770533305419226
786067742314338 817071195410003 813991310063833 0 0 765326107777982 0 0 810357469663818 814633679104707 813723818444898 813194061234444 0 819064985532076 798389084546231
823028985781923 802357421641292 0 0 799204448059076 785714903101171 795239017477004 818344591459727 789449757756375 0 817852371845905 761700626227373 0 812176445125469 815881207038392
812554360692962 771424260559152 780839305828189 798026799997323 812397654397043 765897333454529 788766085515032 793109257069459 777982436634472 0 798548410455415 814981841963022 770365610305163 762235258937172 772330631590090
821295914247856 804839692608822 0 0 0 0 771832595507806 0 805906898583090 820407271006994 0 786438336690123 787789201134393 776019176333588 766222639049516
776371368091119 775784051518395 801557547941299 782613560513750 795528014798896 766008223379311 772899299331799 802427597666061 806859351595721 766981927911353 821131964949743 803007435043784 766015578641289 786145536397315 790062748732382
789692941765739 772954375365358 770033327180202 797301530105379 784973100064501 795772922144704 775836251308982 794530192163618 817995736136054 776833643553426 786180526411412 764918338156498 807318130691681 781432499103116 812928801579559
11 18 467452246
661173972397972 661625149098577 637163889109504 671691492345554 635672338953937 678278661933594 672612788127001 631756885793278 674268249733688 662707765211502 673357268677435 657274536296441 676490099147526 633035583491227 651914753140933 677586639674511 677784247506336 641944429826404
639467497945836 655926237495956 657821872734877 682329989958589 672003886944536 632131548834352 675878877092149 644868045718257 657086477012707 640341255216776 662330775562118 654918826063245 659830919005350 677633527896550 671111508825430 656402010900231 636384907416180 660283832114813
680519930293187 679904409181941 659615139269928 662748612752156 672511676228447 652071718646698 680480310987806 666484230506792 638072044673901 657915915228531 632796791184097 665798696038243 670479031698760 647329886549303 666921615463984 644471529458403 666053130648580 642641175998412
637625008824523 667635084050051 670567418417198 665809677701696 673739019578660 644612700790490 668630075048928 677069630210830 654931694668048 669161307456140 656517127706560 639569912200390 640336703753307 664883888315468 653950833697776 643487423956934 662745441661930 631872531642421
647539087510162 637529446320398 645374148414870 639542206855771 678253118003165 674638563706889 654618658001826 648053491580861 679971311282459 636612964905151 668356417040407 668658922915407 675609012237563 657326152204538 654854464932832 675617306129919 664804395083592 660915611900687
639001380290322 635863556781761 681861304135220 638144132927101 668137558271244 669855475985308 671004960313717 677342100228891 661078340805963 637466829370032 667352480837453 679440678419250 666015365656481 660735222721494 652637437939779 662901177186499 677198588177664 632336248416232
644034315856645 670698781139785 653768476488998 663287670855743 670876326050575 634974105407851 630908740219861 648517031364030 677471923635988 653035586233682 655098731183690 650722690671646 675293484985948 678780707554323 641530840437038 671093652235757 637411477719055 633947592143467
677862442930036 650914555536921 653130932134278 660390985188925 659078083375002 639501383480553 651755496094305 657819180271389 630773244806605 672202810938278 634659731408804 649532707418867 641657531886022 655463819385090 650341195321767 634859282882515 662691356902375 632739894831848
658612597673876 668678667530790 647263163872890 647973630062534 665516409701760 675473388838250 678774257615286 647286611292880 637844533846582 682742530677897 644002064809291 643889023584821 631927430599944 651817770022271 681445103932303 648676527221974 664988876460499 655239863942521
668417835464878 644811882990769 662400818537552 673530731838781 648287783904322 669726387122511 671374992940847 668647512961741 672078051723692 678159135409658 663509986965734 644167806164922 651304510080267 638576793178903 680769805633277 675639744487247 665712233304598 661752131880933
654616195430463 645298568458321 654138538744050 665197127223389 646140279568759 655637396863448 646673930686297 664821984847548 641036739632926 637879965504513 677297443115310 648792250454146 661163755632196 683320097808775 634074780464036 650069276189917 647572751096767 674044010673639
19 15 299684792
582894651662079 610666180117171 607880125908576 577171666403921 613396320168549 591530890594473 612950111372157 590691989275194 598062563823660 598253923578704 580141084650924 596526252480633 609533654423604 592701964051930 598715425960173
597486552449039 579391042235269 586461564371818 594814809007635 593055209359080 604876132841683 610834646410266 605073938673919 600011472063835 588308460046408 609005529843257 609541617030825 584985118700008 615125411483796 593853459078155
588733346165630 582094787938594 607350643879916 614303886524091 574354405986234 611482961235411 575176878143801 597884463639614 577602836412570 594795255487537 609663513721629 612357334532474 593027644078195 607228964954802 611746191090695
578599808809086 584632943901122 575119704194789 573367295692917 597913196678652 584067033392427 599931765796570 598081474320338 607037416564277 576805908757964 579609672565228 584787764248921 601511176708013 602871816851621 601377046683140
604415305565976 614782135949482 584634111127305 598346899564168 602787749010229 600465172743886 595999487509941 593136783892129 583095175215156 587011794835186 582459838263719 578438658723390 585915477625609 574340195157675 574591775057383
608446064220903 595172697684120 578541180489865 587395697928882 573933877183432 586406524545817 612177853654898 608404473691463 604206755092677 613371245483510 0 595471954955828 574440842580278 589327949082296 601952198493246
0 604915288061207 595744341905156 609346634067195 607878886896222 575423471656432 603738679844810 598121027505403 596001995094103 613536078596722 0 0 575584281760098 603712278707136 606907684978820
0 0 593989018809177 581987162699796 595979831453440 601731139049429 595343113140900 573169602501487 600627095830656 596844196214761 0 0 0 0 0
0 0 604187646460039 592184007211089 578719303557588 594479980285797 578538389597126 609294794380681 586187013093313 583302225883282 0 583752463004603 597804399630691 599582054276492 603480463046674
606326007443130 0 597552371059155 611092377151117 587488132162092 614005499152111 592166931747719 586388388465693 613890539781931 0 0 597183948476931 593001591931153 606682839427326 582440204331218
579727321909622 0 0 588212616291054 601454577086713 0 0 582532743687706 610630583433504 0 0 581529881157992 590429839969283 598494824269484 589660683569308
588419723880952 576285147270947 0 0 586889097262882 0 0 0 0 0 592153622969308 595286102821702 595384864546874 587894077387024 591560429341199
591246654764668 587132326385256 598729589075639 0 0 0 0 576897755958698 601535851166474 0 589737195633215 584794716303025 581674160776813 591736320109738 601235531819681
578780304733058 579955976377187 607197836810095 614432693491473 603228793420437 597573667247174 587548805678673 593521238299677 608681083527731 610915544278045 584484581274137 588583035291751 598303931473704 615110543944801 574632774616020
599023277508911 599914189662602 577957694253735 595704141288929 589995817400471 589799235418670 581518845002287 586479318412899 614389077684467 601695234775967 579779843069337 599722928294812 611322543765205 610296412780177 582892615393672
598426516019520 596817511253403 582558592571514 608173160806902 588324606600791 611142383516902 580006779509531 600462616402909 585506379647576 592737457419749 593023448279110 614130956662356 602113754468973 581020530821232 580272214396394
603166212066279 602774106950223 584779836941155 579693211349835 604392871239457 588284205789880 596193016230944 596847331719905 602910930446828 590108756992042 583240167834146 589116554136155 583421273888475 585153096896594 609927449185448
593891860206260 608078493608377 580675627040986 588973821509282 578654694811256 584735673476075 579956069728022 576039594003157 579233451704651 586673240285267 587504835764147 590836732602761 574796036090877 577460454041403 613293226878281
585053011648838 605203372624786 592629248575741 601604823431935 605425831697286 596327022270833 589882231902857 588135508515418 602255952692962 589834331929580 575163077627061 580233297418895 586169758879971 607025977520616 606406307862223
11 15 33501059561752
68831134307668 264396910235888 218018612209406 99562568610426 271892824696790 283711505133917 314899759637544 37577212095665 219041485099892 200696878044445 43824714919322 157886975487992 11940242955336 238601834300711 124249176801917
144474416609596 96281797551894 5842190070973 267748186866894 81228027602216 12088251609427 85568883630753 246096695357926 254297748494383 86857878794632 237510239615468 154598133050795 197893050417853 146391881586399 102074414664331
110245359541874 297917286268172 24945222977112 60138916587854 24387725119643 327413756208833 229982138626945 90069633654483 279667848858717 104376923535483 236249724126177 48293810094904 650917049571965 68910315058475 131973886716518
17559472098078 267667181589816 58334856140180 241677333989666 120814382681529 33113689882017 250853618540758 47794755908340 26437576636373 61252545088465 29069508137639 326220580924805 98472354404529 12414717292778 90595913352560
154325996211267 134317382648581 327078057249438 328877743155080 256360720645576 58982350517081 143801855691715 20776781048125 237152710526251 39854753792501 86034428797300 306605707198959 23957845133631 231537727894720 205337162569356
4622244157121 115051890026003 127139473089827 463526585483 127264554282659 273945769796003 6566316784703 266025687162959 275139476760759 140393823351242 302493822702083 172139038830712 243020985837591 183161962033759 119001847628663
302759953737077 324736324140869 9373160883866 285342074822912 23396851050812 5445973254288 266976727168624 316386882343173 9179845756578 256878190134396 127002978365682 91133593558250 285193396018273 145979659377398 77925586175270
129831438821006 330920046633649 282821600521839 178955522426480 307376246031131 42049526482699 331189778801907 226500556525573 32307375565789 198147693787382 307855564364686 24918220184866 103085107543161 95318876760483 321054767225907
128744304617370 115826287294547 182227509055686 46136412379342 255970864658220 244976711952995 151770900121885 159241247580931 268860765509563 247430538477003 312343047837525 182026257760541 289933639975708 100408900833766 168214855081085
113015637774287 75550731791371 130030398538992 30159210438651 42262184094278 252936939267244 232790861106420 169540943636627 12753677407232 323911756742902 70252932182977 97608639156110 175379263019624 102620576846768 193791986687118
189269831450341 266982904156321 308425810116192 69668388280109 88384440661335 327412881430357 190840677192458 60543272745877 176575754984161 203531027376652 182372541022331 309664444681256 65460645050421 208383032188713 287499217486067
5 5 1
1000000000000000 1000000000000000 1000000000000000 1000000000000000 1000000000000000
1000000000000000 1000000000000000 500000000000000 1000000000000000 1000000000000000
1000000000000000 500000000000000 500000000000000 500000000000000 1000000000000000
1000000000000000 1000000000000000 500000000000000 1000000000000000 1000000000000000
1000000000000000 1000000000000000 1000000000000000 1000000000000000 1000000000000000
18 18 7
283801 283801 283801 283801 283801 283801 283801 283801 283801 283801 283801 283801 283801 283801 283801 283801 283801 283801
0 282863 278816 282870 275210 282877 272383 282884 268678 282891 263618 282898 259362 282905 256045 282912 252486 283801
283801 283801 283801 283801 283801 283801 283801 283801 283801 283801 283801 283801 283801 283801 283801 283801 282919 283801
283801 282975 218369 282968 223186 282961 227204 282954 231983 282947 236098 282940 241387 282933 244749 282926 248077 283801
283801 213007 283801 283801 283801 283801 283801 283801 283801 283801 283801 283801 283801 283801 283801 283801 283801 283801
283801 282982 208846 282989 204493 282996 199204 283003 196072 283010 191371 283017 186372 283024 180937 283031 175340 283801
283801 283801 283801 283801 283801 283801 283801 283801 283801 283801 283801 283801 283801 283801 283801 283801 283038 283801
283801 283094 141391 283087 145801 283080 149728 283073 153073 283066 156441 283059 160957 283052 165246 283045 169822 283801
283801 137918 283801 283801 283801 283801 283801 283801 283801 283801 283801 283801 283801 283801 283801 283801 283801 283801
283801 283101 134972 283108 131244 283115 127724 283122 123316 283129 119726 283136 116171 283143 111648 283150 108219 283801
283801 283801 283801 283801 283801 283801 283801 283801 283801 283801 283801 283801 283801 283801 283801 283801 283157 283801
283801 283213 69691 283206 74493 283199 79871 283192 84414 283185 88969 283178 93965 283171 97870 283164 103240 283801
283801 65529 283801 283801 283801 283801 283801 283801 283801 283801 283801 283801 283801 283801 283801 283801 283801 283801
283801 283220 62428 283227 59256 283234 54485 283241 49813 283248 46745 283255 42260 283262 38963 283269 34893 283801
283801 283801 283801 283801 283801 283801 283801 283801 283801 283801 283801 283801 283801 283801 283801 283801 283276 283801
283801 283332 76 283325 3909 283318 8892 283311 11702 283304 16437 283297 20847 283290 24903 283283 29931 283801
283801 3 283801 283801 283801 283801 283801 283801 283801 283801 283801 283801 283801 283801 283801 283801 283801 283801
283801 283801 283801 283801 283801 283801 283801 283801 283801 283801 283801 283801 283801 283801 283801 283801 283801 283801
20 20 1000000000000000
1000000000000000 1000000000000000 1000000000000000 1000000000000000 1000000000000000 1000000000000000 1000000000000000 1000000000000000 1000000000000000 1000000000000000 1000000000000000 1000000000000000 1000000000000000 1000000000000000 1000000000000000 1000000000000000 1000000000000000 1000000000000000 1000000000000000 1000000000000000
1000000000000000 1000000000000000 1000000000000000 1000000000000000 1000000000000000 1000000000000000 1000000000000000 1000000000000000 1000000000000000 1000000000000000 1000000000000000 1000000000000000 1000000000000000 1000000000000000 1000000000000000 1000000000000000 1000000000000000 1000000000000000 1000000000000000 1000000000000000
1000000000000000 1000000000000000 1000000000000000 1000000000000000 1000000000000000 1000000000000000 1000000000000000 1000000000000000 1000000000000000 1000000000000000 1000000000000000 1000000000000000 1000000000000000 1000000000000000 1000000000000000 1000000000000000 1000000000000000 1000000000000000 1000000000000000 1000000000000000
1000000000000000 1000000000000000 1000000000000000 1000000000000000 1000000000000000 1000000000000000 1000000000000000 1000000000000000 1000000000000000 1000000000000000 1000000000000000 1000000000000000 1000000000000000 1000000000000000 1000000000000000 1000000000000000 1000000000000000 1000000000000000 1000000000000000 1000000000000000
1000000000000000 1000000000000000 1000000000000000 1000000000000000 1000000000000000 1000000000000000 1000000000000000 1000000000000000 1000000000000000 1000000000000000 1000000000000000 1000000000000000 1000000000000000 1000000000000000 1000000000000000 1000000000000000 1000000000000000 1000000000000000 1000000000000000 1000000000000000
1000000000000000 1000000000000000 1000000000000000 1000000000000000 1000000000000000 1000000000000000 1000000000000000 1000000000000000 1000000000000000 1000000000000000 1000000000000000 1000000000000000 1000000000000000 1000000000000000 1000000000000000 1000000000000000 1000000000000000 1000000000000000 1000000000000000 1000000000000000
1000000000000000 1000000000000000 1000000000000000 1000000000000000 1000000000000000 1000000000000000 1000000000000000 1000000000000000 1000000000000000 1000000000000000 1000000000000000 1000000000000000 1000000000000000 1000000000000000 1000000000000000 1000000000000000 1000000000000000 1000000000000000 1000000000000000 1000000000000000
1000000000000000 1000000000000000 1000000000000000 1000000000000000 1000000000000000 1000000000000000 1000000000000000 1000000000000000 1000000000000000 1000000000000000 1000000000000000 1000000000000000 1000000000000000 1000000000000000 1000000000000000 1000000000000000 1000000000000000 1000000000000000 1000000000000000 1000000000000000
1000000000000000 1000000000000000 1000000000000000 1000000000000000 1000000000000000 1000000000000000 1000000000000000 1000000000000000 1000000000000000 1000000000000000 1000000000000000 1000000000000000 1000000000000000 1000000000000000 1000000000000000 1000000000000000 1000000000000000 1000000000000000 1000000000000000 1000000000000000
1000000000000000 1000000000000000 1000000000000000 1000000000000000 1000000000000000 1000000000000000 1000000000000000 1000000000000000 1000000000000000 1000000000000000 1000000000000000 1000000000000000 1000000000000000 1000000000000000 1000000000000000 1000000000000000 1000000000000000 1000000000000000 1000000000000000 1000000000000000
1000000000000000 1000000000000000 1000000000000000 1000000000000000 1000000000000000 1000000000000000 1000000000000000 1000000000000000 1000000000000000 1000000000000000 1000000000000000 1000000000000000 1000000000000000 1000000000000000 1000000000000000 1000000000000000 1000000000000000 1000000000000000 1000000000000000 1000000000000000
1000000000000000 1000000000000000 1000000000000000 1000000000000000 1000000000000000 1000000000000000 1000000000000000 1000000000000000 1000000000000000 1000000000000000 1000000000000000 1000000000000000 1000000000000000 1000000000000000 1000000000000000 1000000000000000 1000000000000000 1000000000000000 1000000000000000 1000000000000000
1000000000000000 1000000000000000 1000000000000000 1000000000000000 1000000000000000 1000000000000000 1000000000000000 1000000000000000 1000000000000000 1000000000000000 1000000000000000 1000000000000000 1000000000000000 1000000000000000 1000000000000000 1000000000000000 1000000000000000 1000000000000000 1000000000000000 1000000000000000
1000000000000000 1000000000000000 1000000000000000 1000000000000000 1000000000000000 1000000000000000 1000000000000000 1000000000000000 1000000000000000 1000000000000000 1000000000000000 1000000000000000 1000000000000000 1000000000000000 1000000000000000 1000000000000000 1000000000000000 1000000000000000 1000000000000000 1000000000000000
1000000000000000 1000000000000000 1000000000000000 1000000000000000 1000000000000000 1000000000000000 1000000000000000 1000000000000000 1000000000000000 1000000000000000 1000000000000000 1000000000000000 1000000000000000 1000000000000000 1000000000000000 1000000000000000 1000000000000000 1000000000000000 1000000000000000 1000000000000000
1000000000000000 1000000000000000 1000000000000000 1000000000000000 1000000000000000 1000000000000000 1000000000000000 1000000000000000 1000000000000000 1000000000000000 1000000000000000 1000000000000000 1000000000000000 1000000000000000 1000000000000000 1000000000000000 1000000000000000 1000000000000000 1000000000000000 1000000000000000
1000000000000000 1000000000000000 1000000000000000 1000000000000000 1000000000000000 1000000000000000 1000000000000000 1000000000000000 1000000000000000 1000000000000000 1000000000000000 1000000000000000 1000000000000000 1000000000000000 1000000000000000 1000000000000000 1000000000000000 1000000000000000 1000000000000000 1000000000000000
1000000000000000 1000000000000000 1000000000000000 1000000000000000 1000000000000000 1000000000000000 1000000000000000 1000000000000000 1000000000000000 1000000000000000 1000000000000000 1000000000000000 1000000000000000 1000000000000000 1000000000000000 1000000000000000 1000000000000000 1000000000000000 1000000000000000 1000000000000000
1000000000000000 1000000000000000 1000000000000000 1000000000000000 1000000000000000 1000000000000000 1000000000000000 1000000000000000 1000000000000000 1000000000000000 1000000000000000 1000000000000000 1000000000000000 1000000000000000 1000000000000000 1000000000000000 1000000000000000 1000000000000000 1000000000000000 1000000000000000
1000000000000000 1000000000000000 1000000000000000 1000000000000000 1000000000000000 1000000000000000 1000000000000000 1000000000000000 1000000000000000 1000000000000000 1000000000000000 1000000000000000 1000000000000000 1000000000000000 1000000000000000 1000000000000000 1000000000000000 1000000000000000 1000000000000000 1000000000000000
19 19 1
734231336697745 731592506919978 720077263102269 724358573928332 714749428407364 731511588263301 753747140392966 740054432726883 719739658541650 713707059395560 714599342687736 720652279497023 721546931066938 736448047163041 744778982728202 750649326404889 740355955666474 734954501540677 737375946697787
736032262414856 711933159530249 743171281409375 735273776283486 721942085494471 729557809646043 734008234207811 735145110314662 733040010559785 752306379079962 751978833851952 714764662254146 722658590123046 743540442959929 727713673968790 749528427923980 724803159666617 729235598279041 744737861441326
742202390166247 724523863805628 723738537610949 744209082909830 743724798112049 738850816693450 746592736004937 717399411744715 726347139280448 746976610575037 712519987032689 753652163235324 750369644901619 719351731597577 726310010807499 725860915349802 725088279551861 746351415555677 719918479782985
711153068421125 712204708511805 729743186402833 727403905885362 735179027413450 740264472858744 737336933883841 732416606021763 753182566152717 729060858100949 727354056580710 730352454415949 754916828599769 727240838810678 719838458634473 721956733815683 749302277404803 728411523972667 718922770043239
741921614837539 741755748265071 747852560519659 717703568547928 722662214566595 743760159713774 711205409122670 750658310719685 753199502383596 749547022685182 753479393025079 749375513351729 754043288498043 733256813064322 737350600883228 754817369615599 734392660257209 749634285042546 738545833210582
730355648513771 711961920023061 744983951555858 743726612734948 731514096130324 729561424274540 744600934577348 750341060032879 735430521121847 737232280181362 741886612891884 727015988876293 719142421347584 747944055809026 731930834733847 739711296791515 716262676445406 745086431855775 725538187364011
728720350511515 725089318380482 739116422050371 751537116997163 729029886039506 722748981430461 715454740593198 744189636661632 755506463581139 730222745615477 748550368065056 740789927106595 719121626030176 726266672671114 747623826298628 736318771643561 731528369832725 715495152679624 745537904653771
742812339342006 747238090064866 753320755612995 739011077487268 749373708271463 732339571518970 712451375274461 752175278674177 737992639464580 731339616636381 715331925557155 731562070312538 719892816250745 744232273400024 751299740053345 724678712748363 739099829011840 749715776582036 728032822098063
713985243320210 752750198140701 753850751186650 713799303861409 730463805819947 756107221302577 733955566935348 746764992938623 750416818461297 734288992731189 739030110792176 731712679465344 724151096361690 721695901540220 748649254764522 741708478020167 754303986231425 753457081581901 729763284624746
750395691265239 752599641285261 741784799275232 716593493993726 711157610224798 714625984389342 736147745251803 748494117624792 731011736466316 733929611002415 712229207332293 753343752368000 745509215700425 734439548969017 724663564212767 713640820579783 732179218734215 755702182810001 748244139984477
736055134439658 751075744547072 742401440614641 724123983161727 718746249616670 737060629758704 725570725428477 744853154270758 755500232641832 727490471468643 747453973307184 751298058309871 728480532699662 751314314992562 733688122548647 751831667299440 724252296869475 713528374762230 753807212858246
755584930867887 713138859383793 714139409845773 741613199144935 740232773962637 729420683509121 729608375832474 740278289752329 712344277191717 734569492385269 712372415296791 721178604646105 717898766235967 735076665259134 754945891711382 754112904396181 755775191072686 736548691371722 714888191363387
743159427327322 733800785411896 748878337826272 711773548985662 727470722295559 726582661918666 740284442248370 711560368738042 718081724802637 721334150220836 722925436395933 722515143642985 713955732307817 729424689746031 739295829727399 727348864334627 752910039713138 743760467079324 729227929314735
722809960069332 719191150934594 715125510486957 726275481052332 722050303399858 718298778874280 725331452202674 755551150082834 730788033457697 752516636196219 725044658153286 737722026108443 746622876398371 717112216912418 755673879752464 719931240209526 725283970617749 711465587240795 725853546786567
735631412776737 744307631700278 743818208855292 743133419715544 741691655959602 730341889536884 746215079266439 748363636048211 741143642214688 715227450590128 727112222224160 744323700895247 742155758214315 733500078515985 751591816665440 731969007271630 743847427093414 719807113985101 752542996221589
756150879285007 745785757535850 754578600408759 736509245524524 738988209884102 724615672723451 744947736511636 751872260423566 724586686520824 738810865405918 723989059380479 747135217097051 730114209053920 733606181572611 755076385060258 734033126786569 744757880234214 744414156538622 734340560155257
721714453687474 739871190246759 711810725388207 754930399046756 737722494223107 725149712520150 755272199497499 732489477267353 724556283731844 713416520047911 724761523336732 750599161055647 735400437510761 743523374748142 745178356018346 737862659074341 722998734418643 721717106231922 745870419371571
753427254186692 737238777013632 752512554846180 724448991243101 713440198407382 724044604823910 726895062242256 744735104719348 741488105871438 754267746281757 738026872823718 733090755991971 745308079745757 711364965538538 713514859279744 753616496931262 714737953187280 711983715927154 714052617250140
732738828754629 744045001276079 739407002957456 737191103250249 713583068762427 721208301420445 720130012623596 730061357650387 754947767729007 723177265865824 750950050505913 746146101584603 721253909504651 735573450469014 739033612731653 738368718651654 726289285222252 741440067501981 744098174312777
8 10 2
65 61 65 65 64 63 63 61 64 61
59 61 65 61 63 64 62 61 64 65
63 63 0 63 0 59 63 0 60 63
60 65 0 59 59 60 0 62 59 65
59 59 0 0 61 0 63 63 61 59
61 61 0 0 0 63 0 0 65 65
64 64 63 60 65 62 63 61 65 64
59 60 64 63 61 61 60 62 62 63
20 16 10
412230 412230 412230 412230 412230 412230 412230 412230 412230 412230 412230 412230 412230 412230 412230 412230
410880 407343 410890 402614 410900 396973 410910 392114 410920 384468 410930 378671 410940 371999 410950 412230
412230 412230 412230 412230 412230 412230 412230 412230 412230 412230 412230 412230 412230 412230 364488 412230
412230 319426 411020 326994 411010 333505 411000 339659 410990 345338 410980 352414 410970 359679 410960 412230
412230 411030 412230 412230 412230 412230 412230 412230 412230 412230 412230 412230 412230 412230 412230 412230
412230 311569 411040 306247 411050 302131 411060 294556 411070 287416 411080 280397 411090 272447 411100 412230
412230 412230 412230 412230 412230 412230 412230 412230 412230 412230 412230 412230 412230 412230 267383 412230
412230 227536 411170 234679 411160 239785 411150 246218 411140 251888 411130 256121 411120 260355 411110 412230
412230 411180 412230 412230 412230 412230 412230 412230 412230 412230 412230 412230 412230 412230 412230 412230
412230 220396 411190 212594 411200 208462 411210 202702 411220 197847 411230 192182 411240 186528 411250 412230
412230 412230 412230 412230 412230 412230 412230 412230 412230 412230 412230 412230 412230 412230 178958 412230
412230 135517 411320 141802 411310 148958 411300 154235 411290 160866 411280 167504 411270 171559 411260 412230
412230 411330 412230 412230 412230 412230 412230 412230 412230 412230 412230 412230 412230 412230 412230 412230
412230 128797 411340 124391 411350 119824 411360 111906 411370 104087 411380 96651 411390 90868 411400 412230
412230 412230 412230 412230 412230 412230 412230 412230 412230 412230 412230 412230 412230 412230 86383 412230
412230 42715 411470 47962 411460 54644 411450 60295 411440 67165 411430 74355 411420 81797 411410 412230
412230 411480 412230 412230 412230 412230 412230 412230 412230 412230 412230 412230 412230 412230 412230 412230
412230 35449 411490 29144 411500 24672 411510 17043 411520 12369 411530 7265 411540 107 411550 412230
412230 412230 412230 412230 412230 412230 412230 412230 412230 412230 412230 412230 412230 412230 4 412230
412230 412230 412230 412230 412230 412230 412230 412230 412230 412230 412230 412230 412230 412230 412230 412230
