10
20 20 369330204599036
260168732194079 598786009562567 387127731096348 265266073868610 380241643261495 494286199758530 497741234016107 371709036707204 631180511359175 298170973959745 504719828647004 524191264420651 589961439123686 336006773067000 413947491199696 233635224520693 872611462274088 362653919900176 552846623493170 148106431704159
128285157681726 581903767030527 525178454677539 640383425029873 856351220366073 986986618516123 674932102649612 757069223465178 182622901672411 283679137184549 40781791175962 660275357110521 537255789236923 237870523118180 414711290342256 929242491785314 882566116767533 51278616707188 434396194854463 549980301719286
176546004994460 226963387928999 796973250739503 435984010886958 46212998302119 265692956333743 57192810377449 680485172511842 567045242533875 141287845842858 187046987838874 633070219276630 268212870374038 217689076438570 521836314606046 344496972427511 641242672785615 967899139692555 939419924546980 514371920867010
755367862291601 412257500154066 290450270659395 848298008495715 699921515658326 228414682599145 946944242504115 762789142451119 698611736509721 207089004072567 389096380222322 113960000913070 831308627690788 907706016175513 980666250518662 457873318746561 500303322655072 313021474056306 157117405729961 125702833504849
940947432112965 419933855667598 428790772034982 65992450740691 695126782133534 195173356056074 896339880915841 872412310283680 60383302962451 538398761949026 670025911064654 114658872627720 986234749895586 914606003259668 765062437345047 326540725829084 23114398381591 351892118275565 719504544079566 573086260223575
242678173064303 872973232515642 734215723952844 554129346064704 704411072093209 199764167421053 92051547676486 286298319037896 820919605407808 456706157979745 497085824588235 296010050893552 883035670779901 527872101355084 105264358669535 174788040492145 537335209155770 571189042984313 969548474261627 742069607684185
657944719659695 503430785505763 425600358294628 212343640286882 310856389475163 206441135911852 418441485587430 363521782195084 869922717257141 396445215296020 695341805487764 801136816743762 561653756877677 563391506019583 389472726541199 213763383905892 45780437654920 328502432467465 554144655124997 822293883329454
813105200124759 990000335375137 7191735120952 216564290950895 122815543359544 736506415223123 547535731519904 162694277946667 458624287708591 370738822608257 843960566027341 844728189598190 641700647034626 318118761040831 576744648507510 579442001539554 5311242417993 28218710287030 684815102251799 68998542443286
533998219040832 630997346231631 999550195916595 918743012527490 200937128408052 593036465174523 400315220349037 673327127908489 225274543159066 242056292255643 819979838958708 652878418596481 609720857785929 757092773634705 601701417604482 44802236094495 265039052524299 112548422465766 357832324254593 230548323347981
176172591329170 568261549495270 742391279285572 973127230877354 404452602360325 552965691876210 141177667077177 307631267982316 656242643541784 849635940183967 374157576412174 410956703918200 332840030152422 992419243830250 164212458557771 364214248213973 25384003938078 8586942314041 298957881994749 198573092633377
599452828907953 529911908235418 375575459474354 591355170196605 73696079473416 81612146499548 302914638630116 28226939111872 241872191520306 469422975950682 84106401232575 159281610970998 731224565501969 874456558662319 599489696896288 750032003623826 178310395699847 988221963582092 479164511417006 833627448877178
173960516905534 735583993223363 25101696828238 262472690298543 238938944937601 414401733016813 551212395923810 676203655925197 293505526865673 222233684899600 902774492640103 544909895068417 471138335629323 475642003595530 686450220134018 975648736308220 471387939181681 977868864299601 14895624800081 436758646700241
358997341090946 363015195063771 355537067774201 623620850674936 883025955150588 751795897622922 966512176661599 842042556180317 978470206899722 470003081790979 582016462387224 166582378330430 306602500401870 254929574317144 37916478892861 14381582032825 254588685409806 78885209538512 369670506811012 64268949082394
277539583063493 844000511863413 890753417964944 214646209057280 4653657730782 815257267869521 643300906248308 120449927551091 69215986273663 622004890955524 570434187107068 381228497875881 151128949883687 763220798858882 82223287876333 670028300723149 535638365777203 62457945511271 571300263792072 916794638168363
76648305476796 310808179602519 458764172980843 509378911298575 686330033199111 831987750353949 452331666154134 952486254545931 935890407962992 78054068765153 814419152304014 316808758624726 611064754516095 176741603947439 699099371656453 148076651675024 606049282611180 146368432976760 298307354517896 294883152885469
77860372486922 465284972239570 862753491481118 2623757024444 559780412760651 811139905159726 225649534688562 495835843069548 745381830799671 128165954887140 94122479876650 744750469505587 520157645798583 853181938698792 917987230527690 907283961500458 142859593691490 350909386292239 768511611465263 303706691550219
42117178330720 570941010913283 753414176063263 354268549820585 134343545648092 804766721478445 185216207585237 846468725229153 959069173458788 360351494904008 717286232837633 960925767948745 708012780629345 930800641430220 598636798695574 490067511905574 119045168186 918575048298319 688636608143401 733729384919380
183471118331947 284065823877678 387311956685274 976512665903535 5467074250981 901873007417448 453844193992213 339345494015430 656863081030764 370236516033643 679230962909928 736118056082308 662918627919159 805760161820569 583149873271598 891747250960174 553290447737984 535059870195416 683261765775527 727825546316591
740057508260071 419327038590983 932768953367795 771787784611776 267593106388148 343121043709148 860089947802823 877240201460320 255997096679707 958199733002138 544541116242634 82983342344168 441667332129201 220178734207031 568135637175105 161315787009288 866315298696616 161779847647596 337955898590445 977320681146856
878845892942424 373844883694427 381282504791526 627268890087381 744953396439323 787965883684187 721003570480532 999662256342120 315370221076185 326755063391953 642527515163824 668610888855841 73886913555212 344534651509503 866247673235674 581528537930729 239312793472712 808798580910416 879009676983073 622450008433795
20 20 17
573324553837420 573324553837428 165787370378220 33772628476662 92603617393095 176067766912884 620781698052103 346380628894114 166327226314382 781026692795007 991483024552249 436941362411119 562407821780296 410319985797316 683460400005586 197989049661902 197989049661895 5731488125831 353446465600762 442965258545096
327262786100094 77746468771569 64226975943419 506577878974854 410154420647025 597234458839881 59779151699071 956560517481323 508016283789622 440095178220767 163286220671012 228291989727382 228291989727385 52870091383162 918037421121941 359205396965075 948267554511186 5731488125832 5731488125832 914661133046437
761773536492051 318917677266307 55038481409786 506577878974861 597220359046678 53653246908536 550143068303802 415882785933559 18534471849424 208437369700961 406312870797821 429602325102412 661668479849136 661668479849120 274238097388947 281743235447188 35959038149923 445369231840524 5731488125815 914661133046425
173256846857668 994323771384350 519150064497802 503668929187327 97249434482584 572522930834358 162882029565129 986767317218115 882611373062601 210358182723847 685563187747648 243975590689528 377354160769812 377354160769825 36819058398910 626827962935017 445369231840516 445369231840522 5731488125805 647207766401542
281628790953660 36775521732861 36775521732878 136937275705932 273849420114266 562946641892552 562946641892538 873916936438338 563236119293132 563236119293147 275467814802422 728753294711862 5619373662160 903696076363654 131674377975781 626827962935011 190210869208044 588360422259965 707459263259934 878636142737596
944242493512642 878275039941743 635110299156118 374601266640706 854562964050761 806551413228980 198447757790014 873916936438345 762962213493118 219808297435504 506209905908037 943704537558394 715679131245376 715679131245382 876345230057399 234667817032242 727655908868549 873429306806509 981945913871046 878636142737598
908969065074102 158680157298865 345333794462604 784994976113648 334576823032717 637073849463601 78701994275511 873916936438350 148005493545787 897099874955064 254050927137961 659385401737176 840943497715013 651128644520580 189852430503615 982722807964668 188322753634547 31412448543045 372262166576116 633028359776160
103408592109377 205452684544726 205452684544740 205452684544741 958282885311515 40071326188662 40071326188662 924394384104300 208265169852348 721590857880826 432335938225663 816101815736859 816101815736864 247557048843362 901550024616601 233488603009397 233488603009385 243748384351566 893229350904676 271379607089078
918896934521874 604828415793913 158060396548986 481393676964223 481393676964238 39498499751183 800172511527056 852304698239149 26819711669078 432335938225694 432335938225678 816101815736844 666627196849162 445002233797006 390010959335103 218631485497120 462913699164354 852176792278338 394614219661300 394614219661313
300970141435534 460767453064388 158060396548973 232217395887070 772382294859020 571338919103449 317799561654052 317799561654045 539669483269283 214496965050150 127576482266102 404737733837648 666627196849175 666627196849173 496904771554370 760396643338971 276554827157918 885114566693144 158304479521495 954868856338711
19239117034766 239099784772131 327184516078679 569481689430434 776339273030370 395968778978305 163967047063460 709721724920264 471167712679952 471167712679944 925930240186725 948673244480827 527198534856567 799762240237829 567203172650044 472592350178095 393393964218365 908542751811343 838077235422818 491696770302164
368755658992206 843423120251011 416487702434748 732075702303959 361911263851429 149945078430837 609975654204921 118398049235531 271519354669737 178283035155795 248554940666493 964976712990850 750218523854172 860018321210184 364785909309508 407247957880655 40907614078401 425663037099239 542131839318012 504936003045710
99464594622776 759757751352349 236347590145712 433160638226301 814298358759456 858151341966623 776955187481474 977406485198387 728170175953997 778889870412950 638753742699775 964976712990859 750218523854173 46136552906278 364785909309509 358803447298012 215425289010214 4269517812902 649998262266201 727919428490083
459610456217555 104566644068491 868966275547860 431610205817401 814298358759447 928484727319459 16779942606214 785140225704854 480701954374475 159042325435060 956110094762095 964976712990846 960082202490167 864976857258384 674383634541985 418700537427991 215425289010221 626207644782575 31621887929052 727919428490073
673635526821758 861554030295531 439156523658351 591229088660938 591229088660931 530391709833381 832284645703186 898607450689817 390161786294382 159042325435056 791057766980672 180814542695977 778012586826109 741387919412004 674383634541991 674383634541994 664007410126089 549343017565295 21722305696949 739639095762439
656018300933320 418820614544625 418820614544609 634392832294449 807848039933155 530391709833370 228596023560673 585243195831045 60628142278446 227593595231225 227593595231242 227593595231258 79145420599211 447380780985363 599418481612841 294793658523036 132873347532616 132873347532603 750014615805768 914172032191779
236999421638894 767701257694762 767701257694752 404599979667457 807848039933165 675747050750568 224219883982877 585243195831060 765983027493728 493123236333770 281112897087725 778144000842066 79145420599217 353546890359734 238187089484115 286640655268493 234000057589898 450595055260044 521513522594647 361509258717786
69985431761440 810318309470220 638665097966271 141838488810280 732910369966189 587993663294654 186900790843341 604036813005932 604036813005945 736030214635271 464421094341203 74341782613758 235709691674106 848126688829951 15053889006958 704239187216286 600990863363967 199645786265521 150225976199639 452854068990254
799528515064990 745618688191260 542980766810073 572629726134427 587993663294639 587993663294638 587993663294655 104576591089160 604036813005931 808151317529566 335289601438208 789056054299877 210144092717452 513771221318397 950980470923422 94282646625483 244364409398085 837485870416813 150225976199645 752629586284753
759317219884385 627777313192502 627777313192498 627777313192489 386076491228984 205085986541462 285092174204682 943104958992684 943104958992676 43900922634839 359473027039183 789056054299884 929345982952240 633088547851219 447254895944934 92620641396898 373944292067268 373944292067262 373944292067267 869704930629508
20 20 41
915860153793201 562501934884388 100869380051246 35224636451089 705406431278691 671578006381548 914789278600620 158896449136162 616665570861696 621666951087292 802896666826447 914532250410177 445153787751987 445153787751986 683598171247700 625909927115769 854834417393125 180243089703833 112669725192097 387852434166738
475211214059989 475211214060005 89241897104258 286950851501085 232978857854545 790276520872170 466671879383072 759802070793549 981244166094628 981244166094607 997166507470533 738450965553726 7707173205155 436144836173048 418432379170077 415068292081916 897474159533130 434097430064875 414601211300072 414601211300046
910464651606243 586792833601200 341071503723573 488372106529742 826990575195382 790276520872152 934075610615148 688110937847012 650226631982576 240953122968169 882467004307493 896085438232511 389187106813215 101709714222398 465724335778014 415068292081878 912623368818138 562613778542623 775991454970090 957269657842603
439201718773524 610414059262161 388430145946573 388430145946602 420290849008972 365103023797242 75378521137158 75378521137198 448379350040289 593002397353062 610394768068661 971008416874383 253688260521989 309171814354800 45037106528938 415068292081876 584032466233477 494303081692422 145099121340323 654635924257371
577743120579861 338176361124600 178202153500816 388430145946624 398767333826280 75378521137143 75378521137176 75378521137192 982803667647693 585730520259525 610394768068648 19914633303781 299402877383287 650976244280843 616991488548425 675003880184507 696154219443370 494303081692384 456848069563652 738239276736294
452290512452056 86868724153796 911222173954174 681720867935642 20434392633172 75378521137120 827576081208317 397979126217538 191835502988339 362559526897046 559085540288571 376890145434562 471639017538682 261046735384386 341001775595797 830287051956418 262535329125169 494303081692368 494303081692339 828344063836938
66615101355845 758289710845880 948865181373919 753912590345342 665403535623054 734637210418898 734637210418910 704302789134854 191835502988365 545489761598957 813245085486207 467340441761610 698860891006507 698860891006505 341001775595833 615733359022498 292891190397612 292891190397574 292891190397607 303878665646894
799618870274405 880999317453803 948865181373946 694505440181600 637618320930097 613938110119011 718885064932822 241059651946056 131042064133697 936855121123864 246344870268708 201930350642339 227846936590119 78092851191776 92048680396837 297363920624650 142548845914763 292891190397604 812784789245196 683351310186046
799618870274440 971643549999300 465587286552356 465587286552317 637618320930126 407353492488409 817292373315709 131042064133743 131042064133710 451830538110723 322000964101500 201930350642323 622132972611156 763693839056462 253173094486027 229371601268231 660510503633094 355638329370533 607404163743242 683351310186014
311279485564947 971643549999259 431023809689803 595510199147010 804511408457137 427479023736695 879010126858811 67969988893533 353545308145783 962287028959340 800629661256310 535041216515668 229831117200379 898146966149304 92834474209690 630035915882191 27385461448741 103083142251974 450613387329976 900186598219546
311279485564929 158665579366857 45528900753535 459436533907399 399966173905253 399966173905222 879010126858807 433484071167981 984913455779740 674701600231246 398752189721556 684382942691702 538403858697863 898146966149289 521475651678167 207627400817797 365320278085384 565122281416960 679967597326758 194914971606421
652596000439038 652596000439020 300003761226675 300003761226680 981601739654171 399966173905238 851615349638023 110189842987424 387017083887709 992289979144764 990882462266201 27643154364226 538403858697901 225492964380456 717453687353090 20308665985024 312556910363076 746889075314622 382103087853089 188554506890231
410754125369634 168628856657422 203058090582597 203058090582572 469011273256746 105513177301660 427176144080149 83785276439709 671213243698210 56981675537164 59519978049891 683798005028980 765236111794207 539268865965850 623126235589899 663289159343553 312556910363040 312556910363077 52553670435541 657149000330824
98190756172839 621912379437337 569079937723249 369962091391710 55910249406719 963516361119579 342129799712356 532048382636310 532048382636319 163413097357898 376294947808671 532824930655489 507569827993369 228163740961105 534654570173962 664934612883728 515833559095567 266024051395940 24738016887508 492407158726662
78655469730304 267997713247265 267997713247295 508332375503790 508332375503749 251458460592544 649496619689297 129152955250511 811242085425744 811242085425731 50947691447465 483657653801802 221795303076734 221795303076740 926004122462960 664934612883711 464444984342559 60412766120368 60412766120399 949626225643899
253841922144614 150373313235881 267997713247306 145481726337927 868856172293222 44868019654576 649496619689297 823914420556609 376939429731106 638609421769291 403757278881900 251491626947813 135755485528744 701414539606005 771637891422485 104663566548601 464444984342600 60412766120379 60412766120378 336995848018691
768143345614924 850385230793937 267997713247271 651673380186990 828758044287817 278544671694516 775400182777338 823914420556624 247422703475020 632457903089806 403757278881891 215250521606546 664585181466201 336219977633387 962830201225584 35569380360595 201092663660994 952024901485656 232009294755457 406008468088676
921927684484766 83520837795077 83520837795047 981746934830915 66281762544382 942838996795878 775400182777356 126483015343233 219847221032910 794508711190485 46003426153581 215250521606567 883939409844246 883939409844232 835774236209938 35569380360613 388847818642548 670320750021084 153306159008470 145122280190939
398832127131182 226212695748668 673654951171297 913674052088192 214271230937693 708372181546800 775400182777367 126483015343258 198062148052672 906397929808648 46003426153612 534380739891704 456521505329349 53556357226993 108503784867485 532031769871211 388847818642542 755682917031141 858834444408122 391745816176549
597048741559289 551355051557828 712178750850044 712178750850021 751804039897863 708372181546785 880825797986682 430030223008215 963765226161009 990223919322940 205872742927929 337342685706776 885884720551225 81432853419761 108503784867469 401733077602705 388847818642577 844525307155232 506909371613801 502287386533184
20 20 84
719864416429204 176912388286502 587309051733121 473886697446519 666569595974101 383431313518516 227629332589404 227629332589411 196582686438207 262661372246049 246194733477820 371017100236813 756858286174341 157079920637742 770573372324100 708665886574176 148319958481329 471864035180400 859856079199970 649143848436799
294677849884715 432507401224040 265565720054664 34748202347188 129529046015831 129529046015884 803350291532111 87547045462109 819192561997919 953496542636185 246194733477757 973832509853190 419965076898863 45153500012126 45153500012167 45153500012226 492650000586775 471864035180320 568105078423722 172281692477996
294677849884668 381277386737477 837685558772458 97304693520977 893326188748251 17645781013158 803350291532119 327633388655055 188846320037751 953496542636151 512521917207656 117049005692268 419965076898909 420190806025323 721199697529480 602678389863618 363709528437518 363709528437461 132344814250628 132344814250605
408432723315637 381277386737540 85833571159214 399136681671995 843037796685334 621921326346874 756606100984497 469923533610326 139652361704596 982699474432618 982699474432656 993965971573361 402766015147861 420190806025242 721199697529445 779930672978720 220839735491676 220839735491732 990601018341663 898369162454833
863381839325760 570987602355071 450441417153474 621921326346723 621921326346777 621921326346803 191016247025454 975917085141814 139652361704651 881846393738551 943897640421027 993965971573290 268196241618546 663459113693969 991942400801873 827265177880142 827265177880204 220839735491753 220839735491713 320339003078648
376459964994708 370407439042919 652265451575620 946820348637918 330611987616701 165685887407298 783224756405837 783224756405759 807443355927844 807443355927834 807443355927795 162731706615054 330939031423856 697338273178035 893144333267270 722054880786555 65568829900027 220839735491697 953286582289084 553462462593824
469066121114322 78117572439716 652265451575595 595989883775173 717378397424439 879197446881998 358320152547904 783224756405740 36568461753737 973474234411182 807443355927800 38945573580503 330939031423867 698616641354178 117882312434398 722054880786474 597733979721790 725402197101031 725402197101070 790066864659089
174072792782490 174072792782450 174072792782496 174072792782464 523822750826075 815587584568146 815587584568226 226051756059216 703360395942708 875243852410924 500281102597354 866418497169991 986637951684593 986637951684515 953421309371064 567554957055593 597733979721779 279632807486195 279632807486278 391436968998815
174072792782517 174072792782406 174072792782420 174072792782436 174072792782496 815587584568205 168108475723119 649497429879101 957328661440560 387871373446325 500281102597401 618995090775985 861909092292613 251783598842005 188165745023893 565744989862185 367820215938367 871413485684557 279632807486197 91963856896212
553331710072088 823036856802803 766500898175881 374718625307842 694109902322565 466591245013205 604564775034463 25805717292131 96755848090760 673060963700489 701013445069601 618995090776033 281263422142458 159775048510558 95393237820644 95393237820646 387550711966926 622654791292977 350338822913152 514101880439811
320702002408581 703853339560979 140163185999588 193234069801573 129885437815831 847321732788418 459908211269160 459908211269106 927889454534924 85349428515366 393965837500159 393965837500203 717999941740067 762118908462297 95393237820605 370078739252026 494823447077087 339668833770608 862595823187947 862595823187875
253515531753587 445305999092517 773921467914014 112181348398635 112181348398583 266709099486093 266709099486057 459908211269077 676945912389174 317971122461555 392175311408981 434561326366355 699271933351263 253255298978990 704987753642066 694784465084595 324525085845534 321428480232284 518547412312350 276484242227081
253515531753637 754259009203786 287070888582199 988896617400020 474101283117558 34482178340324 856389036701255 692145823389498 923796277201522 353888779275346 732082907754004 377309036550469 882260683267891 859405090164619 42702875002924 2431735151614 566625110638366 386997921112213 1733638238733 1733638238787
190772611434235 718179187122027 559640430545062 988896617400075 993042406725792 927300149217357 876501052770118 198389184998459 323974919188419 545299330333509 592690072407309 949379130291199 949379130291170 938942032605310 886483474231468 886483474231542 130761269986529 76507034240064 1733638238657 931816792892049
442208637170732 214330530342179 510211893934407 988896617400130 933855651307299 752448611377673 565936229830837 565936229830914 563619034798124 549457149505526 660035938352937 911362137473356 574624027322391 938942032605254 828579857884286 858493960001486 961737271360224 76507034240125 925160176565164 925160176565110
235284627409189 408080630938053 510211893934398 988896617400079 641081973592604 621599229906212 537148789777319 802903194163567 430640265693787 430640265693852 587770449099472 838375071199607 928652541019769 182999765708878 691675917636530 989621918890689 391936944611079 580798370551882 137893236857496 338873837663987
33672137282327 630991466239921 303788185149021 708834746107348 129882310234655 2049700383340 255076234885509 408729370463566 430640265693856 206904601280354 732473392303058 918571110651201 248598499341343 248598499341310 691675917636580 112712381077126 294579238492558 580798370551927 470222139615729 338873837664070
706473249748290 920574706481818 525895389294680 697975216588402 449117781035581 314237606461581 848281723352580 848281723352641 151352620466932 732473392302977 732473392302979 544684680561626 232517625091384 621462281308986 691675917636623 154507622903082 147124131494442 457043452996809 789322777576557 789322777576573
255993864370202 920574706481901 185855533347186 900898456813881 449117781035645 546376778190433 272703595941765 847685126084709 442324688956712 92997725868657 92997725868622 892487786827826 754098641717830 851372799411532 851372799411464 390373937065230 147124131494372 236871293724304 344462710590063 499331935934757
255993864370123 920574706481846 640570687745575 186210736964168 186210736964109 952297098836234 745914296369952 373593331946711 314112256357926 445426062207393 445426062207314 135482613430598 76402784778747 514377446124053 258677556761692 698631446225257 698631446225308 549120769304623 546467470805845 408365251745936
20 20 34
249956940854242 350759289313271 357817166219697 820909522567960 820909522567953 820909522567987 500178078592079 867729932434242 262090441536546 936398687301051 687058480315558 954961094029319 827741583836034 994016115274212 732764284287211 523694371504557 181413168437193 573176409241688 365604299491954 30177425028676
531428101781176 552087859826195 639244254563741 983643304388001 856266782592240 980999897439388 500178078592101 575806315790993 220986327402058 364941461992501 760054965999575 986348479252696 799780896357629 799952912684313 289965088747251 523694371504585 819591939027461 381071650026488 426337996757630 30177425028679
531428101781147 17003480167109 525986890479048 162770215993185 49359277997046 15211115582262 594419286350316 220986327402079 220986327402072 220986327402088 138167196513296 182119697771550 127918529752683 421515438348186 300084235939463 523694371504612 410205824356422 194249072584214 309767996515509 371673694453967
250441936303378 250441936303352 385934714330134 308324100060526 239458770307013 15211115582273 15211115582253 457577630669930 457577630669939 364482664184367 627755381393031 182119697771516 651617816622860 634828734874669 342933496415010 852539102389637 229494096405116 142234676367754 533570836041145 64660776187915
250441936303367 846978892228505 469685489271686 560481529522757 470565848544810 182804168224089 239813780588777 230076760889023 676369468511574 146925676039072 123987151858776 459805866217444 160283335463402 634828734874685 376397663142919 545546695093459 507478362130227 250643283170095 533570836041111 979975004221593
427329897885449 676865353572135 874129803895638 255590123695219 415323812645404 182804168224098 728051854182022 349222797418379 568565797778430 50393513264660 722838772423530 958918562639702 956117837827039 579457810835052 502943682555161 29540799862609 29540799862583 405700319095279 533570836041106 540504265882476
686415994447419 686415994447435 874129803895631 874129803895659 696950658202907 182804168224120 728051854182045 728051854182067 961201403692163 232287984981675 586724800147527 493972040997710 36448214589376 411380331515537 806584284266128 607891259880343 206330863830361 25438148496593 780867762806991 540504265882456
822578303551036 331242832829221 756621685009607 659170379561394 659170379561363 836269403475598 392162135342680 492655006379469 961201403692196 252418299063639 586724800147558 436835298587305 569522497442316 848569517543680 422397474278990 430092812364312 187050259680516 25438148496621 274715422900951 761339524469915
198616718664329 331242832829232 829959330985201 234306696803607 606852898917930 944396486232502 944396486232519 456539566456042 228196246665664 252418299063616 522867186171198 2544513277509 485763910294965 594057931106673 118456645669103 745376558377625 982062535259168 884252904290889 990131608402037 186734596583388
31969971933262 744732427621628 943614899277172 245862099409531 81324781401213 81324781401236 561765142180765 893344137307825 228196246665686 369118947874915 369118947874901 922581844969817 205556610801158 628007288993215 728026778656700 745376558377601 982062535259156 672869917168228 917185329484811 186734596583407
202950189416501 934506685598761 612751543997778 79828816031010 325932565291057 595716127787076 410954548787463 981726373501709 955316355164444 369118947874941 231764471799386 483428861047144 369721634040454 628007288993205 664531663137956 44398657618482 211766450776409 211766450776388 219130319229226 283171935257228
861385967447267 366576036896025 612751543997758 833987555312729 646385687431895 319878197856578 98831546504 552316716999873 902674836910506 453909730528700 430502543370857 321681967021022 557299939562781 28635934827969 905419277680283 791723402933019 845454914356588 228417225029307 394534354200612 411530263085597
861385967447266 193487854699113 147995531877334 147995531877341 863576181280771 899948495859380 789730771889875 209054501367707 288195782864468 976397582394221 758422515526161 708521914458203 708521914458173 131877479652703 767914520999111 194353962855708 677287671581283 988718930113689 363862223605754 378139198280645
220566217338649 625869175770864 268656668946177 856467091212794 217360312023507 50393960791578 50393960791583 740039447288564 485179887939682 437163619895485 993252246624492 99652205791219 392517271475477 392517271475448 392517271475464 272781406464845 664899465489450 664899465489420 358423317916875 456519597520453
397723972940552 598455431031125 750621997963992 856467091212790 898344280499863 50393960791569 50393960791536 985979063925761 255914745862845 806406643221634 806406643221654 917459147655915 460915286734200 460915286734233 460915286734233 837751935226355 17959810416460 641077529014150 906514620028055 906514620028029
732744131592456 127748137984642 654894188933999 803470332098774 225145775205785 543257637973542 50393960791526 710287711619352 903798884326136 24932421087807 780285244811554 996175987504284 485316117431374 246577289215151 722832489918184 17959810416405 17959810416435 834473587483477 454498572832642 906514620028018
531987948405490 628699357498323 246368521850855 68641436575167 68641436575190 650684586911431 829031486341758 9835039289633 501143681933245 749339442326646 990016097606988 990016097607018 485316117431353 551401164161041 551401164161065 340718440021173 993840760875657 755843343380082 34721995937501 665371776932596
242719067980357 93228647296280 365348748908033 754596414004403 754596414004430 983303228656555 557443585145109 692243594336178 465848441225341 278186677973577 566318972160049 337044888175909 53389601607444 280347948967591 551401164161064 551401164161044 373599804442404 755843343380062 238532581306074 114162686361477
598746999653040 282578867948370 332502429898200 895249636993081 283282853526935 313938671664874 716924910420371 492757464392609 613577677014937 613577677014937 337044888175891 337044888175913 859206945261695 39337993732988 115508043101562 326151192045698 734974752094054 653819949357789 653819949357767 436571604602909
335154947382412 282578867948365 332502429898173 533579712892745 974935147423687 974935147423720 179768520895577 21152816447984 161989318596164 161989318596173 351469225858602 733984191699238 225259763698687 81266625745724 157393427316410 157393427316426 734974752094078 351753018388399 204041581274618 477014538170880
20 20 49
428010645706932 906056343317515 906056343317473 695410925351524 445494943318077 728277160896447 756293808693349 597153921502702 565156336817274 255284439990235 599884598907982 507505708069665 507505708069619 230749647468162 735105938912256 27267468462163 116377183591296 627578046034818 128373795758842 445410090533196
360399911424348 449599321066979 906056343317438 87893442461619 545023417016693 465580200689193 244294828145341 189599798025355 118869046758639 255284439990271 433600302632644 943750356856455 591632536004968 692197702715247 715968893461921 506460755310336 923125896208970 923125896208986 805785633680566 257382773832649
690262914408152 92328500334264 906056343317408 813358659733294 566071043774793 671919714424370 73963202139713 289471484401355 883422542678218 29104449691039 284095370316662 950652424074556 950652424074578 715968893461980 715968893461933 333485227358330 923125896208963 923125896208970 213226286634717 637442743988102
110987211129242 10082933499630 470183760870792 962769590824789 347888373394395 347888373394379 73963202139671 101833915244060 427319576487696 29104449691005 426320358060506 426320358060492 123453194392660 601882812163257 604160125862353 937641369173615 923125896208936 249041267350357 48978203286477 466241165295723
110987211129225 110987211129207 327471594760406 406145168472723 694224010427260 691741182136944 967881464167174 858980808297331 858980808297340 29104449690997 906329416011163 306726221511103 971207678703636 971207678703671 60881379709478 927275281526891 851549418958459 796517476948928 521449023617647 521449023617615
436925704271599 961251068213171 813716318709050 406145168472759 406145168472747 406145168472701 371497378079500 48116975899977 303754908880842 181439616779773 795519757857160 156482577743269 971207678703597 836371919949224 25159802910837 350602578978148 521444270477398 143783578984224 551312864422499 253617740822884
888308074820792 305223195950961 201874537203462 139056693237863 85376365078719 940272208352764 415373450596027 979943565180060 144612273432172 28337433200229 795519757857121 44437931616659 299240210226581 743022940852653 801037408049384 139552097064533 309298687524363 945848405607335 945848405607331 639634879438722
767368223529302 557355500970543 486719282037690 808588072829513 427331724119155 11158674185782 959913887683109 578276500677777 943180118350410 28337433200189 290790837529765 744707132449317 304456888957224 108587384791997 737810895317981 816150218307666 616405685939752 71787356360529 945848405607358 279760150631897
535604295426778 557355500970551 589427638070798 204669635823837 208620895660275 480272350548065 205501849426798 397949173855989 636099307892183 696619835660378 468360069176681 941058858512168 19948103462103 847740014370802 897582937894011 58340682332391 858620565462271 625528284874642 979279571396564 393239640310293
557355500970495 557355500970521 707849376368653 207788801739190 649830459318780 313024987773334 148722111142449 901526644502784 718678612544569 79280566615545 233007687681348 261442942815143 19948103462129 966749065792673 771658409475766 473573098003604 503404516900944 682044416206248 979279571396522 428914894448698
792508852819829 222031101511257 222031101511243 307678010082483 996551201850265 832915894783808 832915894783786 901526644502805 391648189125876 441521867009304 387729963264658 214804564452753 214804564452715 823037989750648 690009940958134 575695446232739 214647454012720 859857221243561 337824933258981 377850851728824
792508852819796 48510216837589 139440484692395 179141751655887 388922435659529 940758422914332 131742438141023 160471856735413 160471856735384 1691801141291 662562316641394 833394630169824 653687845414766 31561765910662 170670166067271 142067574047337 162114052335522 461409849845960 91313153494618 724712154819284
260799970195989 403659771130143 696683681135009 85665864660159 388922435659499 237552361517409 261226910587666 689913015843890 607667335855599 598276072323084 741373383875789 450375717470409 594260617189604 812678978100091 812678978100054 658882150546481 884404777899020 361099648708929 423993527643742 423993527643703
508245673951991 403659771130145 383089933090198 379889403705940 469633602388985 469633602388983 776074371488513 63783354462168 490958134795867 900980601862307 340410072568034 956901066128516 225384538806054 441246825698410 122689518108783 863285359277864 223941311279839 416458973374228 878176516561385 15871386552236
985582155000375 940885746387013 17346845007268 553769488295465 294099252835667 19658869935593 718334913167713 490958134795791 490958134795822 490958134795816 490958134795836 138919418081362 290611401166679 441246825698361 441246825698318 471675479818640 471675479818652 648244846097344 878176516561395 126120515981412
63301086549211 63301086549212 17346845007260 17346845007256 763330046866552 474053636803632 490958134795815 490958134795813 598147319830717 968380704333436 282777832368790 95686852766372 941737427969036 40645101577817 441246825698275 52240382515854 471675479818660 141449115051356 141449115051396 285409704710563
700065696402160 700065696402172 835198163477029 277190631735876 203371570633017 852827861565989 852827861566033 678463847514487 337422968885688 274368035085223 735890060565705 789766963679994 141254256292233 180024952427611 649143428078218 660405846535924 205376202728402 219441519690026 382884705621436 170000440623068
563892133788501 297468185902362 7715425117126 523731714260665 996354452093863 443931873166809 655410958182449 716283261445743 337422968885643 298572707899805 733568858910648 609157493515401 811292304828032 811292304828062 956256615466382 660405846535903 660405846535931 638567990995089 434376863080608 948721932663830
708297375056263 251285579141745 731899518740498 8684538507313 996354452093904 623819931237301 121522694164947 242625074734470 685477534911869 800531271099523 310632389590992 908081462365495 507139544817816 507139544817833 33241290857953 31241630547684 660405846535932 648494236906833 32003600305911 134453261551408
525600617366736 292976498479253 763528806664322 48131939737094 623819931237258 623819931237303 662468435669759 998798316890093 685477534911866 564699250793163 267237381353052 940418366165554 360117684221159 623063728846272 850440662104120 850440662104099 127452395495491 270183091866204 94238868444568 654255813028140
20 20 51
669783801367911 150863216511695 996736503600666 996736503600636 539394208373159 650898102110527 296865894297940 706807463587021 323359193747136 718472805439412 292641381352461 797352909624970 867750777503161 758211485388766 856572262851863 84245738740023 566125861378771 77793506138898 915880420935582 915880420935622
639356976167413 712979731894367 557950648083352 557950648083392 761679197669301 311938627148263 890135433138866 176460653437606 706878194789913 77747973512554 342046556957922 342046556957922 595317375196244 758211485388771 301054963420852 612539074028976 934496783860337 38931259991216 575921019407978 575921019408004
14978683212927 556846242266183 79984234355763 557950648083387 199311665642844 311938627148224 692846332989419 279202148181631 493459692475362 647494023985193 647494023985172 222667817937949 149029683478136 149029683478109 841102897396156 612539074028996 364036595620805 63245108853438 890125623986022 758586877437016
574397272459107 524199715452737 137068388707314 128041692490732 118671047845848 729445426077219 492500359035630 767796119853067 670405776591517 361970949296417 361970949296375 602725882255191 885659488722697 506981674638088 219962662272480 9467664145978 796982665149446 96983276574210 493351676129768 681693432814340
612175510773235 725614612876866 229284273336322 229284273336356 257253525310718 451179771643040 822260232475059 554339203672291 554339203672287 498470773239869 248416100376126 607768545825867 607768545825892 46635870579412 116773920961109 577975730868587 194075417348446 367415366254565 418037748181006 613985342748264
210249617873724 210249617873772 689622580348408 529680434218824 409307395270923 279910073140889 321976272549073 321976272549038 690330633299038 80105122581811 80105122581772 940332136194357 183341844211699 522300319780317 320875347007236 728041905413027 727890141953439 613421350199191 793265739052224 911900263222780
210249617873763 246606466590964 553752437698017 103318028408511 49263937374301 467243602245345 140597099630428 147347658858382 690330633299085 350499215119229 350499215119250 940332136194407 186874698921683 590492494711510 758054290089475 1504287220157 208599568190495 329776744450418 911900263222761 911900263222770
352471567142757 10997158687223 860723983034777 860723983034767 226956431461449 503744594750805 641094659969487 318964739795865 627783972629636 350499215119259 411456659356257 861499787209925 252909493830690 401582707181509 495677194132172 803335028769393 208599568190503 846085897487870 911900263222755 774945219622865
394236199580982 384512619523943 976883302394283 197174051532245 133494839167799 940296896153500 972725258692006 318964739795848 767806306803547 768639011545600 858826527325527 10294799875824 10294799875862 619769282384847 619769282384858 860967403792065 938195887765657 846085897487821 197641647182125 829769958910455
90708241368482 719066378600334 874170656517633 498094468361960 133494839167756 478790790965867 385445252788528 441922132065261 20738150624715 468225274121238 481436871625077 481436871625096 481436871625063 951409827716350 576708133450999 640933418434956 938195887765614 500856438532382 500856438532383 605213724478918
262779421765612 729857127351562 294325865395684 598978795509132 958935739393686 958935739393706 331936090112997 404052957473460 253634050087489 765068080269224 953260570958426 953260570958429 405168136032285 208557793535262 512998020064835 17551889731598 436192745296015 588648213160946 254445167078873 923666909236787
627061411008366 520921233396080 804164561087190 652188522819239 700808598112542 716981691415155 370484412647326 795087137226730 168482679719272 50510693497998 50510693497975 50510693497973 912114460983785 424978132239958 424978132239978 33050945624771 617938101686358 617938101686343 254445167078848 45635365717993
627061411008410 104881556527979 881480279880997 139717022609282 657227372389120 929972467387975 878649348320976 129606859825297 129606859825265 49803971387949 50510693497957 398848382006555 941892350841409 941892350841419 638551623296424 638551623296382 638551623296340 638551623296332 193476023017497 119092590429860
14630011443105 623956951707055 398458703933024 987205796958714 996405606713166 873988887288548 878649348320998 100978578054264 403687667703011 934192866894847 622455300793122 507658033540273 440774519868988 952254406899895 638551623296416 638551623296391 959433672236470 361272927825717 696232313518966 486542255626124
710195104815699 279070267967061 702141115252829 786889287964005 477402261361324 404663164809753 776466283139644 653683333116261 465451351903029 609424628990955 490027740801109 109018507648475 675514526583479 53196881167802 254857140967633 677812230131099 821070667734577 821070667734543 696232313518943 135702282269116
710195104815742 710195104815722 710195104815730 326923760170180 300855301212150 732331066261801 667036334600017 673128247565989 911877290439943 316861515876183 604935997278119 867728025808796 619333504368863 422406870366161 612649916102537 16052998034893 438614188373112 981816513753378 537990749969989 655379048603185
217468433750809 639957598476576 326923760170146 326923760170162 326923760170178 456812008867864 851817891996893 812341611307412 524226551741981 988842133626529 604935997278095 445303906848616 744133458574281 454812762992789 612649916102528 612649916102515 214028591089996 36418720906370 36418720906382 36418720906366
895068429518781 616045109245387 616045109245363 866185387702365 326923760170157 823169867937993 95879287911276 420317153612958 247451209787001 924331228141516 522479238540515 522479238540501 891889186814940 606249827937818 612649916102514 896719601300526 393157173909742 767394981392018 561890908500146 561239914692665
895068429518777 34982088959889 113061358828401 658003617867986 466308932124707 442005494531688 182963657920968 231421653329115 231421653329128 617946256232972 472650471573216 93828060953919 579267048577166 616745198469682 148985544398979 782777664293402 565225445169731 33666635481582 249011973933361 438519357961533
179582004102029 729072099231842 729072099231870 173924195006909 542515774399999 542515774400025 740300494702432 301916197139728 301916197139763 322072447682000 997355358998519 528566507201577 579866343070339 709815483033211 451420972575257 451420972575244 697619285044450 697619285044440 942869624055563 422987348289965
20 20 41
909211047928055 298360066036740 441907816596918 441907816596916 441907816596936 753871079045135 507993079855128 738665139214886 837586536322848 910611474953007 775576774512600 817676915077999 113627725136711 209119195688200 76206667230970 234148502194783 400218298464578 893993790556599 43228115217213 647262341987600
911039389622329 201915182186711 235301423039168 508538399590745 441907816596921 210421134697359 302341708420186 999644792694805 999644792694795 106142202723931 698077710980949 157063061389364 243602082319531 118233967923395 118233967923428 606071307863342 606071307863340 639475684109126 497516675473204 647262341987620
44605192219260 338314627313267 250003147913535 881906534026536 112349244870945 458857755257055 861330406814615 145666951986873 559708019327047 559708019327044 135622321102491 815965202696724 339683978631695 752820083589698 118233967923462 174770712477825 212882848966420 750257742920299 350638711719361 740179889676330
911299436413352 85473213864679 18309563430578 28664667986920 894806239467106 785853686106453 910118108669780 841102399854139 431574291538480 576598443722367 454344635607253 698693750653655 698693750653658 986376983127877 118233967923467 680684007930812 866263768594296 326834188293695 326834188293700 515607500883795
465150966557667 221345706044770 272817714222561 359961693675164 426379414765172 18328294347209 549008948018852 367352745554344 604747160134742 276654751492195 654972988674997 863112200767082 87028036520694 406232108592164 41934261132524 449344674212777 866263768594316 644989474298264 644989474298279 875542754586846
697177452352562 697177452352562 75456261960148 512143799288256 426379414765207 335813992872434 530173768767775 530173768767800 957955955571019 276654751492212 24196631530671 523715984789181 306800260396575 541168148272985 41934261132489 449344674212786 137467933284345 63185942442341 852834456745627 852834456745653
248146225558259 218290924743267 602961694561732 731919436011104 1885291101818 497700725636182 530173768767806 804820313043344 804820313043356 840033080472931 688742468167034 854869042832455 586907243598077 458106806653351 545062544863041 449344674212761 335383507459335 155715987698325 305675102866465 842048916907181
474045658221062 771673816453169 815602391850957 878544368246830 68217465946964 417815097641362 177806006996631 948856789645475 78253269291234 27184052145396 757570501718926 854869042832478 924114398637886 988323164682359 7508854449345 449344674212723 578708656244004 578708656244026 226303767132097 797899206002264
742513650461945 409410991862405 815602391850977 815602391851011 569705507984076 845830656442747 789274765264318 947684859452612 231328726931926 170585379875618 566777178078270 900764926832804 838610853198556 838610853198547 562510965297700 667468201795242 347021782751286 319970880969457 264779205403814 947081665612717
49725705854738 336521385447088 599108471115645 751622960974738 218807706693957 218807706693979 52784188073364 42751116200545 248605727621841 170585379875630 405513179397567 838610853198571 838610853198551 329569015132075 776819841103147 674256622790057 613831502679290 401392531285532 439851000875384 403545864038362
986315178468174 986315178468157 464105279676066 837925840761673 605589468203804 61589398697259 904453959205522 385323389362887 267759122561110 595152778549398 113241842242912 757489234690259 757489234690295 329569015132066 329569015132037 664003977095433 664003977095420 246200770485798 753476513485781 810769918590722
986315178468208 986315178468186 941199687098341 581532770844944 319338911611121 355670277774644 303134133728113 588244571457451 44626507265468 946045616075725 857097892316087 757489234690265 631474531293469 70995622913478 329569015132010 654595057841817 654595057841777 920623508879840 753476513485788 429765267795453
910309691563515 955821570246237 890167313909486 21329954048882 664972315662120 175067894955693 33996678437586 572753935789185 668538278668062 172153561625469 116285415509737 344925204809244 116316558283482 923993787052096 979399469529053 81411771715174 747630142749324 655812183838439 452971670004466 429765267795466
641573223622562 971207500868391 629233483340552 1639228474327 645352438309263 155936731450100 33996678437593 934200008389454 34670820327709 998710765265829 446538977634812 124288881648381 807142881451164 923993787052057 736450568341186 620074552594015 39465961333962 409625378370343 252248805046122 429765267795482
604807339478578 614816430185212 614816430185235 614816430185262 645352438309280 45377148343381 80823015686422 883140343778733 584829175929567 849854062067580 753711082855624 390394291002871 886600329938882 643984565950510 192873293135008 995631726168960 119611385484434 131199190200252 131199190200244 63604395304998
667674229248453 688834970149677 666917977893901 494540354760012 811308561216117 179324036979998 80823015686435 782793970549645 849854062067596 849854062067620 647029300324507 323782392799552 721660190243386 721660190243354 123970342659718 216173238340471 567597699088271 742653534249616 77719627390036 472220513718513
691960172501373 691960172501373 878800009337572 813905731548378 837064280429074 338803120868620 332731700626335 782793970549648 782793970549647 812851423483872 559611040651528 323782392799548 660698577100040 660698577100049 226293428515594 868528446952394 1342233593541 2169286079324 822060779667795 190726052736443
702637587662792 702637587662823 592968288230972 813905731548343 633638196271968 900873434145507 384823756691321 384823756691292 384823756691326 788121415342705 478294641434196 735030716900104 222427390143154 849265971619280 431076866942152 579706651122505 579706651122496 696615043912273 540010547522128 494921246815795
168580583489101 349536250052428 592968288230968 579503803304125 982669847536258 653243379692976 653243379692982 651640815770372 239149171918169 217375159636692 108276651320373 685169351542924 685169351542958 639377555174078 760046867928262 962475341802002 524056257139245 696615043912284 132478363930495 668228291628456
360506018532824 599582103893633 347519094529578 996696547511008 982669847536233 653243379692950 653243379692973 653243379693004 619355950865312 688618244668828 428595660790079 504893192825116 549167953141155 731944329435676 383361745842385 597823260096296 217052632292503 217052632292495 217052632292500 985082971057663
20 20 89
593862889642403 623098038618160 599120495323830 929174480401272 535298025638411 75122905488079 889088506060922 32511269931603 549100155463809 549100155463742 686678578594136 135829821114961 959662146811133 607426049684412 406069539893753 951401115942975 529662020740539 361187225545973 893243411252801 653886157888329
593862889642392 623098038618186 623098038618249 463463978757805 903933036737738 448673584967633 990796279092972 772878571977879 597023183302155 488819647331533 913238310321333 584214697825571 959662146811185 591074125520653 299425279587705 299425279587790 181441977109895 593932274034970 840382205108080 313752798424081
96905230675384 812755770714271 264830147441004 706564558283274 514393399824108 152567008866321 630014711000175 772878571977838 597023183302162 530624110324219 853650520753218 173344001417557 510895911036905 348023242536089 884628661076433 216528900147578 117333755979827 412018357751001 965211789789201 383853849197359
521684019673279 706564558283348 706564558283268 706564558283347 706564558283434 676598059332614 153872149568678 952643207420058 674286511898582 146973710607157 937536506643931 763279527111298 763279527111266 338577956466482 795833950870135 216528900147514 33545229603253 412018357751014 844921596291044 593324478874828
521684019673230 425898071071597 706564558283291 706564558283306 568204774042548 821993977411108 35893903243836 66568268317439 380062746837993 380062746838027 576108759016760 367097801968716 51474587183798 451116249898926 425966631007588 811380495899495 126117775349038 126117775348987 437191485920027 437191485920022
536942896759302 312066598784986 184810392450514 436997610674331 436997610674379 436997610674387 438887193768397 438887193768435 965983762631053 573928972385694 322621983998631 715352098995884 990693903643692 335970086610407 741401186071137 715684278346021 645773990968964 503172107951586 651825301907749 747842635061884
54879133108151 619222278591542 539997297966392 603488607105070 39731068584133 288486386269792 221097317481460 637917669181723 965983762631075 725969602698099 849437698673117 428630440276152 619194540359983 755819727037365 741401186071150 34233773535794 980259177557980 471465559844917 465919412280900 884027201880105
586076902332301 586076902332310 111700158576212 525324347934153 122513149976071 989104959552058 620910854191590 943810648723189 943810648723239 803150179884374 648739409265022 526963385391857 161894805308496 465797534487911 337645435397608 103736689435991 96691108792465 948550871142663 643306596246830 546910084947860
484172354458516 586076902332291 672884052739063 437323329357279 176922344301879 280761239566950 420110190898661 420110190898683 420110190898719 68882928027921 648739409264944 526963385391829 220405093063955 220405093063957 220405093064031 930704408127841 284288581505327 273198066622488 273198066622403 273198066622327
224995217557249 105849842425434 837528880928209 800074014817008 516858785471324 280761239566947 381934045886812 425052817307034 161190545004832 739852262961956 498914198282057 818480275103238 807033929867756 89532772721244 973510154399735 211759107435278 224304645340003 867349394596775 473597189799013 703965488806729
151422808587906 959263729053406 468682331578461 506552648181515 516858785471314 68896781330315 668381339288754 332427680771584 509542722906552 514029009146872 794094069419435 219549406631889 819087155137052 487166041918236 537629733373089 656235968756941 772592199362139 747044783858169 401347416984935 478436704203328
30985400719147 958739468232840 958739468232880 500267066939964 516858785471366 139505952359074 689085677509956 509542722906480 509542722906548 514029009146892 426565716707402 200997781947629 588033771549383 16826191525410 360472460463394 760414232887423 772592199362198 483977426149916 822070554259510 424386325648850
696851841458575 368318671215949 958739468232901 767311349259729 273043997557348 433364496851393 613481628160750 509542722906417 254795175268969 629107579579369 426565716707457 808109293601774 779858218152474 260480343416640 240183104224579 745240725591862 470930672727533 535213348225483 942879915210946 586478110072693
184188240307094 22289036803101 989991196269719 811180418856599 563476445630943 974291323492666 222326695958398 203408047480991 511982217466481 629107579579359 426565716707436 204361079731057 884950177021567 870787357643753 173685962024619 745240725591784 235075351994672 235075351994693 942879915210904 682712362261467
184188240307137 184188240307196 419720054097739 149708322457971 107183268792931 805602825930082 805602825930045 157681979547661 511982217466457 185781342317030 426565716707374 112838486589157 751405752715146 36883591372997 827997151768984 861568049665072 208444813412344 258814320949725 686075772571604 686075772571608
822673371740843 981468921682013 114558795381278 357179052045147 652372315646437 681427064447320 541112801911572 237195521506847 862106153206949 108514851221046 90610113941610 870414873257650 637704358380344 129099772870750 226021232912137 744124882870358 536788731388121 603238451780854 889696656627716 889696656627742
930378547865318 89737729614281 381602468653655 381602468653675 307716236527978 321465027171168 127786396580907 237195521506921 237195521507056 237195521507131 90610113941524 425721502218899 394678588529114 331393604691250 517372721229735 744124882870342 836163390807277 836163390807206 889696656627718 397987245715629
63439945173430 74802273420910 565822336215447 40910329232793 161834944165003 977250956321920 791366995182822 237195521506922 237195521506987 854383716190472 910980720476575 708676577928205 606890250779319 331393604691240 331393604691177 996392163956262 937729897724493 296522844273868 397987245715729 397987245715684
733990046784842 783889964802396 321455039185637 40910329232774 20743639480489 338732471668642 791366995182857 301727677642624 45488474992270 194819526589065 580379341734093 580379341734064 972236133475240 972236133475218 617069791862740 742367252999475 583178369397614 583178369397639 615343483147710 92782865650414
780635487720584 294862747852758 294862747852826 443493858647501 320866278209755 683280355507773 505303953207613 485428195446989 92924697827741 942828147215212 959926961764813 710840069944650 710840069944647 940772911981758 553748984436227 742367252999519 299024892237560 543343106735125 109691767735033 40151550565655
20 20 244509494979695
4788167004561 581701356144782 622411219474744 619624466994709 139771348967887 331492987847992 800966196553600 925778846334689 976352077981027 766847518966626 599568124998207 312749915447546 589573596900426 431407581256821 242021171491010 26703099500855 697548305760251 345547556146574 352107322656850 918081616874541
627450333046466 541233852017827 218993346752019 770283674553621 807632634318459 404638326062028 367161733914045 109895650744517 224933449631653 814669413147594 32203906048173 416513863862418 308636330576363 673209410356147 416153732909782 656144496538251 552586497511561 162739853463280 907397049056963 273888884764402
543016938336864 288875093150824 793875345570569 111216902720923 37140652333411 790224760577942 735201308509782 53589583266140 984259050121350 664407500162378 921447196912252 436954467252588 342731654851337 408622527880366 128138786036216 70507827803616 286812130952588 346533101360088 506769189430903 581751771267319
799304953084530 177541607117907 997707430049826 255828109186960 676205664016130 810211209469687 902106079070118 775170705894112 573232143335419 434995885812165 563688655930718 244679281195656 19886589143835 308325479778900 100680651635669 538229473835602 948269661777778 573476520791921 243455849798221 345399834178602
660065384220980 784648481937076 530011523752865 505563920807803 612273512845124 66612037648606 870395252419119 463235756017687 379402042916342 925404136691657 97644402295537 304954717010800 233474998774371 660571326929952 773692519005965 752975258890127 763598548717760 297910455640581 326696086344171 690375528331716
388733459333952 353507113062248 176359365608965 840351028229781 701725875127517 238908199386297 209723362190203 115099871146875 261562133383804 128617975115446 36147859064245 531768759244255 423504029869704 513127168960697 846659475350623 194812635260979 862750053180827 352997856595548 518633902799604 589610090090501
210914301001147 152806232559298 6039102070936 766436018472408 80787766023135 393204245828904 629404723965710 464943964356577 5164218751084 431974647266974 961076577209818 525544131951622 434037418323157 559140654560118 962042309989312 793576776652506 649540861622306 386943910400884 397009228468043 776776187181027
311685902900069 127732016058064 686894258235655 774779784839542 101246517962926 349812365709035 457851368777834 973830060167449 292282022795493 387368924795680 289956279183204 442405723171811 642760701213924 482050230245503 642625661801994 524923148117983 372637315819363 810030667981474 934671111157336 518217149392301
727654860762300 560563114781500 683164210858335 89596688804879 50600392223960 335384023470044 539369861520361 115982097901086 10912462808352 159889911370645 357603237757238 715692350325687 674762067729732 609585578139888 387091513341841 294726814046181 453163610951007 658473450916288 110286794951903 876755297306800
471005847966701 281771985511273 748400396032787 281020224362306 599655137013540 273458303425415 521400840525487 19957249552409 350852243449307 886858145537950 300591663350075 405372342697740 288951050253778 71434989942109 261773799386422 574907511810414 334504057989291 705217301644502 779379153826762 529826515393651
319400493104726 270858678619255 176351020400884 425551128823905 38009444952713 279475398369491 567581284930115 385220801056025 898562657954900 981577187973424 131477877979386 820337590337547 684353567771264 809686013420653 656302262033380 578526369510604 693590659648606 130183415321895 61095077078309 665877337482337
965709438849496 490657569744961 952404040848102 590347817656558 75940455733497 152470984444 858761312633072 320902945652229 287682768398972 453416935212452 317443151039324 499978639581409 918552943991336 685371525466062 637736626065718 402049273380514 710172212145421 252982180999112 321738807057737 890386452017692
66721306563935 975584651272809 105767642186296 357733052698219 310430870783539 83256875747186 315250640070896 800966293113784 914437680994498 558270022036474 766183104387044 907195922486092 717778167643296 176470242619284 359662293790575 981516694785350 726292089239375 658080365222654 93052383317685 558079024820092
125869242489894 67631790982005 233456164375351 943043468878612 83755135486043 756634279506253 617478047820245 320341651101019 358725667041930 319744883377621 443413745576906 827569204433545 664498915521719 318173179014815 626666257451520 997642423025693 737864791090257 486211916876219 320013435234327 235216990330809
184997969905248 75630376618023 785714209508603 216118788079630 165358169361500 475715147887184 464882706369303 363152956838536 616263638681544 399850463362816 407566294140734 97767903692913 813317540685740 458032296884019 795850562431276 5901240722833 305067903888981 651650956017059 327541869539729 835466827858255
870897902684624 159295513545892 926044848786647 724876346128385 920857313260502 899671212404055 575702074625667 37293820094675 647652643291839 853348518064851 963786293813022 465658171862742 636429032515983 860505584124184 534830705904051 192919741566273 403033985298701 542432477107515 29678066024958 350697351201189
527248396493233 495925771434603 884692405091707 957222831158085 133209549988772 173451509300631 161036240375056 676403407070691 618680253796983 100743492476123 211326709458685 708970572054516 210157245444801 668616009574229 956751498707270 887490510801892 652942176338562 509191554095599 709027266174025 891681079020261
699645156313001 551022006363761 389763581030106 577552938327398 557973871466794 14154186255118 6071887632647 725847438324176 669093998171318 70725657779440 710288018964144 506383416118006 540078707774530 89593020860355 900829682703065 820762862489301 887614516345483 251124466979919 162169508198911 899962829809004
50687148992240 457482564590745 29858384591933 207819445582959 878654704341250 420323768265463 281215999161026 385186473842408 213939315415544 957589578340203 340492480742229 373783516749902 525626816944629 106508086439771 850015287091810 9681947677991 818524239182025 643902805119741 110481524954079 266829469171689
41239215398953 237940616676674 584588178194583 362125101119181 246300713330369 375525606486431 781501230389631 830883798076346 802158737061691 641308778254913 31435545681965 669790476358717 715497162114587 424595105914064 83975929710274 22709906247873 923351934287482 859019233174499 639561220573003 774944214886087
