221143937
760555622
816944167
416848760
237236951
220969973
327351263
797728552
878202670
302651670
844424228
717559441
586209761
81056036
638583686
500124872
956711586
150463863
610187609
122098350
306278346
38945568
856644354
706485219
155870424
85284392
726169276
896413621
748320152
819620122
755891515
510057157
189126617
114209037
994202635
469719833
57934968
545575432
456435887
997222165
7234551
1848475
181979266
223196907
99252017
486970169
169016527
563868617
912243464
886037901
960158352
948967990
947374409
155539988
934523741
813231734
434712256
544386366
236230040
324734603
691396572
83264558
472705491
66831048
969939245
651108414
47718581
244296661
381872579
154712517
190626967
817667688
209449367
115294206
988181121
831756615
847178582
530269015
229204463
550471917
129619127
348350683
569829936
453426111
770155556
351604800
960425759
561784793
941530489
178300183
248866010
18766371
498493847
733679783
331999451
230212872
711432862
514297877
282052370
399245269
985663508
419297237
321791416
724862685
160572223
65950492
698232122
616331368
911775493
447121480
575900224
672070783
749984700
451700164
594363819
938533381
30575282
143694104
183435643
367070919
65241771
85500468
847551540
361139656
520999035
699319447
238521216
935695457
707251543
280600529
447338676
865771029
155087838
187403332
302830069
197082936
126594303
729490899
390840604
19347382
295112960
689452339
91281252
613905483
543716881
662975027
426198503
183859980
266267485
608273094
72613296
156653346
494059428
465160677
736603249
824678735
772002813
505851747
641036318
391934140
613647956
179098924
946286023
83686868
778153671
457809904
343887526
852493091
320304577
675634723
250886323
619288509
565871934
634781868
615614999
694083818
857010905
635643767
651329779
148550735
933411656
973283417
18086213
377394226
512637120
584308714
52044667
55437826
531745520
790385037
831142188
543807829
184575989
300939661
710659989
843602965
448716127
260784943
928666351
468337313
486460603
490886270
536865664
661496734
928968595
30934778
32845620
642005596
379536297
470298166
911608328
12955625
904364608
378905387
166276168
649404038
987824842
244523004
612736045
542864212
860723503
830977651
162442482
93392544
747050978
995088767
247358669
439219347
689133533
128146127
237906013
474320562
565582109
420436517
751842891
545633034
864971867
343767025
807904043
203069186
856241762
931264072
849666476
717561654
773675678
466977272
548762070
100081976
559453159
517288063
421717673
736087181
702610788
792099325
383221455
569681943
59999970
314031020
545760569
673164485
177482757
241004072
441848057
532226559
994073145
916458666
578414018
962731073
403180198
974582480
807385062
507201178
435363135
658179337
342155205
340750825
892641856
967130037
296978927
934725809
560519566
476522739
609883223
159230911
463471233
432312160
849925262
775034091
536785679
722915455
412794450
231318832
783388234
454630503
113616516
337005811
613584950
271782377
458264502
40553842
6555952
764983672
369135509
91617863
687134388
251690624
664576722
472594764
147801028
172244997
881176283
846952765
369835572
768025237
291147232
563952172
695071385
711485633
603797277
648848388
362944028
459698344
818350746
42288452
666855525
861725035
24789470
667376736
71545094
851036126
729397823
963262059
434933766
226621363
321844093
440876634
996815418
193333550
507996276
458501783
404364584
245698351
755478961
347788347
326088376
110400902
343955614
714515653
41616823
944749432
291349372
922027654
965912322
927064798
209258496
294091337
306941488
994447532
183391892
700275944
719877275
369907604
603006146
330961738
370184541
914641327
195307390
956491167
58130172
364627983
348662106
416207961
639810495
264288133
804406094
393643641
497740118
842370380
86138661
488274697
714488995
657998737
235351884
871614160
549434764
554328758
468605607
419518456
962388523
311518589
256344752
761435503
89540750
896580613
922626646
332235742
942063967
623793405
236532244
721867223
963787651
459305567
285209865
141081271
360216705
424495201
856148058
241208923
191349735
910456860
238555887
196745374
707700545
564853352
341984158
392258094
412280100
644731652
782752585
547951911
715555912
551238655
331441811
784848886
212531712
631248441
420618743
519250830
77548866
87997832
511418591
539393317
194684572
741920566
216956745
358363293
758269425
105793763
603302252
404424938
927633494
462158315
879851955
485770409
258664037
875978354
255987337
603870118
745570671
909062054
742400907
631144965
52882084
20343167
50652115
734514738
449162537
296149033
404097773
334218709
910698126
204373515
124112901
670849640
859310669
350931533
192076023
391512926
935541539
953368515
792937232
273302177
907526985
772434658
251901808
235404366
653406409
795754168
533072547
515941378
334111263
488785190
62865937
533833174
337783724
935232882
615360314
975969138
556455322
883894901
505416718
702067884
934414826
167697083
640360489
360468266
386894920
900399722
751228323
865910917
361105250
709494847
307928429
901266068
673926413
214409008
562523166
952697896
282020355
806826171
949854095
56108168
192325767
842338098
948596993
563028283
724194723
287493228
421280972
785376182
831125826
431219307
885818057
645899985
629137690
656382920
685354816
397256463
838730403
417201629
303043283
439495717
969884920
601165032
216230707
606512627
820012442
408113688
119669118
980751420
294403650
956776807
202353070
993572565
116551981
881332514
240590194
574166788
560560826
924524057
702505817
899931876
740490515
846755491
480243768
27889089
274544979
330267634
413577426
321566491
719028182
861793666
29730989
633280443
803638304
712002705
715428824
991114589
530151757
148922841
703953087
343946128
703971401
736485404
223619267
73418443
442431327
591503793
583755118
474830475
751505032
229821098
111504044
413975354
355179304
127167415
613321132
813576694
808762334
212256340
261596082
607775093
952409323
383747153
373907663
895677533
928092012
19109179
950650066
209138544
205118178
226213317
755357216
409749349
64700607
213477874
87944288
271369915
893674691
123503241
288761200
185682325
997092237
355723019
605857494
408368587
557831224
214351897
982671353
960246392
301777792
501923778
954649956
941162633
593069174
278608523
408241892
372507749
707611015
39811256
235466621
745093543
347534980
511878162
334464923
133968753
168237978
932384676
650025295
839280384
306000130
353229518
340159646
268759440
147007850
37188753
660102368
501420798
202496857
943827929
834861587
948951961
113153891
558126567
443479543
778953703
716139835
649473082
228699708
368255844
717973272
855384555
190409977
646845629
811619040
180524001
577907683
359000870
445284937
362516257
157472860
510422555
231212824
342119755
938526266
270550627
734964232
721934400
414421378
350916505
96095143
150765006
928366514
961036528
782805354
906132786
214028705
435990539
549158232
665484677
312253949
125306165
323231267
307049546
259014072
528967234
624936188
3699331
868340513
930375581
626343117
419112267
290651489
673684101
251001822
973119895
744680380
576641055
477354820
781363556
850493742
287885510
820021058
175728103
495238637
995195682
551836243
487699949
116915465
593894653
670525569
838542808
246956491
453993583
569494278
433702025
549976779
401712104
250745501
854496217
525699306
936230562
803872384
830952316
577507426
294851607
51777961
111076883
271013283
954643244
663210999
490205125
631886486
960303027
838446375
506332599
93138030
110333348
390839107
140596020
860291697
910869126
757130481
759116367
390547950
252682663
807582803
411712200
604783949
792733468
471583576
136339893
876765685
836415564
304387265
220773504
365621179
530626400
389060136
874122159
92155369
210783220
981547075
839274498
256098833
449401152
71674073
186420600
819104896
385408098
250179118
945707748
23046611
724517523
326507769
857616188
636748946
48194298
295246865
759464026
686868638
633638340
564829389
848680506
823472223
792735694
454556504
965352021
385390238
79810637
662634635
383092829
221783604
911317400
317859280
933761338
804043567
257754909
285467062
839042684
345748657
797186856
931054578
925075491
448321985
586188630
120207548
339290291
551058256
864857281
197303640
883834150
852489924
596865449
533994254
827802967
381892868
161894053
479932221
307742845
462074750
848324087
643299537
376438551
895432024
227498609
218183556
581850299
79395155
675549797
934850444
220153201
799031519
309797818
560848107
586661435
314514370
833800807
183802049
320881855
612657622
705173813
946143956
347645090
755704620
323467646
290188914
707428830
881156711
45927257
540117069
904569745
201168584
498038292
488503727
177001164
107558670
998556223
795996694
444610808
205965494
919136705
589902914
519363488
473599745
166406452
300914461
152162656
852233060
714615300
339214143
706856853
151886107
848816849
973264433
518608889
959399677
369239271
22156701
879240971
708956484
442369855
292826729
218514803
293637996
230885870
369860829
878056488
892659612
488539726
155532059
892170185
440677369
994569266
279091134
44692361
745356843
914542591
314196907
947538868
138444153
328432903
69876630
639828143
328348828
856727751
914630849
421194415
475159544
680559298
543676317
320348750
256903439
486991512
465253442
242622992
637700170
61453422
460869252
291674178
664823243
961360647
494227090
283965527
183118774
585338788
477929637
989429595
905667278
657597445
675790522
188036557
162535375
504404409
203744596
437982663
344990671
888655698
91083789
300193439
501788535
80993491
601859243
741240790
573146624
675145086
563586582
994500085
338494534
331020408
548158624
620016695
524468288
139793092
216603127
568866219
860387472
665684466
153807399
383265203
305071744
702248382
750587632
638250214
330879668
564378372
770223150
849606131
915175269
676332780
302422994
90255760
269165468
655800383
212542796
861516914
416803741
602737107
164291865
301951633
304841664
563207698
405964679
159640464
122805924
268653231
875594077
127642768
508906298
193780676
221992653
9627230
350306337
568087765
438946334
691825820
615925732
744039746
774104000
681071860
784708422
583859889
385314059
747864718
593778454
944400237
370920893
275868965
802669810
295202229
771640417
563649386
515913665
366052159
604627321
918072211
973638250
181871189
119066161
465030098
918035826
759766438
667951146
202434326
311525823
808877470
541120125
392773878
341511240
518178200
188079924
123353683
810198255
485505810
494544088
216929794
641249876
380719666
505564362
92945678
723798481
697082283
168869992
822293794
9052136
733963540
864356777
751529357
378732384
460013205
938438632
421235791
848446040
434543846
530695467
790790849
830604889
918554572
685861873
239505509
867544774
271061028
756469601
856037845
278955127
349008289
680665245
978323378
235116025
802642674
903611879
861946370
815478432
247205932
884457476
501720421
459238544
652008263
88110077
842694479
558189384
185564263
171273470
400594532
191106973
926667306
161506215
795253696
657012363
194051162
103810260
49548710
687199331
274199988
127294888
366486747
927679609
958270020
504370247
306130859
931742636
187629789
504758752
774691783
978032794
374721989
724885583
629519713
195031199
972083335
472023635
803978686
234998928
129428260
573977619
995971046
768619292
162181397
993577360
874493430
258344423
752114787
567927200
983727234
92992946
91525749
369948578
836330062
815938329
840233923
951381194
729865417
609818432
963180175
112619718
809782765
85863742
421715834
470844047
679903867
632437427
669721176
296947705
926362927
376748949
36075566
166519295
128494227
665036931
44323669
357974899
611647774
831813504
753574078
545215960
337332957
363729068
915464708
152818483
703380028
385132567
523358325
316440189
694177998
557003904
778014569
277227892
630152558
406729446
433501892
556883104
520856216
611782637
396195604
740528625
495199571
992763933
39279370
256212511
635504914
636608259
284425361
50864561
107558607
388114805
23704490
528507425
918531924
225251857
871349725
418591347
206009273
540411773
536521501
828500963
168397721
104011761
421042662
982532715
170408084
902219000
233439634
528475723
208115389
977746937
476089625
46513655
930568951
498535082
629817005
768403765
785939156
228023085
484820977
455797964
557741978
762140439
720753935
543362603
150968478
751256358
654478747
766784482
773031041
499036079
997818994
208264682
600687869
205056476
545289810
356063977
670030353
118057266
394562359
844415273
24733643
378505737
645385572
277764261
819259844
339126859
541268917
233190469
744058183
690494769
938516494
285405430
717822347
185144435
733186416
329472712
560509107
675527347
75751267
843507583
13561296
519169042
280829789
871158803
257374336
683500609
678771125
825378489
222254788
902421339
587403036
915375009
525534885
69850465
512891100
374549049
554244931
156421139
132018150
74375141
109812838
244139008
415992750
928325923
186856799
435393710
854482767
623336774
270262395
268370661
50930650
24713732
983612378
46543522
857910927
273150987
421707307
288907670
100244349
962718403
830480334
612136656
814868123
417794335
914081871
695995270
165111014
391624374
833719809
41544517
750893998
474877568
663551662
176687499
108104647
720566387
913241422
119796499
611955550
912298153
822889358
980433713
734093496
531312007
683259436
45706065
331072408
247834720
210707020
638187124
261163449
113967561
511606957
260942404
131802898
206749866
369377893
696795467
953302211
378807316
779855529
622976901
607222635
508796570
882043463
36572579
534446709
539400064
841533446
24020744
370547727
328950318
769272745
300719806
272836924
149505297
728989626
335998746
592828188
749270314
894820390
711459934
22610388
656051569
750903922
866253533
616435144
224774515
137733955
994326398
929146398
560437418
827306180
460914999
623341124
489552735
370144299
782017225
188487950
508550829
31939860
463305383
797842124
657626855
417324183
797688800
744680578
44169939
7066784
210590637
795719666
481010135
565795180
663181151
955243482
147844399
276917033
886335181
884698627
883982494
603313095
684794255
349460297
257480312
491556609
703966135
54689810
97783163
734606360
9417171
967804146
657781982
706938343
362844804
780204109
827193122
943498705
239132996
123217925
348055569
327806769
130565867
664174095
732540609
209255270
434487253
232092700
225632010
403955483
406424717
468849361
241534376
420552272
587530061
32062734
791937103
619852718
430477042
465736842
545474854
166396038
72856138
325290099
443639348
813329831
365970270
283585601
558434650
53425746
36257648
977190022
972799268
509761230
922412502
830011087
988348262
183794884
25567704
71360239
151430345
866163608
450250222
663563828
756918863
531098447
221162706
712397823
428417414
237589621
185575431
612763456
775172875
75987794
30182884
748116171
710270221
801227287
423756457
439230746
298482809
745455859
398161526
668310021
153158149
659869994
357849534
393868567
881092021
498542704
787950557
662043758
110599256
942572872
989892056
271111749
615222723
616790115
113278145
880760050
551773978
955599933
377115221
633112793
1275643
242748046
310569621
964836655
931461580
836942244
625272313
154846092
761871331
50673674
784254493
834592957
859130250
366739433
137729414
177502177
861273248
982441227
408330920
182109320
382520256
736829743
474582630
609379349
671070307
939507453
585680809
469135822
737948760
337891060
678662275
67547748
233214298
428254578
832894648
767695185
799407354
193535566
303273510
180567705
582979550
527607297
133336966
674298645
141889132
970909024
607634944
369007272
129572799
738813023
309786720
352804928
680775414
873752758
152698541
229292586
778953715
423651661
281305239
699200155
152136419
586620973
537092191
807655477
148736568
438360088
848458011
231480148
556630783
489027807
635603957
918144992
120801346
855108788
70593477
617095110
845502101
235032316
205383354
861074479
176616055
360569282
699473066
448132881
300935613
942902508
24803171
396328241
263187398
697172474
108585434
448381796
265946851
471067134
797013115
154081036
246114276
743449716
219153094
224221945
150671678
803900908
385777377
441329830
328787510
873234494
119492616
734740024
91516053
335461767
634162238
479839695
498456515
430687116
712863843
156164347
836359778
996480118
516848257
699284471
413498886
96089953
389087690
780185240
923355617
97513676
370678588
983924948
990415145
735368118
950606184
831198070
309752260
346400445
388034719
828718477
453303703
190919112
92311148
821507420
260059814
888350941
468811097
683094510
360496822
820790684
195972510
181108551
728351354
647617468
820323079
432568362
483600020
277005365
21824024
635602041
652996492
621680912
85953434
361853828
731548903
945604851
1225986
481153172
953412143
603273308
250811874
723815888
982172386
437432256
796081755
49731763
244231348
400731288
977156772
546147078
837787820
907288383
495107195
577275122
451122889
426978748
721029869
588197131
297474439
440853417
337784621
361058060
67377483
964558007
397099701
756044981
309078293
695099575
543821382
750385123
762885949
521323033
499304670
223703784
991438952
477692831
376895779
145880928
757532379
339008567
670773286
640352831
521279861
91634854
841513293
688374179
57390508
499229972
440997716
269195542
763305631
60367879
700104821
259651241
62481082
678157466
161697345
247419126
809394681
119344702
253284002
729712244
432814233
467177523
946231973
819972439
75340752
449144603
746821149
824869753
935475699
654933863
672757800
731319236
622268783
225784374
897098059
85701565
910235515
118328367
819496951
193251755
418517116
817364473
790155669
96826376
982361809
205265441
881008645
324640549
928820863
673525002
549888481
53779145
479974688
541881301
513470772
996309502
585832172
491401481
665952969
797365278
335019134
802244593
264420786
513068741
85963077
127227657
215449319
821806840
214970937
823434378
640135481
333377478
790044255
44154380
378908382
875444752
480990580
623122073
823047099
192472860
684638674
606881707
780587888
767095524
717047153
615363323
114857999
571968679
244648658
766429690
891834312
80412047
507266880
595244454
288318819
406454731
911496938
645903169
946622124
45509135
781599932
652613096
165140312
32263026
55690813
512385297
220580104
314103881
769458733
394318489
620498575
313331118
221799698
654767922
198698551
226999384
176407429
608747133
935654861
78742659
917429493
633293221
985420859
453696674
38069613
326884267
549104848
286676326
285627720
8489128
213537247
989908011
931558172
507954549
180539755
389392177
597810050
418519120
443607458
719788111
277682391
244029923
360182188
493241526
992844993
457039195
573553720
240217620
83215614
122447657
48003477
628208211
101458954
701242489
468845042
891302157
371752205
569250929
499035195
840690003
117812403
647124653
374332217
249258086
394315381
629426203
434651493
576941513
870643460
501603184
130977945
985911680
198214283
453498744
185411425
72022009
987136707
834933596
815100051
798360113
137476950
710024720
92276178
805223803
294381847
868540116
173176415
378286802
863838940
8988604
445789072
33090952
55362882
314657488
853913523
662026343
682102614
266520126
316633763
671996070
664079227
885838974
20366307
872021605
257157232
411102336
756264330
755827313
29414493
978788266
447802181
46010784
491124385
588858434
916582987
720613884
233965955
16792153
625094176
472550458
986109395
39993518
128647178
937869458
458983271
356356690
381787531
898622428
835280423
533104901
996620019
644661570
703327649
352119106
234036567
315823242
632842378
175273545
772860516
136334883
175688972
64195307
430943330
817183714
951029138
564324320
47700498
632261276
488079440
399013449
808146479
697640811
577959420
955995323
108692500
118471704
685066078
385519416
189912352
860088474
573212187
193268676
351129736
998442174
168843233
266904384
301003973
492353893
36855917
749341152
170113921
306923955
330109152
38470264
697219880
583375090
726461081
371592500
766155467
694608315
262091234
5031117
148588528
456840971
678861495
575349795
268671531
332704755
281428293
625126564
910303628
700935735
79976054
196648635
718409115
153628954
345105837
241429150
200142008
606399023
872568174
17949469
859999515
717753861
357728085
135886862
581670531
609198920
683131653
686335484
28166613
524370253
913804553
434759122
708066126
88529709
863844082
87762527
16274422
584800421
43114068
931977670
721640398
666568784
702448477
540643180
432712075
237911305
109238956
16776629
255558826
732600845
666816729
954199050
934206193
891365808
813535931
10103110
473797335
755471168
180078321
721396256
29552401
378883739
99006249
501804353
406944552
739923915
259442899
300642190
779304671
962771491
847467989
370328515
640744476
521122196
582883875
470670466
845761018
785459593
624534006
404699560
738064481
750435959
249107459
225874114
465268334
44973504
938161390
168212222
504857789
957955752
226228339
3151341
504553969
901479018
342229310
887640074
598623151
88916484
912366758
104401116
151924269
903016483
784885910
447138091
139553795
612103380
285707133
123306640
684404030
387299708
907193139
257557160
551401093
22566471
464534572
342559278
315769412
206172830
316564994
584865234
238567124
260969751
167824202
596613043
552498648
122568393
407226155
277239046
979264334
5173142
331148455
487905630
436936305
76057778
401300371
471332977
102758935
722994358
958912804
77797711
845533779
201095962
910923134
802882922
204301033
648381903
297192
24734247
524808059
649617272
283654066
690180902
918541028
961333042
532223001
967174817
895251536
774998724
79962979
451079320
440818799
544053393
702056424
255300726
88274045
239854352
479917033
887383887
706216370
145125183
793608403
999765859
404378447
697454788
901664940
412484735
250431688
158579217
221851882
379938807
274516161
18360210
311222876
173940774
380098373
674987534
935599180
153995197
352658417
59183545
174715455
850316302
147383376
767583405
814067716
397609324
226117725
219678102
562836973
573033063
220741851
701635214
703638301
627732104
950457251
881138416
609414275
252138918
361192929
320097393
480831039
544897612
667747386
627191870
49386487
352550459
268485510
297230571
526435110
941694341
747791588
369463634
570284037
807207716
878115942
294349054
955595836
590929457
667602741
244054652
164600603
202167569
743321299
663232357
793654906
156998096
880289782
956772076
68400446
462640674
532692291
112526255
402795037
67329685
317997644
336689713
774788237
909036358
572298449
171558406
923622091
979090626
14625285
171791160
144075844
578162018
907150341
529088370
215890703
261057138
355836902
539252872
116787887
570302903
146109838
464788829
311056363
141214037
126234143
139307694
726186010
696773170
615835751
894391971
672264645
250360487
975988966
897046000
100639647
326126397
99200094
423343632
2033767
608571625
504391222
74612874
166769223
190762515
496370565
739755808
419579641
217226553
727819686
641498980
360483961
497792353
232926628
890807823
351412980
879212379
651881589
799791219
577020484
616679414
653546038
989735669
506700270
695734672
254153730
393138396
635838707
141122117
548314003
589172187
446239905
213646442
158947924
133358784
372208344
749365229
718446662
554393295
257256669
195862970
722980065
40889763
636991060
286613474
719029284
460629068
103690909
549045552
426852135
398274806
944876544
210500012
21165844
524621142
167638932
659402768
937331701
741771598
454475993
21040943
438456287
351041089
706016830
550713811
230024930
650707174
965410855
302799880
103335384
678405193
455843986
456906692
62969772
3463651
498093206
31832162
306845330
235176401
317834827
451908692
409118143
741430195
486985831
229940723
802875672
497140097
453717849
674545432
518367260
623713193
34037558
803923708
276772865
972513225
147284581
294395582
277586413
482477278
906184489
646973169
254511687
701245232
835432859
173885930
379756070
36870358
4173358
8059523
300732083
176658399
549952354
997132558
367162140
460232205
507652348
586048326
242540420
834609095
621140461
866786709
325820728
636197050
727407414
365096808
797922771
362077227
813012991
637257283
115270526
940432
747826807
790535881
733142866
920985403
383475028
213315980
173794720
652661343
471594583
941563946
621236215
430653266
240826228
760900700
889573234
485281711
503242894
790210174
156854520
557053539
441044270
191955584
23824816
777498956
645658541
726053327
73631227
849114633
278512314
513459401
880646340
15093501
773151846
447095435
266321526
323955851
214698643
31248010
263392329
53876309
130428915
348680579
659918021
646659704
364274090
491164647
240043313
552910785
301224261
355479258
148611149
66503248
779581977
219917603
285982557
562160021
453399438
228670572
953797694
989758782
966960489
78098065
747969451
590231269
378811388
593368933
404058307
130262560
803400245
600943563
85751327
846398491
207093495
472090776
454301727
778978942
296696187
422473756
182603787
238250886
717406458
497279613
167117608
779846699
84651480
382802740
370478710
57393493
969809468
218287030
472410878
786244788
590573342
881644890
453564878
224421566
308184699
550407390
907890247
687012708
88773838
775847221
393000654
550826211
569086436
577718707
959290272
352660513
618850778
405286937
537380995
780271046
488197212
452451399
864114057
380406770
638320940
124447641
456962469
920567379
188656912
328396447
578297276
333604275
411505029
218022163
802395337
13104199
838152273
853221146
157860109
771492913
576684106
566227661
74929475
641838583
915369612
555791725
789624173
263710115
575670673
761196427
224703376
617860235
742284787
329071210
309567419
850117497
64732643
732900743
708519441
132498823
53552529
675937207
826418102
368030233
874451086
286323568
757616299
508223957
955112893
643629224
721547477
527659949
142055172
854687709
263426584
979106680
626990129
312272477
690310912
995043159
639145314
318188001
248500804
122339217
473094614
811705283
346935346
115805587
338678394
100236727
62150300
684962005
719265168
697535871
698202646
104996464
51395194
617551382
758562385
37351814
203477335
202368034
816702450
351319076
833209008
229356232
465150768
25511871
128255794
964518421
477571363
687229309
760449823
312758929
936019790
360709989
107508421
631518555
484328218
834812264
855217884
434194981
868923273
679939588
121143815
22484730
715125206
64070923
377291864
313823455
212173920
482335246
777157368
405077737
862697288
651916510
383424277
185368003
197957699
206762004
370253036
205871434
907017457
269953511
822471340
747357182
746000462
147699905
158990644
280415587
961663773
688722402
110386923
284988602
689178205
309577462
847772419
39029473
852609153
938649942
56839002
277480829
964092990
418715192
443889959
815042980
846089337
938239280
215935357
540939599
39915539
17381367
85394573
749690007
101686797
738281294
719921310
980121515
369094332
568328633
124367088
489850442
590186294
251410998
295421021
603288648
82638453
171364740
436613940
219009953
218607913
76560650
959370102
245234187
639264202
777748738
791440871
598331018
918768150
684884725
692044220
336434578
943685887
234919788
11264040
491383499
730482272
529576805
363865200
985586928
408131553
918653215
467430278
444227858
157850074
298671953
85346605
928549171
432043634
71959709
571382017
711854304
360929931
393368188
755901281
545380220
575732757
930987779
162196623
838954160
487930359
270641450
810250482
262394114
795688760
294394233
291537150
805751392
478644439
445908016
971967332
180478184
14825333
497231275
938295963
257104098
964871924
723649682
694923995
289979267
218374944
165937898
452558070
533297561
68762321
893337089
278868819
802373318
55729162
572802734
314588976
716220820
977670911
110419932
447631372
86820613
942185264
963216737
704190556
67293955
742022310
36065295
32017517
531343228
308208176
37391253
133233288
944719121
86427371
189024061
460500335
449098269
306887507
308923793
527057335
240189287
332276966
617122667
337271238
99486478
421366402
645953275
969132781
663383120
281464748
552097978
10360213
572677307
841705411
889288376
499708590
470856856
927707952
995994136
534710619
980115576
382198304
287587309
853266379
786961583
463820206
691768916
128616271
993881533
446260624
870881309
298980876
918635168
257708662
432476702
906261846
791243571
534284554
972430638
207808541
334224308
319791034
209400426
729502204
611451278
109981480
978226885
650198909
681527339
619710890
665677474
769557650
492869798
115701777
525877752
456049107
861732061
679666488
564824498
835517773
406666789
692356407
923576029
697995590
498415798
895373947
545689629
106164961
895664205
810655154
1400589
740601651
593857588
16755576
92733628
93729916
322295958
579779660
9672178
780986482
496859297
485110719
277301950
910104903
106302240
742753691
192243066
915580896
619740834
862107517
690758845
252754690
929714604
176573875
682157660
96737957
384266282
935914030
93217010
774398157
302089705
695712639
357527760
668788300
475856118
250681614
692549726
276630671
72449532
659515048
62459246
587876711
228322736
467361515
348461262
523699775
361304351
520921150
550402305
193555932
666483759
646755060
712509739
369706828
717772537
368371079
404239730
811305745
188440962
395040324
748561622
516534059
844200048
124010266
872892858
704541046
308713754
726724924
644615133
904642919
578949210
33260951
883888803
114931899
927158690
776212769
469134367
536637370
353381156
109750923
106454243
694941056
190472762
361431101
625611580
530588815
489853943
552660518
493611405
979697349
743587948
208825277
642268307
272505047
20809714
787312195
764169128
948698492
742809063
934348116
807378098
897696089
473896682
74188400
976850343
644091020
152584644
577994574
359010727
140099127
894770103
479942136
547257969
461785923
634387331
199063898
454288956
573005005
108396532
556271757
628080608
931502416
436408355
659535200
389467528
750827272
860531661
273942446
133908316
282377179
553176131
98255557
977579322
343780411
22335049
436850044
440813888
673950518
757574991
528387771
316797097
336170860
725514837
479428322
714844576
182407127
969691572
167604798
98201762
671343609
134729943
222052524
836533217
763518532
975595492
46411706
680902446
574943985
786839013
944673243
996502092
917916251
968246209
814900086
635822565
672896756
337097594
100057191
583036453
993169587
144153010
251282204
216988753
331887484
300734722
68319291
180244027
872941262
736096562
912226077
841546483
335100773
265173312
232072877
915230919
362629180
805011750
41687973
990361900
384088517
729366852
764236789
79481930
970570388
56240565
638141338
339879570
528017237
71523078
332929165
265972025
363468980
35809717
712889096
252984599
689378884
379501360
450462426
520144293
247115535
49924318
668855995
73094189
665694163
350165287
777755729
908658196
832906903
897382928
652100277
505995940
386922493
703999404
714367751
9902927
268289396
434011592
139628674
280526346
151450233
359118580
833855927
512996876
176800319
983512641
781706115
922314439
472176196
182410564
918562374
932652983
522240737
355531520
377594990
398608808
333783477
317914903
252180744
138689092
253317739
631094788
610237414
79640875
392483850
424502654
810931598
238025427
386083005
861896288
583893351
554315662
902931553
805563714
438461381
496125046
416101726
363008090
55751507
15487438
264351028
396862667
865261134
729388299
404059312
353553350
495401447
930090093
268623643
102791032
675773040
73195553
144694207
330183720
942895400
942895996
700659246
164496028
428688981
510641674
816507562
523379732
666007245
352828614
407956111
947003623
172888165
877244957
610904705
820488496
944585145
730360444
749135180
574196831
292488827
177807617
502368219
582788597
762208562
572066893
216850306
645768504
332414018
406393292
480863825
565186511
28624928
947618341
105315228
422081371
914367055
696507524
577088415
390609982
960982460
680515019
244185523
393108729
519766971
481461957
577666758
144673645
480638008
602375404
503186304
998603017
527706651
589533962
655117379
717924495
524022280
462424907
193745404
890478217
23026085
427420574
271026027
611297169
42816017
651096806
163331472
515539912
845827745
734697230
842082902
703628474
646595675
868222387
753273690
360885407
572481825
964872598
573522305
614470734
560453475
830642421
337585830
292551131
931659265
389230495
677106758
153809152
166990659
770209415
909750567
286367965
748357183
221755939
690637037
327732294
27217985
506571550
220174274
982732128
816774684
772130399
739640822
331850294
220291723
158293848
570291866
608183829
727948715
56522901
920768035
490692764
323116971
984240179
824334029
75729599
80425859
745619541
916183706
89649870
105693443
252032330
552747432
280086830
129645342
49277559
802658543
323330818
964580830
723051617
547561600
942086139
934732626
774310062
757367466
938161616
886548846
516762820
713108273
954574078
418680369
658146945
681277807
84139669
492019850
92411332
358425107
160384060
399192128
176167290
845745543
542092434
663513216
147601167
674618611
387355063
349114173
576386511
118811419
506836562
379556689
984713400
566006322
159248842
728869605
840702978
433916084
644039300
953469735
721420186
947337576
950972301
952199102
114229334
934748213
953283432
482348334
257825688
312185195
430046751
433764125
559444355
793132760
286067371
682486644
710795410
761013813
855957379
249464352
244711621
375825808
254107470
833417941
930829
877635427
97684099
330016530
259240941
424772739
447089367
857037154
501979814
18941960
971968606
811592010
756060157
816733972
655233312
829695961
372379876
406441222
346269305
149142609
802371625
484912429
27713955
442071448
987200683
782649152
183796050
775213535
372661894
432783743
306042679
296432660
285474200
110934946
5310731
137716353
682863907
277279546
284520672
187579929
667468732
782494142
36131608
71204527
97958787
102256346
85283739
84441447
681690508
757464330
54895599
702851307
903085630
317432272
236750626
342209769
236386325
20835729
208049853
723905118
375043358
647203004
52226488
382152412
842302317
624359709
289571826
522846330
289845839
407042179
187455122
676934020
653412692
522413932
943411614
408116296
95389950
506073202
517496528
320911595
947010538
826396123
859491245
917531612
431852053
222694540
189177365
541480973
714619309
900089516
397133896
325341160
43891957
331155629
25737786
566982397
154162154
488397014
264578499
464440327
314831855
244820580
81275190
467459146
640052474
623168277
513444435
260101951
719595812
465810183
936686783
988641173
707728758
975100176
633703042
98514738
892274728
946211134
227984102
697062272
339908567
823177552
15920915
575417375
383458216
36570151
338337602
619716037
337608480
557503554
76682955
671281146
243214788
112819021
955525712
313026905
79409051
648858262
750166821
542993159
463120228
863973627
186208863
79403310
361639470
375756996
19054348
550608431
102075063
501831648
178667776
441873977
801010189
983155210
723197978
756509476
351272715
11735996
970145605
913248751
578840776
199439567
29632845
473482744
41854685
38063202
987160741
893601578
361551470
731463611
621312468
801082677
395811709
583989093
536091537
38593035
983749005
58408292
744136313
750380293
177116448
194946238
793525596
758997753
663990101
977328010
80249603
16259136
314179294
582863106
853695596
919043861
337973683
663264258
783055369
173568569
123584077
281205540
393313484
710807628
539355117
890383219
927243346
748890942
323784653
993005839
376187907
186651642
135429118
360068491
430870794
585946896
707603464
407350413
680575317
972699667
538229155
752692808
925323498
390222952
259973901
35892852
988176512
212389830
626750259
639361404
236614550
143044778
489214394
896309482
25205054
6919482
904394101
403256818
168605820
861498437
280472113
119027673
980041849
174980787
18884626
771478911
571071123
894607653
474461766
788827090
630032056
607941776
453935073
201919509
633658508
278903343
344637282
621807869
623775125
432416580
718217358
204880803
825530103
513323945
846357607
908054638
795496731
267247080
181970331
127594973
491990557
168124233
408651796
73207847
238968289
503993283
973147919
114885837
208723725
428984320
763030822
369453488
801781264
97770927
292029898
282296352
191053070
429391205
946923104
881890931
78636707
207562963
336480429
486495963
250192786
78074035
753794734
21506067
522673713
758253614
589648926
737761189
460965056
350461093
775487557
96319523
621394475
361467667
797251331
408044643
172589596
921966461
990058050
924105916
832168529
319741461
456932206
597899841
90626567
872968900
738317303
204701574
92127885
695801411
629389293
547657688
762935542
655104180
327188968
155899219
310717035
420096398
953465266
232884513
588263051
643137810
484770532
643002727
885991795
208593526
606532784
706759847
616040235
177520626
368339457
704418759
140616143
90582320
100230165
483960452
596463839
886780946
61506814
14358915
763371709
507366749
717644386
187526497
895245773
451464804
242064984
333709127
459895442
141041750
284593999
376498771
57979903
130371729
813114691
924125666
901035033
167627340
323851576
659270332
868814148
773840849
878137182
761826906
416506175
430920996
555412576
486981351
181777118
338463405
468460257
444458812
590127536
517666499
192873162
260014915
69211487
191256860
812430381
50198812
787282965
982823069
144188772
23079843
964375316
217567754
708574367
173173419
515988267
901661739
796102354
876594394
250878155
312095330
41519966
322541758
522899421
879938859
713871124
91431278
320028596
927940542
889691771
27360653
101209919
947807785
565370238
673750554
844300138
456623003
916992989
851523944
890032131
390346643
385267203
875194328
879736933
544814627
190020524
786654120
795245304
126228657
800686195
575898593
388760188
625990434
708413229
869565578
931778312
85163808
19710946
3197278
173966811
643269188
831574445
683443448
479557003
138572311
641654400
52424517
55800485
711286774
948361600
42683583
90688256
22797241
600038139
64378408
997762557
523573332
687514895
967149526
639067254
573894347
583083869
602012489
290930080
699315615
417911473
180412796
611305961
694534937
887358467
55750947
549191015
55534427
962734611
535358715
823324049
843803587
39382260
8500412
234544597
432056533
411957852
152431739
556288899
545010007
450100051
56941721
289390273
505614122
744439322
523856214
563243939
67572222
406993869
509550205
11022189
949483631
545313355
4489984
894548108
577926749
99804928
645379197
722504080
152668178
136120925
144546945
280467601
276562196
827243479
811392668
570949079
293571536
616740968
650177414
941078188
832125505
621108521
685618503
200217830
730645701
853381133
109272153
591768794
688427696
178290178
418253277
451524507
224175416
195796602
477609199
265040766
19124317
561762660
384503767
576927485
912377061
564886860
693568577
20814642
107823633
773091885
438078590
15999724
351572840
329423323
93997437
510799604
459158475
709589622
104282279
559115737
704805599
147307928
154564264
85780561
953316148
221663002
126175849
70422413
527817231
52240726
76386600
960238503
914836871
373152290
645140765
293764860
452366594
377208601
3111097
340814648
500017163
329934119
230488163
672436481
128997400
458642408
894839324
657191966
361866170
524089212
502592085
795330430
778494953
496222494
398891133
240847458
196287499
614559611
194726869
544650219
708557593
824221934
311220295
369647472
442141532
885696248
836464870
366914388
389647253
348765589
206579896
826517557
414141621
327750629
217076257
72669726
470233223
57880355
591400558
962635715
347113774
42841695
14169122
256722611
625598592
550767698
62069030
922560044
845543732
924419854
850232544
692441251
103059558
615270804
138399281
65455333
468756211
185964486
980068460
944323054
954146526
428364233
632242360
177163671
243125293
904037875
516277665
430994288
698669370
356113867
602861057
207969521
127271105
427428815
704144649
564383191
233321165
91351533
49621168
321144625
100554302
587604
612999847
736401701
800847656
436286747
995491001
571611358
775454880
854546694
349281819
801214512
20591918
335018494
277225324
961334723
552264155
52909251
196275836
83512322
462137700
336602543
88234280
137238843
912050530
794687283
360131798
862219815
709805845
966615422
713125152
879570767
49178117
645781145
823138504
923459606
676543254
508642580
483957125
583452324
513886039
869530165
773032492
457323508
860319952
446772013
704810044
666180250
833391014
187997636
116997022
991493850
999555220
55047002
613228550
791693250
58530502
701948688
490337873
374505417
733073178
415248085
939460780
57900604
297292597
438526930
956401165
733084231
772212558
650487137
645330399
468274527
729721207
617513987
756978784
384097898
77086481
696418167
994925862
80820316
507261621
640706944
598828313
203993281
476031898
791951811
199802171
235662593
476448584
972141990
25338840
593008046
755570381
489721861
966836962
622270755
641772965
865956321
516583575
493103343
346363889
759554281
668132380
174733885
79869506
14187934
312939412
257400476
96369927
757050817
125085209
790323037
139945715
24021631
387725094
8015190
202392167
58715815
371279519
924336395
822924566
319195336
632066792
852476769
217996681
655611463
500350099
790434464
728521354
836801312
38810940
233527055
779453308
176230920
931632806
867437689
478693900
167020564
322145807
215327009
873979420
88487636
836500101
937333739
600457162
749399699
43441598
325447104
555694356
322438597
759729632
743375379
876279549
465641800
362867456
218575408
173036365
326759045
71638509
446658508
909183936
899041220
387986706
205594731
512161301
445753912
163748017
341649230
471936734
415650039
933460039
733233596
297355504
998453808
161445962
362786313
499999076
752681910
889378324
11563379
351362717
928754011
831020835
183787584
895156453
255109089
27193262
734226550
635188301
918013967
451859468
349531083
486054116
490154513
379453625
767224090
528510528
889101391
426048926
665358432
435349608
827834197
633488119
959227709
214245077
29134612
200016026
706385699
822145607
941464394
576561559
55784792
449863392
829178868
13275854
55912309
37322109
952511451
424670503
399290772
291489823
986781673
434240845
463866112
314395155
287564098
477580009
171432039
11428323
103090930
958542914
927131064
316332933
914737237
685866254
684336430
534853432
88768739
232696556
845905566
993144891
39030575
456491545
828453369
814900463
578684051
206337229
606719915
396397226
42876828
897352868
698223266
216435576
215082522
809742587
692438625
844010595
520246289
738123212
907123954
367794962
266094778
889267534
319344931
296916255
694367950
900583832
835347493
41517005
565944099
257017459
514923313
576921790
410554359
631088605
681743550
921971376
572662244
612036465
241259606
912309646
836890958
193420234
635191818
698247682
287973365
211116094
612369255
349385639
887768240
875588416
682014982
596869870
774581237
154233006
838541149
581825081
544041495
84489547
66390782
427673563
589335964
926232216
362260342
996593785
403942975
688455629
480458971
284084909
267530071
704250340
398726022
923256953
120091183
347004393
823939625
38952872
314921080
811113203
156503929
487545242
750341146
234171686
36143650
79570263
227286758
972692097
930623546
705116583
403557690
308153247
424216324
826454623
262830886
831490182
692291833
508191315
489500845
969365883
324084518
510174409
110733617
64032799
114508967
156383285
705407911
294817081
948866861
548927574
401349521
997772520
40957979
836322202
436202499
783118882
78560161
646980489
255858301
945816953
973104819
347119717
394128426
888448934
187302391
965743105
426360059
485607996
41107487
195559655
995850000
847197728
85647388
293244538
828620368
378566997
704979578
703192770
474822010
323812854
261733907
84492262
919063433
633870662
912734727
281620079
52160349
686438340
543989775
62892116
927967025
594390209
848615747
896051862
861972725
212068104
529225854
695822507
185707822
745108933
374984496
689604498
805671416
967167298
296918084
921394883
555649912
768180862
847850446
576334269
373075673
781679765
770961920
482305340
371695171
478663016
255364567
961004056
46706660
649405144
918626781
708203289
604506239
429975131
694170811
114260425
335038593
104743291
543576141
491799197
582744617
878664181
158372182
428532935
8593087
915419181
943059187
312874525
813015854
941154312
598670279
844711545
661221700
798718719
828837140
566236579
316123756
823439538
946152982
247187802
578662110
343958847
226964716
324684450
316388857
540515776
51514421
254905749
190943670
871606898
108308577
207154514
910236370
6743876
305395070
280468279
542097053
642885173
522077349
621453097
51806039
619679019
685401775
635481307
243457250
379754985
113596194
868385614
296834602
523972433
75412618
418541066
228261107
188210857
732563941
765173329
276119183
121590322
372883953
969468777
156528100
774532466
424523291
6033596
828318053
929338624
513575497
838807164
740336004
356283639
372062853
930573789
91094205
946506845
975046503
364728645
444755933
148616706
457365982
63535363
478493705
864632860
332924309
231247640
374830577
818669539
19274932
310677662
843795001
195984192
721207282
599990209
282000684
222839985
871293311
494227057
53232850
837113033
696215607
612585660
308079468
262245368
810908798
386115880
233093357
483067141
116490168
552550308
854824897
905469196
969744985
705226555
417820850
269159026
855443092
419241601
284172194
454979781
317409442
867597226
85137080
375556384
521887943
78897874
626547437
824575315
558038641
522811497
666872640
387902186
970186514
226203225
213524922
765604731
334795298
270195436
772236513
385531971
920700944
896092902
615445201
918737348
587021343
104435729
449917332
310195398
781379286
541049371
105031739
837558279
270052392
418865414
834812887
99644201
604946766
285932363
764909003
656688048
827138865
49333908
330084467
313103579
941852009
32004687
447331286
122992011
507984867
124066005
220473443
85116361
976974977
272494622
948041961
533783630
374496839
29894980
969803394
232385034
619660156
32885231
791833841
912838043
116909280
222887619
122852614
683045902
770277913
336571679
952837446
807914438
137476254
449823701
473964992
758313785
212857324
460485593
878194359
63495879
507662226
932124885
323186792
308768400
320612269
705668109
796230808
215767486
400876075
790740727
945227917
657813632
127219932
389183878
728173035
573197156
802468659
976904732
846101894
503948169
419637691
715946635
703561607
384574742
338599553
960202416
830577726
162812605
767786687
926377384
120917914
786287428
860245183
210557717
949224969
136327191
908127966
155598840
443136245
130229847
697418477
782339250
495771714
431541175
294905007
143063243
304863099
887133029
910899049
926951785
427169775
129122192
51139954
454692993
985553642
847904679
892592132
586580605
168991556
65614685
10906518
969722390
670847940
348445680
165625477
751435208
424061408
120646549
704069417
105714098
795453504
811896242
507074113
470039732
593736341
468595203
167673920
942908479
75336257
185110233
601814266
939532151
338632793
641007777
482771215
945176015
895679513
487454789
594898062
994794795
150654906
658963128
681931918
79136310
164697916
785373351
494848302
414002970
398187579
776151041
958105770
505945632
996733844
933524999
849343011
818527594
216184158
622485284
491647247
148282176
654110932
50241590
948108845
108218676
296459554
447621050
559265490
833947253
902179213
150800917
299677946
51146506
406968494
440843506
790163008
110213386
673775124
450382432
322547847
432443718
886664455
205998049
300025220
780487101
374963033
893325597
49586116
179498463
172195933
113129108
136350009
843375153
353843648
361687833
281226379
73509142
532846359
887587053
145909166
326491853
61784533
278712820
252488037
34758509
126137759
747369025
29799989
481914291
859837129
141137717
95376176
564064167
993533340
635845757
563560263
283677909
573420104
691370525
110534676
982498275
690539393
730887685
374825383
551564340
911672901
502039080
676150878
996117459
230804341
483754272
544392664
233671234
469254405
112693612
96918059
882274114
263225155
992454071
462577813
263465991
399518505
254630895
753517615
735976404
897728844
721456103
558409105
106900679
802231552
459872668
369184932
813929122
957334810
149267008
347052753
216574802
199530705
924153492
183153546
168589672
211236935
136071211
985813877
972482410
909731169
161308639
14938473
657252568
149263308
71042904
27976829
19763491
814679574
199289272
599389376
321575189
310543484
800298968
132165039
551268256
522732950
639991053
668430611
43102883
897727274
210402462
761870460
230539888
950343613
491496307
623812599
741796990
114321574
136295897
412559063
583291185
774609272
146458904
590413169
790547568
416657782
955471342
522364315
974809133
58995694
732803484
42522774
798611588
189104584
662718305
844962360
335828824
312703334
994309739
956020676
469380523
714703924
189676009
884875281
706771852
35166711
659242994
235965051
601518502
417498371
439914693
127158832
860074039
258327104
550195779
667099771
656534877
440802240
841254558
405866158
200030391
392349744
196667761
485349518
904461116
948209466
49219571
421291880
350771802
849258425
498765740
607824152
160519427
580980452
604641462
274988862
718353297
107423591
437533434
503276687
735555627
719002693
230449254
516943010
636563557
121988595
117374612
5396770
597842985
943259927
616237955
731369533
384328157
586626753
96424925
25822675
698689422
344394845
895772576
741343726
237981124
258654864
101364112
485093715
972176478
509202858
387636502
243021710
923466273
731488189
806121819
912244869
453550850
311367236
795119462
276316547
381082118
973382805
133367023
626065277
337580407
369601707
729945367
363637077
354387108
479886239
676926532
994962693
633596392
393233851
98043733
154924222
238730934
212448496
672921084
816606867
231367594
933713379
611757148
374729520
754604276
945584074
539706194
37455324
424437247
530753709
738286320
749883021
601150317
330792876
710072412
99329055
376229794
574991926
587319244
131681359
850447100
783168003
260084769
456059997
105570410
940986458
172955130
303296406
575438879
850395399
129154408
66267824
791713923
873143838
884219649
20425798
106031825
809238075
687635905
368533635
563870149
273410942
526119985
22395094
278500389
432764391
597372172
13918166
765267816
669111201
59383834
522657031
512578099
905075913
74485367
223831995
767843954
241787232
868005146
573122983
721237033
212961046
468811490
353769629
490734973
466984384
511992963
421641109
508961852
707646149
843515526
141710872
20129592
401613452
653729154
965496256
980323892
923146990
740831833
87799075
405664628
296130950
191511730
651679363
245417253
29291209
111998261
608840534
936139345
903733272
916370593
339320243
923124372
690158443
947931828
178978338
604260510
505057615
240321722
871165331
83605350
682858488
159789454
865249979
961363568
327742682
714173191
298681292
748317117
400969248
912349567
900664317
820756016
767330728
571005498
325191254
93912437
53135861
364609676
580553528
708079759
109432248
660708529
184464273
513499262
65101950
337234068
121616550
607787671
534963416
741443463
206726683
420270611
52557176
519943995
430104998
797849708
950066074
400850633
583019929
953060376
247217263
184000082
660047250
94070006
601233264
618903495
259864964
510623216
770177378
314492128
541721292
623741418
606856750
35778853
315025820
73469982
802587491
693790254
60466502
882346693
65974047
834857668
652282260
787193310
185325119
456244645
207375989
300271330
987978604
313571743
629134341
339724829
574229458
131122853
645190818
677334960
163823081
254491695
524016377
892796210
291033651
937902390
975479586
223044096
850295540
410946165
529063890
532354749
34932461
767768829
635796369
406069221
137068250
123982858
631001060
154364980
541388508
27677475
160973190
102490256
650768770
63208253
127109782
415019944
367719569
472854593
424128465
378864327
862293868
156896716
748172687
816293277
188919369
171077504
555881689
741118327
84332661
512403893
313799983
264520377
63159635
493409496
575196744
765927426
512033844
689490374
171742883
103938157
252807113
974902267
799692425
653914283
382383522
807476431
848829623
444935775
954811549
85425441
866314061
149860477
909997087
486209469
272658854
778016774
709072032
980258330
825693411
57622655
713113791
276700627
49148790
701616550
57673280
524762627
2239509
136383961
469696206
996144559
581982916
144701668
302349191
484290302
104391300
939891729
530430351
22873672
953411123
883251489
383877312
742474737
410253745
59148585
834104209
777343393
801889002
816985262
4804202
400265
638892756
760876948
412301081
442585035
796046784
785500169
223247755
380995065
330990875
9095379
490860489
270087492
669084959
909541865
576180318
707772067
600965571
688657206
525030999
343736781
18380883
574730746
746350888
511207963
133573232
272525132
662099930
158557133
970334836
476618351
46129204
448927754
414255959
845267179
260934386
491198356
555288354
748989064
575622632
691623087
29467050
599161907
993767213
733580661
816655919
58124987
230196424
590269131
220422867
321489378
998769179
469193491
617438226
779400700
925417092
469378457
481410641
583908038
479098133
482485064
544602694
444930153
881727022
509955096
630193572
59107656
760530195
504980200
828328788
265622358
587310186
782738529
350278271
746269546
267568735
669849299
16459760
232656822
599226296
154949727
762507365
533394880
287574149
976037021
509394211
964172102
719964130
33289589
943480716
329501797
826911025
915117027
474965862
481219
494665751
681002818
619381439
130349288
919170760
265091949
792102235
504397695
300303834
493945921
146837221
113040163
199058814
223753671
330674627
694375885
810980727
531622639
858733062
952673995
177988585
358566998
998399366
113331807
77085337
51197792
533050064
902460632
360333329
797376556
402279176
7222519
795106421
179525171
207586086
73842262
117730328
275337429
833988255
749537673
770480420
380656635
127013450
539627055
425027452
794238858
491956362
648673838
49779011
375214856
536636356
682159677
930309297
501190367
857872309
819998060
538648918
533934748
834183768
542122613
244173360
78302185
865114112
796521372
378627315
242929126
381207189
380785692
269921241
405586343
478338492
132110543
246377196
800288011
231576291
211434713
915315655
230680695
812340188
243061752
490981643
743043943
386841745
387227840
123288069
730725682
282464243
143733495
56627036
57501648
211047019
167860764
563482620
933022787
25433921
542455334
660052257
79378152
579168875
362834089
412771253
186158627
453176572
894758862
314754641
116899701
996138221
684201584
30090363
407283621
237670822
131154937
748270927
35878179
36409323
290192542
756838059
52468184
426602714
324883348
526469301
863886084
231356330
684970739
316446498
579434841
342953903
470786218
897717072
841429686
909912913
24691076
34383557
540052424
307949600
93880253
312383239
321334181
879029105
39369819
702145813
672723815
128271667
830863474
995929378
979141147
572618989
28423403
681077559
607672723
39396818
737709779
836664972
42100249
682870388
201246256
211068940
118308586
215262185
59535722
77045492
306960177
320804213
322451340
35395872
830262618
317991439
260687632
897306574
427616047
950831775
244714424
846677946
5929607
434665745
507909286
627979737
348227471
449891037
954685957
59095974
829624419
937520751
889499667
598923185
356404910
495859408
867443429
832504678
455034157
260719183
920750215
791622841
121572869
173652009
74541383
263872695
381081935
493150689
10077368
112976648
835682543
830150420
406011092
526796645
681657896
129015096
926235972
192973014
669150379
100028716
784008871
383054735
236694715
577938282
882921819
796399692
640135409
747758245
524147515
301273339
820963308
529324014
151674550
553293331
64994299
718365469
884825757
569150034
477848918
831898209
481888195
556575414
881572043
996570595
910792627
495875750
702850863
335527811
246867968
122007951
296872832
655423575
396181579
805951401
709970650
849358208
684011771
942513956
542590345
386571711
363521025
567186326
33371956
523990892
53606119
257544462
143739846
988698499
849529348
928592302
248964758
681493655
604309363
191738467
673738422
171490490
789980464
684664736
123364402
373721619
762174801
671359247
130143737
16697375
706389261
523443453
48756690
193820592
985700300
236958727
881801503
458131332
813801628
145988600
384144269
8151775
58988597
359031797
911005989
519036751
951866381
259518037
743830209
536271488
30689312
151771818
977312165
285218676
754781630
758815705
461135471
640276211
961841105
660727363
939826856
995781126
206268439
469128470
19557083
666451799
333317746
750103908
177996431
105153227
429998734
566406647
937837960
418198331
933508345
571599150
772227682
655269215
260394522
96897429
692497832
707891920
736519868
158036196
328691566
365698989
889370927
408207464
65636991
633773961
679545830
289128484
455194575
125603355
986879812
884162371
741601061
635976290
67540050
634252065
390004608
194226530
114540504
125586965
975072785
713723765
670084703
375830580
841436178
382564284
228448308
271754711
269774601
368315114
436677764
171445473
915682349
605360220
504066048
773740102
293742604
841937097
212688723
486464157
610002436
593474036
598560332
688940522
516045673
681435825
728129045
587083725
765614648
281154409
870427914
463599974
362666845
315449231
299990631
419671981
282642806
903879363
9948776
324961678
251486621
96239670
987683246
700925851
917023126
82284054
66943768
890295711
983010522
295285281
348727778
138756555
664247379
423945603
560556865
238128573
512597980
305684437
523531248
734431719
176072406
212594143
68353463
727283555
950217069
578390872
790306772
560224475
521179291
85270404
591326157
937898636
238505636
972953897
723468827
373373535
383583256
476500281
427340143
385818069
801225124
38278921
491061193
588895729
942799687
160226193
740630650
170410570
627729312
208915147
615006756
870355613
250364667
394881490
678686722
380023420
765893365
586404731
974873869
242196248
883906618
746879318
428621529
523590859
610614428
646946174
841233182
991032863
10266449
354804192
826191256
191882171
313505883
724618269
216962444
366588141
897220954
877350172
40085885
577351972
210281348
479451675
527702115
383194176
239830281
978214980
233511661
844951733
474139755
656531315
927378197
463924815
192374181
214425239
184569674
166894512
985865738
835910853
12702906
654730360
759290794
271159663
687220034
913248230
909988412
606230865
608142081
309561991
950655878
51446005
234882301
480632853
801075622
901657913
830385302
561327861
771147953
38585231
863012932
821920737
174297678
324372354
128304805
781380527
775269033
578382675
499088541
128409492
187787144
396057362
621046640
529912821
722977721
855562092
610114362
393087353
594431973
38536293
39233460
974244046
129399167
589235212
63957860
112763504
456307707
102075946
441132354
399973525
693667279
242478650
240648989
993237761
368826644
975385006
806273604
982602469
313968182
959745420
105545821
44827310
812279526
39242142
741109772
217396765
255846504
966339134
45088314
159532869
730475472
100593711
796511959
456142965
334872122
316173361
25067452
977951887
303763760
205080151
408672250
391149060
724309212
701876966
87361365
520025893
743439671
441394820
616001705
266987285
814089164
58560352
46006711
246107814
131342705
178030422
411215624
119170510
984410716
516046939
945904060
489229064
219972704
727009716
603302344
3277363
58930424
907421205
816149093
631860698
761631659
210997445
824813012
598880763
715960728
672189713
221377646
142832860
506497936
661195309
229579362
437607295
742186370
569260141
664782913
496720539
629234887
944945026
671017202
366727245
57230344
342724894
677361516
643091176
731947778
889855523
427958852
30427547
522085896
363155242
429709984
256114060
948516990
257721696
46490680
761866297
11337311
938715770
23285403
26814872
95066301
731399182
239106926
760017935
775462236
595775232
297089354
95503982
46307489
279816167
168271155
727086398
929083779
207322741
106644829
55879164
556059258
848687056
578876415
695325829
328831426
710146574
784565674
826703463
996393631
762493196
618893488
237247026
740675569
387554271
946054566
703991806
40585502
425507211
722072916
888596832
945545206
260552279
1197944
323121767
94708310
207940156
377446578
932872153
234637082
441094160
300722440
65541273
845362804
310786559
433912554
424496072
398388871
230962184
895592685
231895846
544602682
799506282
995386864
175303993
933178886
844711076
197604009
317505278
404452588
955728729
157904477
980499243
698021578
39114564
552646842
756118015
875945730
904500863
137271402
693300050
284000743
774463260
822683028
158816501
321733767
252947118
114569472
262499705
62812579
145083569
68622686
695736128
169057197
878555839
793324276
996708339
851786214
394775153
312899723
241954703
162677837
557650219
443332777
760404183
533784470
213111720
326364120
719537895
443527148
502370392
566673766
785145576
231274704
656434322
517909705
917493332
927741548
230974816
662738256
507766845
968081168
68417656
183821370
558906306
272233298
353080636
38550119
6075737
341274336
974816617
975480338
364826070
549889140
615237208
541220834
715440417
235313928
524834635
991196886
123753599
564290793
916533432
977795980
783319591
656014880
232571413
128524584
849576585
125276983
153443217
885049565
991428150
200904902
455055796
787866812
906929516
618904766
635506481
479720259
598335193
890209359
641455697
808401730
445523824
97437641
793210619
914000959
383825989
770448855
911419253
741195588
887442416
675494038
842044060
52158630
800463877
391649870
572688553
523415195
171150283
596567434
848905302
15515942
726638164
415967503
328694792
408048659
112107553
983025511
656079181
767863143
484672448
323143074
298764839
102949214
46579138
67930207
223778915
634309830
361489934
954191387
671414365
765637728
308126658
26748648
945182339
961005432
576467294
756989472
289413676
242050811
275490198
225792747
690900530
720467651
283409919
964219943
92478977
93652184
650311527
407500461
310045818
901999614
937196557
409796625
279790893
182869730
370360257
446164243
926464098
99592068
548760480
606268897
226555462
323714332
443935570
186422425
612836103
4255220
715084894
501301927
575559475
562727883
954441602
952503745
296611960
909609841
297876176
310337003
581802339
489260346
958389377
957131514
98841108
573756321
984550355
542376891
645690499
311138630
153330637
263984069
746184750
555080619
869634523
936092718
619298915
838159530
954155570
971609580
124523995
656679380
118285996
492875591
876333401
54967123
902172564
504222695
668988726
895772045
299144107
126016941
979054382
161203496
245155745
185284274
230737410
383815900
132805183
980906510
817787645
84901410
33040319
187756088
225245153
60652625
188404710
623654465
984664783
439661408
91569890
314998854
775572686
260980716
625411845
28715692
218276070
71508827
565165918
866095051
16593492
125498438
382627396
369654802
33032444
935438090
902995765
663233342
9849117
32110009
386013206
5307602
712800037
943084519
653041228
712691780
684152258
632547547
169972342
618284955
532302328
980772323
748633268
184644494
695215585
307278776
191569482
466740227
242258501
768001906
148479329
266871685
445662550
512221786
92133692
654683496
109913281
538099545
363618647
212834526
207608831
882991675
645962555
28222499
106095140
793774306
838666550
31808198
806898539
989999824
446011800
551730292
808454117
515207843
355543777
483068683
72026309
59593535
558328318
525585596
491807705
153736768
101158640
20875012
330895405
971253264
562269193
345922161
66280630
312100951
133763052
540841627
498690499
102218179
422393148
183731126
911583616
296218829
453494934
317007669
518190312
802897455
627627910
220545319
289029607
182306386
635079474
284697738
247365255
461350594
890049612
406688861
99027342
184137878
368837218
887312343
692023583
657564064
831650135
367910981
830444469
355112327
547531967
15377770
882030007
616797280
635674996
657195190
761802856
986976365
586782423
816733717
16339234
224958197
472997117
772873840
753125170
955328906
546508975
635731246
163072942
727648976
867994215
587199090
164963936
792047593
176501053
387868724
161057289
761086007
123821091
398565732
753375565
140390426
642853649
89496176
80568120
420524278
303265920
996794974
211631474
307955192
607980597
811752103
101571378
50532107
808587439
438729664
384791371
699890369
515499770
665005434
550346939
790240883
760059984
104671591
917835184
27254702
469103886
302344972
393381581
975589601
819323217
621779603
823315917
994435840
387773838
359257786
457226388
554426715
738252339
53674045
553146519
274615667
927514240
674114674
351515470
474582341
632940963
401144923
761040770
4749315
211349148
361684153
369664191
521757492
934332354
594919560
407003584
939673254
387381515
14820911
144493903
672665223
653586008
623087108
909571896
424183749
785557247
786111160
749366582
456802393
864721534
627184161
908445554
468971257
277558431
225895678
191109677
224677449
268012744
863550972
914123660
975317928
981748981
623410061
644846695
14902078
425750386
984077476
764249777
758973235
402767794
8860539
539995803
482688992
607372174
28791599
868155269
432328535
568492660
325876684
369805078
426748262
934112915
708795636
224414812
980017847
925168072
980993161
845297577
72797638
410368735
356948273
217813081
937180755
890588921
190584031
711594529
129859464
344374257
907290607
604707447
471477017
970084378
504446286
316639886
634692378
73148739
693772837
232527276
7347463
966414798
564847315
592473837
191736110
881628132
658657475
577277146
909923981
586068255
224793617
360768421
305320835
8125626
594129981
144371321
751321143
841202578
681783932
149105407
646075856
359722710
325088894
647668789
869761345
94787341
796126272
381020388
566615163
56162076
862683324
672315011
203915992
845592457
178561020
739251167
122767887
810258041
964141868
847959438
896808713
95816798
928227463
804276406
65984905
820086030
682964462
536345657
356808141
577723363
298809212
896792847
60666231
822057551
319630677
556525901
953023376
363098553
466594980
178994811
524398447
178735856
329383182
404468826
196467377
998364456
404437234
390332638
818364298
884555587
366940739
648686720
249945048
847256322
98816139
325119686
432656395
668869525
591723624
793568813
944768871
883572978
515579750
286439929
233767148
203853623
880987123
943981142
807050303
552347267
366253484
828423773
606771090
486170676
640843270
95951476
590397768
801424508
353971601
578452645
304409762
874036935
240640512
942281960
66961458
549755046
952897144
717618606
306800389
312293298
486554829
462156248
692767497
74202569
908675218
185792105
48859109
308555559
243604809
978494041
700520048
813195166
351547344
157980235
643624901
696310151
780670308
510867159
537190647
366977396
96366860
671049180
755621547
673306218
808528772
379271664
668317865
504192125
275820480
572317092
547257198
657337649
373352853
193432427
233040540
766609877
600182967
433530926
3650099
500875632
141515035
575114646
891380648
496828974
350207014
944760351
912618650
307991403
470102944
272469732
323823785
622263557
105283580
628308252
182156654
619623533
237701255
711812144
620757479
612656397
271326249
264815187
720375933
567757090
743200330
145809173
135620010
166380768
955441459
531499596
862786196
962269738
462812014
990197490
377423766
936974942
923984206
13967311
451956725
158178264
194985102
821052699
239604299
750664785
962642033
295333527
575972448
842382719
974229977
375421846
93096940
311097818
355946802
248947035
98287465
532602023
828190125
358631770
396438143
242285881
888576266
537917183
802177249
150940283
853244649
566887062
408784655
220368348
997010124
884973288
936349116
677019577
900828541
35910851
214849181
427435622
126991225
60565545
945494402
331911251
105956461
323804173
754022293
113701326
57448314
378820657
355815727
479089258
68765640
913259884
6470377
61783685
462908451
202750122
945901518
745139150
70477880
149177560
795386175
805090987
183245249
95482074
107484498
140897012
505988432
370405318
642618178
780489091
868241594
681290468
771390653
176520698
711024350
579287549
995242727
606149070
688846103
120748646
15141294
846993854
724741060
48909787
315134663
165802421
606070793
86544717
952259435
661614648
638698510
263535993
626763167
257165313
148131657
204664678
509269860
426206016
785081537
300018973
505810803
614915413
473442880
90588487
766011910
309786472
881837265
670094781
979867602
988690368
733344355
216463852
423297624
661430173
45485544
866053821
980253797
619292179
406740320
19028232
97605390
487810043
868400452
8441351
29090783
95538134
614834175
356028672
891292775
26736294
64966034
185103445
495244450
850025967
918386513
265894831
896210950
982288856
974033438
207491949
130451272
282140285
10600389
622549901
762819298
719735973
688031565
899876191
402482118
279570948
421472978
123950254
145416574
965344800
622708206
205715447
409751077
62132997
768335023
565458935
319353713
182591070
374890411
904183630
702340214
395232040
754453373
598292013
195101990
477194811
45058009
319559875
363051363
691476630
779693281
739496576
586200881
925801900
143678793
500885464
336100153
328897164
328720159
129903820
372656218
857926853
767850478
27368172
575007013
120307547
71747263
868125404
686127791
107129195
418911983
956522679
907510401
20289335
489889990
481975665
670564439
985688035
528758663
569289868
182626159
711059350
376625482
670463053
231963095
523501170
696872848
951124678
383544256
974403
24556133
954810808
712052237
77945736
892712731
63706574
679279994
512503988
412298892
638458335
250666768
122282134
381603583
608610948
836395880
373781068
979165076
382094344
367569821
567479817
813699259
286172498
368502792
290138387
851616031
541406360
965903401
58633799
128593137
979517247
466941485
759026371
832251752
527361782
64341671
52621826
825829761
585296890
64301854
731165620
219428719
105929657
714632490
87419681
317599501
295209392
139576166
943830805
58038350
864283353
785909255
458038429
693534942
285067155
872428263
994706517
481080646
600358700
332829057
181616686
974540396
212352715
260299218
478950503
891093748
218581125
221053879
648992899
590767631
143926559
729074428
688197300
235691981
865208290
776548541
439723377
915034828
24684168
451562034
910049638
318261386
158633944
73663245
313003517
34041763
220304788
367880786
411085547
731441306
324143792
149402124
397427536
49366263
215901571
433130795
263666359
125430586
981228821
552233966
735085504
625240405
36686065
693974193
781950241
532304715
380466894
708439764
264046318
870793906
608434946
142142453
603389290
971165994
560750969
760508011
970539139
690769291
536186460
721663273
152656706
134998676
943557945
316488625
688446270
496127780
956275021
469259383
747183057
169112470
840332493
842446067
170161901
588238344
135841603
277336936
497513306
492448504
500436636
881699817
567761749
526942162
338704007
42193010
178259316
304863803
693653475
477257339
36455988
775780132
52814753
441312809
985290252
935760625
449888021
329787577
744110161
431008396
428182753
971506012
103822451
100247207
662341430
583952926
316648656
427990784
205754597
144577274
656947404
66811188
909502563
460054512
608720639
40529871
144500840
574715716
692709254
946925737
403518601
874456796
266253139
763327385
352752907
472272827
772840615
647105946
545473711
179169277
53812563
181086058
670426333
2017187
407198070
646012661
204758365
139419867
426649099
853519688
475878624
615016168
578579420
243234696
413548259
30412659
391304608
279944073
99794330
3796983
809637300
290149130
634325629
446220176
904399187
883034652
927144803
185277269
553255669
575257483
576988019
738681517
803513404
907669188
622706882
383321350
520917136
300127124
871227487
423309467
886134612
882903527
133130085
110740214
1037721
133789702
204230444
949663543
772220216
779870391
833821491
523030995
5850979
400988125
440572545
184535909
651380413
414663523
336378643
413163094
475344999
360992577
701662706
450396632
352026987
869691210
891719955
917886534
945399226
966947621
119753796
291487690
727496308
289990141
534257924
127180837
621072633
180359974
171992940
892420540
880300684
759783621
467086074
572500727
777047542
600513108
548847626
609736115
642356055
62809418
746665716
112867730
126086955
630893329
316701189
308661542
791539035
572929045
470226522
497896002
53280089
572744042
405254136
581602448
314603303
771355342
353033216
922523677
197279409
502907655
402914340
588060117
512564775
242903745
224061366
613384676
738276245
388771633
474309715
270430522
204249260
476090859
591589838
722581475
441812573
556948994
99093275
505642424
728487684
533834386
294534073
695853297
459665922
601594800
317984179
309562289
83722354
314330124
947147912
559568810
279891097
831986808
760565620
587292915
969622674
756485592
962587423
156999246
462603619
858991026
431108884
378816431
186589808
967595044
117500212
275134186
588235243
224377334
865999896
306793153
388546998
646702392
795083552
265386707
86426246
867543419
746479766
530492581
674299908
151065307
902259141
73096617
13891454
229958880
731580173
927528031
412780505
13294572
900866289
375043172
650519347
428046438
289444498
679306196
786948135
962613779
776884573
822000302
76485551
65439345
547025079
405247241
919274385
226064778
849632176
146873551
590357797
422542114
972700096
322597582
735395586
344623949
364817956
904744153
810914630
285429305
924119384
420068648
473036136
535624572
125328278
367695116
649334895
881956111
101568264
970961341
517993833
136216267
559830459
375679254
617529886
766900995
691119646
91500792
835694984
675172935
185177948
802158142
780010166
177686680
120980878
588679838
721261331
183423586
333469095
977896765
78976675
647278750
652480584
429051586
300620078
347999966
977607518
531416050
739330982
452399168
87260883
192155940
35031007
453914783
474954442
930591666
616872085
740304659
333454542
465876625
504050610
332714063
905041220
397815245
572076020
848908969
837800056
649503141
556176026
870925752
208333165
934044537
686517780
804729861
438340447
68616429
809686656
922492400
776767519
246574899
986075959
769401524
89898203
556551465
381071260
350438404
403692307
816731312
894184785
883264718
118106136
103272504
188776538
395477334
914833618
236747592
463902150
233205029
227768680
102401702
394886097
475849928
345246766
338069843
370199097
572561991
199856269
187168276
25950791
634644108
412732316
529756642
493789404
621281192
63498729
437816304
648779216
996677374
546529480
324627175
900010892
570247053
872757381
408716888
839077506
914145582
806581516
195169920
847469749
700939721
287351657
909135712
123937701
644074156
900559373
940454340
891179093
141440996
42643353
43745309
608350325
19906559
646536101
788211923
486242828
786183559
434870126
191205435
171717479
97991708
548940518
61668437
822268442
121129390
192391990
158277271
982011350
948582298
129690845
869282210
96368187
744514459
80378872
225420954
581661544
429373501
678212280
424052031
173848544
349634348
690601488
252107432
909307953
529471340
111578714
248858153
122633181
743346159
800763672
824009433
277305349
19973785
726773371
480702850
253578810
8813801
584965429
422806729
721706590
138144558
352213200
967760825
588920395
208912236
181138379
313347142
860163061
499423726
950602725
236581191
749524975
572034514
843937158
309951745
695387016
696279881
595130883
685816501
108598898
732162404
432479240
752973366
126810184
873051431
711768326
627842061
956435439
911539695
350607313
908922676
746118429
350135141
535635306
153015730
685352826
645005998
229946696
274290210
351739830
104478314
102911746
676505077
364419053
914493729
20134285
969494911
68447562
627837686
139389814
304934730
531618322
351020719
553208003
360855437
862668152
765348158
566980379
476542699
793091395
292236060
781184677
859322634
419986968
301579661
857504530
463779535
975216374
523234099
60455461
844914429
378920339
133907723
517101413
856534233
635996355
487409136
113947514
123625011
505999871
83116191
530270148
180702307
487590645
911821882
936080681
220878870
148398565
822427827
924828983
9040749
922774405
807296167
948556531
729449112
641608057
238358077
215333863
344382960
544884083
978035382
178589136
374386947
154565281
220092427
112998899
674466390
306812399
435338421
155208087
326226075
350183234
227544825
317606240
482493861
193854455
189099932
311648906
554030208
196792989
514016439
245165185
399432629
966570098
475265257
166077071
151601703
438948272
71001783
646189634
369797742
730752717
481236083
527337250
168835841
570255137
777233331
523376926
676885124
220606230
666338607
591720385
660874703
513709929
768678831
340959244
434171082
92885115
145814836
378356157
325742299
821782907
794514174
97053996
67673035
430044745
551773150
870221424
920350423
228761103
420734750
61947811
955131635
321477437
828596575
590175541
607908196
383472485
257217080
676152510
773863376
902882315
71764895
666434914
177794666
563970436
53630359
460332772
551736797
924472313
472008153
970207379
87350161
890496850
806366437
226548841
540395083
20372732
982884236
479113841
264951509
473706910
740229970
670180862
222926742
877643424
877623144
317505669
506864659
156304689
980599832
129399127
500268203
452988800
808484378
549643853
751023374
594266900
212422196
537835221
663387688
505752088
811606963
960813870
121981447
886364758
129640650
228209151
749556095
932321187
357963423
917722252
805739554
224306415
903982437
140259666
732094677
536661957
857101046
761112388
766079009
246679526
596987505
646658547
725837411
913236
890845426
942696194
96427452
789092330
158816046
199100583
607083897
648235401
758502383
672571260
864340380
828592470
947828477
950851665
613622127
995943500
715879704
436114030
955459034
31518548
933417682
695551186
503662409
152741226
997829968
974180840
494228199
314812878
123747399
395244520
617586750
721023685
118421302
451215553
17892491
320581794
809120250
58590970
846670484
763316434
49239155
94417878
986593539
89616647
170020445
615848298
4586004
136466067
613015406
860191117
925523580
90571953
910699265
896401713
350871166
208815524
82341483
826834111
862889080
449178957
13527896
321819901
717652960
341190446
922316024
140438157
895202576
184698015
367564117
656591749
818871558
758392532
392340372
852490512
331859156
583612327
678386017
6415330
864865363
830386911
909050560
78558458
554869749
430661926
553646759
931654967
792928840
238142587
598761030
940695942
16189669
873383431
831919033
115443484
189467840
589025164
842308405
11768570
93029112
999827097
342342873
304665360
220181083
977722748
627279514
471739952
292817612
278410307
779486230
509654330
896794518
744923693
680931779
782589330
279339575
13474014
185681346
375890762
789327206
62148696
382906473
854729850
942555612
541277081
135470034
748322720
747737041
996985138
109832185
337050591
904324652
194841702
717797524
443045918
748008677
183721184
793938059
378709677
596458591
730526095
783096538
51156400
765799720
336975397
991602854
457756585
95885809
221320704
526447732
460798061
814503703
776064883
746441083
811664726
776776951
140205297
578118017
80432786
189534273
318708489
374846921
286439968
377213225
499786549
849255520
852552770
871716125
498460424
854310811
146978822
21674986
24278499
235201910
363196119
152676844
887907597
625363614
141865854
335660021
546404855
933483225
557422741
547413603
502992893
685960539
425901314
926326843
891942629
967532171
409118793
633396189
155292208
306047657
398573151
682979998
214486387
462235052
976462871
74834724
81395352
829232801
377879156
811369335
166090725
314129544
214585880
538662981
847049232
981138090
871550762
507452495
505351812
562867195
342098554
525802961
903588883
263160365
721707048
302799604
284896535
908288476
852486112
383854539
770704419
894803109
553570270
187022155
893186849
971695535
820857868
437886451
706779909
801246023
311883406
616440668
936307507
651633615
919349382
167233328
791418733
417608013
190918889
508977059
6770574
437414493
852058348
458474459
281294065
568010921
460844491
506313304
722029350
154750195
408809558
529932267
333168866
871788177
703262659
10071350
716348081
791765099
999196891
217055252
411001081
893002072
397563494
778305698
363291166
52002956
709007917
729917714
481681835
782447815
47234447
100290335
41951740
187364277
707530260
900889379
764093638
306343169
863865440
999530541
986748834
67781335
250377673
32610160
466625034
436935684
886286416
605436085
476869008
501130392
151678402
292978982
38975428
99138538
798045223
272465022
671373215
837959274
92692764
684647096
688991507
306268595
664549784
938348731
801672367
957246421
652368845
256838643
676069393
255862988
588817988
184352399
51781863
626130695
882566034
103879968
76259026
216792902
958999054
133505690
141430092
978083301
615357144
665385378
155654018
233284328
710235770
375090045
266512875
213234939
923377446
136541221
48248730
3206145
772699961
748058803
781860302
894706941
694170237
599510222
812795261
700028513
148897083
568814430
302533607
474053057
614679599
721862226
987362874
394367786
129370091
350271238
458066450
325756003
758803935
31804939
897376577
569079771
873727057
527403554
941992031
454292081
431768305
25369009
916321672
892090316
677796651
839875003
389402301
29104299
16469149
353731799
66715737
372548234
485184057
270543199
795873831
890608999
944186022
36720097
492971506
25684907
697143332
966841777
880206784
880092590
54154382
523591088
650971664
771435287
548162393
768398466
985724180
449917844
752575081
907705601
950697259
495467043
686700112
530885526
692970276
614060660
205454811
291188811
131311622
232499822
797212298
346044810
848783348
384739422
196439828
661963933
457358820
881013269
968789513
197185530
856654221
695862896
242676478
448679912
153523158
114812574
932997068
73493399
584810471
390790592
768022882
632119915
415692704
917062499
475295783
361806592
981225033
666909966
877807411
595001466
971238368
781973577
567056621
59104732
707256938
678233929
685819841
312597161
793671246
102541390
124793608
694402773
368629338
633028013
749099363
90440204
261479872
772032620
179301479
629442076
44524912
826927768
886528214
496523512
594272762
114675827
745797832
523616463
688717111
820670941
554014331
987599995
613245700
242605125
726219882
117440607
219381459
223464164
105456217
742983722
902491505
56046726
645706932
976549787
585206462
463605474
846689259
450257523
106643722
824758983
979915954
869181446
694473415
249461500
602521555
466737026
332928782
120080229
478221242
664283969
490109520
728929082
273626849
225733892
14838732
653334024
708132075
840060011
708759584
774769460
260212867
676853444
342013099
329811075
709550178
678451611
468885294
634541929
965011416
939509925
596034625
737574892
71493698
983097069
755253199
758581802
793015134
816014087
751683403
249608066
372334703
661019954
846326990
637598846
847924257
842872683
338777946
790385515
757976102
707061443
811606177
521573599
916444713
598289748
115174074
509166400
51000778
837096289
7912182
614710238
762502011
408516307
435124088
490068185
30670900
760630601
127950323
215873133
676818079
950694862
413970848
40967428
818214598
181910657
84113568
594330313
750533420
594397025
888337705
130318634
201422520
270396445
205152336
7836664
931006183
832825736
988525032
560734289
852978659
747007514
876230185
804670404
160128025
8815716
804848664
317211582
175765141
11751077
599991535
693725716
414127792
900010603
936899957
308422740
984132910
546195711
7800051
751652397
870380004
589701471
209446243
405848498
17502152
33448573
131814359
29543679
107739750
868344866
948009145
828857247
900009922
649047365
751021799
324855176
560605931
48796759
472898385
896390425
597488334
705577612
275167458
625455950
291497290
67293584
8696789
376325424
496577606
731251449
161830156
991114112
299076041
622601252
303842709
597193821
267242745
11364257
771433111
738012172
481140854
593205204
398862172
704929853
830386037
924241992
319301798
594126510
784677570
472165160
216554680
587604638
753893009
685339437
976419260
508664571
175736389
877829733
974766471
205711096
841258896
260657090
877207135
456657558
551131153
827061720
498416350
233557072
565400400
918217573
492284917
94733823
18616511
395837148
151113532
142140195
919435677
941719851
30506074
626758968
574112562
200584946
363660250
324892024
757808403
618849437
809998916
682157621
259486239
300722358
723055318
34463340
332750954
891317900
345872015
528560629
245204346
958346211
546732651
109165553
532769139
108643191
12267451
967972869
155382728
55840693
196888313
91254723
330377545
14081060
304394279
944054567
53917151
811847445
268027960
664889446
636593779
136620380
248143185
469602095
680310467
235018990
358539126
324698213
381097657
986342961
546037492
527539181
236233610
469886106
721315033
361764505
373843215
327815810
733113028
501072574
3481292
236855086
571696852
600380181
89300669
920841706
642364473
632547136
681454602
855071536
157739288
199847980
769499694
918914984
33145069
609860384
414201711
507147959
91229709
195885695
974741965
955183155
477705246
44597021
84398503
498755680
409820007
514178696
670538062
930233199
232917536
800846360
714815308
170458356
353612241
844817686
319529146
438760029
162919272
631712401
646138435
2655581
288418481
756534822
658904117
216169246
26166223
935429568
707087744
39122456
114877241
623587569
460455709
174732446
959240156
457779494
184511091
258931713
217026489
991810655
892219718
912552065
925683740
207921754
241573022
166059290
925085804
454435274
247275466
478114979
44248940
822955862
31649476
690316984
705710977
182785260
290672377
746440546
431724380
467731679
922135505
635330347
175864844
121092198
976016673
46460611
191811264
337354520
597027019
200726068
76132616
220151637
758373147
406267121
171689950
126434235
214518587
994847849
226799362
812701927
480007247
445010684
903757373
360520585
759150901
250717620
411746880
305424129
930380057
24037428
302314823
374641216
271331107
372857887
948384302
239890813
824407455
30359923
325365211
632863278
62997139
241610988
359344137
271229588
208005978
348424613
360032060
814962787
328995359
3446359
34214363
900339627
960189811
490520575
864870939
552286222
788273566
15111068
144747027
197343756
354764845
947328247
213667492
643545234
50642155
378419852
579512981
436365896
297801664
371152608
586752741
297141526
985652248
739260967
270641995
10297952
321002416
656418474
160233975
453778876
409404233
892336585
339211889
636866938
776921097
671221971
386757763
86692765
321129099
106717378
265352548
249561292
108876006
384846227
910661359
143083543
13119898
157773931
754130030
549183888
85753826
733766550
589240835
490886052
680106086
667907714
64556737
275611529
599635311
424446880
662945236
812971028
598094587
185824306
301761124
77301437
731254451
847833413
1655386
154661531
316528269
359295954
237790742
486490469
130866126
31145528
56410745
882749297
551635526
550125325
287712154
869209624
456431477
918649439
111172719
568310704
796056660
98036736
61971097
257437062
698588251
416374295
109692855
627756654
244905016
7390002
879638807
51153477
953256320
413818129
848594532
389517333
221343909
267205736
644268744
82269515
810714566
771653378
408736522
159230675
443364626
169644512
891602467
529967546
231738101
248811472
743719980
339913526
177111198
824216874
477823950
799420754
858678117
508888034
753089735
382803150
75596457
89533834
115982982
318956229
28249049
754177329
530969589
352124835
799107239
605116728
531116558
316803734
762944741
209257605
387610999
574831696
317317420
275152607
296074780
242763513
948081631
607756456
581239445
762877644
677395350
884317385
796334075
886895109
740751141
554735844
712610283
57880023
498064053
488976028
111682268
389043211
785437463
437353518
892247733
491565652
624952484
403219107
334818613
995223006
371933123
970703831
138630429
988921494
268506786
478611615
559920320
70261009
545128506
212558438
994201132
765826821
489322025
533857302
579579552
97631338
797203891
468565861
55000626
43882690
615275261
338564754
203714335
983478894
343895493
453692747
268289435
647205930
692042459
109983049
316992385
227052794
821059772
35912407
67149836
880640389
478413922
759145386
9499548
584822141
306846134
104904600
138167924
86734821
307388409
172400567
309896687
564149174
472996775
988642464
71074396
807871723
649090632
773958407
481374047
918762805
325303341
472732067
922074517
906755751
203172003
458082407
479232892
81604938
379109331
286136128
584858167
719426084
742504642
403031281
719722619
45620215
287653525
901672963
319413283
297061729
145232281
26026550
631801361
153459238
371728076
877148141
14084005
243354592
859018735
645590307
899595897
144229161
984026200
296271558
926145272
797191697
655379315
343814594
20512455
979492579
957081861
709544404
623572013
221375662
88239486
105428343
697356766
136543374
286891009
512852265
404816673
723861841
245791245
631567269
301623040
158875096
697377571
930247360
455755364
989208479
293304897
731154983
269415307
159013782
34811995
101966669
753597406
469302560
812796702
868946440
228097165
519207626
389387597
444631266
256243100
618387616
659834154
526223875
557749628
29183342
380169936
621222504
274159129
791959252
76150455
348867217
202612058
506560479
956935699
185860314
666576151
784175560
435526018
989152956
102752835
522797175
70043953
680345846
438721915
168613843
406325887
361788226
98668867
619764884
596906752
19346870
787700744
5259047
90351878
467701577
376872580
531777417
505500734
518506857
651581317
670894682
794754804
573773766
307112369
596988536
372193821
106791629
715477898
18298137
622750684
739642944
854976950
9655132
156758358
469935249
819309788
849526042
366013752
497985995
588215198
394895561
797438053
107325168
72594280
482359780
335753483
771147506
34235603
836502934
973058934
663775461
293142812
613655556
827957707
907837123
853427559
775409235
560922828
581974582
149981966
423804352
843986352
792836247
685117478
453338119
525215315
451938796
715722612
8112569
924956859
227067140
609224787
752950489
394738134
109738980
546987486
934317179
469566099
412878027
732391583
448274648
172724010
29432465
