200
661814666986581 37988277635 652568275691
58528245311485 1 1000000000000
2 279503039917 358258446900
9721959109792 5 405848440776
875551444097049 323 953964900213
455975100874181 116836689519 584196709929
68051861145557 444701927215 896264156147
975527707190651 151629793652 288444184637
827980729359158 232258732868 445674864186
112851323188833 316601689992 658845323373
123141879 4754 646851976553
313409842251133 84512830327 423643544287
670098733712665 3 382384790862
391177946537009 1 1000000000000
43149753727929 2637 277305648790
2 291542185010 709236483403
406654868465623 1 1000000000000
862800023649409 8873 313334686148
394371122526534 223228438446 917430219014
793745157678015 804035649894 999471715432
210620157526020 1 930184265161
494730795580989 5418155653 341343806129
280487811639645 1 1
612108690352198 438590902839 438590902839
926281443540510 1 1000000000000
5 100 100
398549540690128 296485178067 869954345143
911777163587279 65443905622 604891346999
587411833024315 799125290528 799125290528
493954648267768 448364764267 448364764267
493888838278485 771698817733 917801863055
869517009619589 746313283386 761665747938
419429118675095 628815719637 948743091397
816635444278740 731 860991780261
838368919151014 443876 406619711810
1 231956608838 938279347873
612569494303426 518953045517 706293807279
632644891998110 3002222337 288213344346
4560724101340 3168 344811094630
677056673622853 5075363734 350200097641
2 91507498910 927455804032
534248625519720 489726079974 824966813949
841321610105069 35954879861 398551451735
1 100 100
569774552395611 171650448514 797184778400
435438725108058 1 1
106647525740091 108393370987 975540338887
70368744177657 784642831109 784642831109
471941811634806 811857 718232027050
351810354151845 1189610 834202116406
845636430263006 543055459126 793908902923
72119301417650 148616967701 398621043344
643704935755933 293144492729 953123744206
657249148145099 1 1000000000000
580824855495088 893 500262397667
685752729583980 741 937599003289
961871441265105 176953138581 176953138581
622112413770834 570221214132 594358072311
29762836 8005 570514022339
317978819655727 628332763269 794194238273
535279641290296 1 1000000000000
744140792482897 1087964 953908339807
484298155394395 3 832901123719
466604334850670 296281510285 296281510285
50045462515509 132407507456 414588849622
70368744177667 705694378897 705694378897
859432051907223 180044 112302625037
4 100 100
2 484006983814 721556762700
2 100 100
1 23 32
185271307287080 787652537 59073940279
313678912919734 1 1
319252796499204 121086192541 874327848543
925823080475241 400 618248490867
2285064332955 228827629502 770253666969
327445123945235 1 1
1 1 1
286319075809221 1 676888958122
90475492020342 356129989136 914148762139
16 19 19
254263144706822 76054730448 76054730448
93256218878254 65899222113 416548666415
170538196765189 1 202714217097
151392704616817 270948308014 933659265097
475610045753805 1 1
3 131562792306 302634602460
951530998500540 1 1000000000000
793755043776037 419 530768505559
655961796856266 1 937472533157
2 358531147197 386882927547
227149931894784 1 1000000000000
41444260 1753 300939960264
510930586123627 1 531210149840
955954799024728 74365557478 672030799015
789554815053346 980 642905942265
140100187156149 418632225197 985185861783
247329593717249 509106409498 535477540351
327996763381491 434556555156 716644278366
22158097105288 9871 883823770123
535858638338358 422 841198918398
278324395872058 362869456662 703582134162
33554437 228985174982 228985174982
65545 82754266998 82754266998
484825857097655 1 1
788636812879100 131558029995 946537709709
475416384841328 577893148519 935457869170
514121818650857 363383884706 960981987032
369932972027477 1 1000000000000
533386828702799 840678709854 936515877352
216304458130278 99327713760 124769268016
3 100 100
257394329446223 100302 63450643995
988446051862607 833 932725876656
668302412882003 618 558041743930
358081272184575 1 1
24 613639282726 613639282726
2 797456676427 963750729591
2 129574217068 343013155251
271864239941915 416749666133 638009259396
526588688841509 1 1
262154 379295079621 379295079621
666704898677436 1 881860154900
654449572320788 205519412861 401798372551
3 457552641312 954247585335
188166069118662 6 869773564139
111382141070964 361804764311 719436026032
26509803459031 664323403051 893654832446
1000000000000000 1000000000000 1000000000000
19969294127067 1331355 834780886680
864879256929284 459914271718 459914271718
397294244402034 378972853671 581719569930
193304573938805 961040810108 961040810108
522052790762048 1 1000000000000
821296104130392 9404 314602795522
447267609113594 1 846338595125
215941599520518 150448388031 150448388031
16777221 191455051595 191455051595
769038160839486 249165007289 489650221102
33554441 547602945186 547602945186
941824289504819 437643139839 989304638349
162824776768262 73500980318 597363264374
2 192555610379 566729564162
4194305 330693120762 330693120762
535070360930505 58398036900 369388594299
657869105505850 558 720666156199
841401419356662 461333294932 962253588876
3 241121742320 940763826204
766109846169161 1 1
223359183002733 288653206611 525605242619
100000000003 5 499999999999
8 1 1
955414161240155 2 297450412828
758996050421671 852995167504 875484640932
852667275727304 1 1000000000000
57298894363894 400783303923 484361100628
60863069598216 1 1000000000000
785489841773334 1 1
514568373085639 622995 466726049172
600292456516352 80278746058 643198305503
530545012607636 825039 649773490106
899347750950938 353 944843438287
913965237010286 24951671047 673695118272
219664949806248 260516708493 746942292082
268435468 416184148052 416184148052
67592013637885 38930816026 178099801786
124648228879940 87821788701 315627365029
163388581274411 1 1000000000000
150188025886910 1 619584957343
33427549087875 1 1
328133816190713 434667356534 691519551392
336662326575262 408773999938 879882034164
721147146974680 559 738104122093
501938035705485 823434 807194234662
404653082802356 69930068 6643356465
577947470408326 16349965026 146566062682
887506083045360 9214 337942294359
65547 359005641986 359005641986
35491668312518 1284227 841750439834
21045434630147 139452861030 559813773324
768025743291267 1464252 979025243733
3 1 10
509915237302764 1 1
659460113092232 100068494725 399888296156
693509044610409 953444316033 953444316033
35184372088846 650849015772 650849015772
564484774272214 1 1
1099511627785 200246071629 200246071629
198992149227700 1198055 674077259370
472765417510925 580635596917 630196842769
52927532 5574 901761156209
775751866529553 1 1000000000000
478926683845413 21119381837 871894234630
451545458567064 1 193307701224
716841581767678 614115520461 614147043057
82426773986831 13090012550 981750941247
902908189921850 902087547590 979283544325
3 936140679572 959328636067
172795232677627 1 1000000000000
780805258173316 457494932570 620431603169
