24
000000001101000100000010
110000111111000101100010
000000000000000000000000
110010101111000101100010
001001000000100010011101
000000000000001000011000
001101010000100010011101
100000000100000101000010
000000000000000000000010
000000000000101000011000
111101111101000101100010
011101011001100110001111
000000000000010000000000
011101010001100010011101
010000010001000000000000
111101011101100111000111
011101011001000000000111
000010100010000000100000
011100010001000000000000
000000001101000101000010
011101011001000000000000
111101011101100111000111
110100011101000101000010
110010101111010101100010
