50
00000000000000000000000000001000010000000010000000
00010000000010110110100000000111000000101000100000
10001111111101001001011111111000010010000111000010
11010111001110111110110011011111110100101111110010
11000111001100000000010001000000100100001000010000
00010000000010110010100000000011001001110000000000
11000111001100101100110011011111110100001111110010
11111111111111111111111111111111110110001111110111
00001000110001001000001110011000010010000011000010
11000111001100001000010011010000000100000110010000
11111111111111111111111111111111110110001111111111
10000101001000001000010001000000000000000100000000
00000001110000001000001010011000010000000111000010
11001111111101001100011011011101110100001111110010
10000111001000001000010011011000010000000111000010
00000000000000001000000010010000000000000100000000
00101000000001000001001100100000000010000000001101
11000110001100100100100001000111100100001000110000
11000111001100001100010011011101110100001110110010
00000000000010010010000000000000000000000000000000
10000110001000000000000001000000000000000000000000
11000111001100001000010011011000110100000110010010
11010111111110111110111011011111111101111111110010
00001000110001000000001100001000010010000011000010
00001000110001000000001100000000000000000001000010
11000111001100001000010001010000100100000100010000
00000000000000000100000000000101000000001000100000
00000000100000000000000000000000000000000001000000
00010000000010110010100000000010000000110000000000
00101000110001000001001100100000010010000001000011
11001111111101001100011111011111110100001111110010
00000000000000000000000000000000001001010000000000
10000010000100000000000001000000000000000000000000
00000000000000000000000000000000000100000000000000
11010111001110110110110001000111100100111000110000
00001000010001000000001000000000000000000000000000
00000000000010110110100000000111000000001000100000
00000000100000000000000010011000010000000011000010
00000101001000001000010010011000010000000110000010
10000101001000001000010011011000010000000111000010
11000111001110101100110011011111100100001110110000
00010000000000000010000000000000000000100000000000
00000101001000001000010011010000000000000110000000
00001000010000000000001000000000000000000000000000
11000111001110101100110011011111100100001110110000
11011111111111111111111111111111110110001111110011
00101101110001001001011110111000010010000111000111
00000000000000001000000010011000010000000110000000
01000000000110110100100000000111100100001000110000
00000000000000000000000000000000001001000000000000
