24
010101111010101101110110
000000001110100111100000
010100011010101100110010
010100111010101101110010
000000001110101111100000
000000001110100101000000
001000001110101111100000
101110001111111111111001
001010001110110111000000
011101111110101111110110
001010000001010010000000
000000001010101000110000
000100010000001000110000
000000000010100100000000
001000000110100111000000
011111111110111111110110
000100011010101100110000
001100011110111111110010
001100001110111111110000
000100001010001000110000
000100000000000000010000
000000010000000000000000
000000000000000000000010
000100000000001000010000
