100
0000010011100000001010001100000000101000000110000000000000000000001111000010000000101000000000010001
0111111011110111111111111101111110111110001111111010111111011111111111101011001111101111111001110111
0000000001100001001011001100001000101000000111000000000000000000001100100010000100100000000000000000
1000000000000000000000000000000000000000000000000000000000100000000000000000000000000000000000001000
0001011011100000001000001000000000000000001100000000000000000010001011000010000001101001000000010011
0001011011100111101010101101000000101000001110001010010011010011011111001011000001101111110000110011
0001011011100100001010001000000000000000001110000000000001000010011011001010000001101011110000010011
0001011011100110101010101101000000100000001110001010011011010011011011001011000001101111110000110011
0001111011100110101010101001100000010010001100101010011011010011011011001011000001101111110000110111
0010010011100001011011001100001100101000001111000000000000001000001111100010000111101000000000010001
0011011111111101011011001100011110101101101111010100100101001110111111111010011111111111110111010011
0000000000000001000000000100000000101000000010000000000000000000000100000000000000000000000000000000
0010000000011001010001000000011110001101000001010000100100001100100100100000001110000000000011000000
0011011011110101011011101101011110101100001111011010100111011010111111101010001111101111110001010011
0011111011111111111111101101111110111111001111111110111111011111111111101011001111101111110011110111
0001011011100110101010101101000000100000001110001010010011010011011011001011000001101111110000010011
0010000000010001010001000100011110101100000001010000100100001000100100100000001110000000000001000000
0000011011100000001010001100000000101000001110000000000000000010001011000010000001101000000000010011
0000100000000010100000100001100000010010000000001010011010010001000000000001000000000100000000100100
0100100000000010100100100001100000010010000000101000011000000001000000000001000000000000001000100100
0010011011100001011011001100001100101000001111000000000000001010001111100010000111101000000000010011
1000000000000000000000010010000001000000000000000000000000100000000000000000100000000000000000001000
0100100000000110100100110001100000010010000000101010011011010001010000000001000000000110001000101100
0010000011100001011011001100001100101000000111000000000000000000001100100010000100100000000000000000
1101100000000110100100110011100001010010000000101010011011110011010000001001100000000111111000101100
0011111011100111111011101101101100111010001111001010111011011011011111101011000111101111110001110111
0001011011100110101010101001000000000000001100001010010011010011011011001011000001101111110000010011
1101111010000110101100110001100000010010001100101010011011110011010011001001000001101111111000111111
0010000000010000010000000000000000000100000000010000100000001000000000000000000010000000000001000000
0000010011100000001010001100000000100000001110000000000000000000001011000010000001101000000000010001
0000000011100000001000001000000000000000000100000000000000000000001010000010000000101000000000010001
1100100000000110100100110001100000010010000000101010011010110001000000000001100000000110001000101100
0000000000000010100000100001000000000000000000001010011000000001000000000001000000000000000000100000
0001011000000000000000000000000000000000001000000000000000000010000000001000000001000001110000000010
0001011000000100000000000001000000000000001000000010000011010010010011001000000001001111110000010011
0000000000000100000000000001000000000000000000000010000011010000010000001000000000000110010000000000
0010000000011000010000000000011110000100000001010000100100001100100000000000001110000000000001000000
0001011000000000000000000000000000000000001000000000000000000010000000000000000001000000000000000010
0010000100011000010000000000011110000101100000010101100100001100100000010000011010010000000111000000
1111111011110111111111111111101111111110001111111010111111111011011111101011101111101111111001111111
1101111010000110101100111011100001010010001100101010011011110011011011001001100001101111111000111111
0000001000000000000000000000000000000000001000000000000000000000000000000000000001000000000000000010
0011011011111111111011101101011110101101001111011110110111011111111111101011001111101111110011110011
0000000000011000000000000000010010000100000000010000100100000100100000000000001010000000000001000000
0100100000000010100100110000100000010010000000100000011000000001000000000001000000000000001000100100
0100100000000110100100110001100000010010000000101010011011010001010000001001000000000110111000100100
0010000011110001011011001100001100101100000111000000100000001000001110100010000110101000000001010001
0000000010000000001000001000000000000000000100000000000000000000001000000000000000100000000000000000
0000000000000000010000000000000000000000000000000000000000000000000000000000000000000000000000000000
1111111011110111111111111101111110111110001111111010111111111011111111101011101111101111111001111111
1111111011111111111111111111111111111111111111111110111111111111111111101111111111101111111111111111
0001011010000000001000001000000000000000001100000000000001000010011011001000000001101001110000010011
0011011011100101011011001100001100101000001111000000000001001010011111101010000111101011110000010011
1101111011100111111111111101101100111010001111101010011011010011011111101011000101101111111000111111
0000000100001000000000000000000000000001100000000100000000000100000000000000010000010000000110000000
0010000000000001010001000100001100001000000001000000000000001000000100100000000100000000000000000000
0000000000010000000000000000010010000100000000010000000100000100100000000000001000000000000000000000
0000000000000001000001000000001100000000000001000000000000000000000000100000000100000000000000000000
0000000000000001010001000000001100000000000001000000000000000000000100100000000100000000000000000000
1100100000000000000100010000100001010010000000100000001000100000000000000000100000000000001000101100
0000000000000000000000000000000000000000000000000000000000000000000010000000000000001000000000010000
0000000000000110100000100001100000010010000000001010011010010001000000000001000000000110000000100000
0001011000000000000000000000000000000000001000000000000000000010000011000000000001001001100000010011
0000100000000000000000000000100000010010000000000000000000000000000000000000000000000000000000000100
0011011011110001011011001100001110101100001111010000100100001010001111100010001111101001000001010011
0001001000000000000000000000000000000000001000000000000001000010000000001000000001000001110000000010
0001011000000000000000000000000000000000001000000000000000000010000011000000000001000001100000010010
0001011000000000000000000000000000000000001000000000000000000010000001001000000001000001110000010010
0001001000000110100000100001000000000000001000001010000011010011010000001001000001000111110000000010
0010010011111001011011001100011110101101001111010100100100001100101111100010011111101000000111010001
0001011000000110100000100001100000010010001000001010011011010011010001001001000001000111110000110010
0000000000001000000000000000010000000001000000000100000000000100000000000000000000000000000010000000
0000000000000000000000000000010000000000000000000000000000000100100000000000000000000000000000000000
0001011000000100100000100001000000000000001000001010000011010010010001001001000001000111110000010010
0000000000000000000000000000000000000000000000000000000000000010000000000000000000000000000000000000
0000000000011000000000000000010010000101000000010100100100000100100000000000001000000000000010000000
0001011011100001001011001100000000101000001111000000000001000010011111101010000101101001110000010011
0001011011100100101000101001000000000000001100001010000011010010011011001010000001101111110000010011
0000000010000000000000000000000000000000000100000000000000000000000000000000000000101000000000000001
0000000010000000001000001000000000000000000100000000000000000000001010000010000000101000000000010001
0000000001100000000010001000000000000000000000000000000000000000000000000010000000000000000000000000
0010000000000000010000000000001100000000000001000000100000001000000000100000000110000000000001000000
0000100000000110100000100001100000010010000000001010011011010001010000000001000000000110000000100000
0010000000010000010001000000001110000100000001010000100000001000000000100000001110000000000001000000
0101111011100111101111101101101000111010001111101010011011010011011111101011000101101111110000110111
1111111011111111111111111101111110111110001111111010111111111111111111101011001111101111111011111111
0001011000000100000000000001000000000000001000000010000011010010010011001000000001000111110000010010
0011011011110111111011101101101110111100001111011010111111011011111111101011001111101111110001110011
0001001000000110100000100001000000000000001000001010000011010011010000001001000001000111110000000010
0000000000001000000000000000010000000000000000000000000000000100100000000000000000000000000000000000
1111111011110111111111111101101110111110001111111010111111011011011111101011001111101111111001111111
0001001000000110100000100001000000000000000000001010000011010010010000001001000000000111110000000000
1100000000000000000000010000000000000000000000000000000000100000000000000000100000000000001000001000
0000000000000010100000000000000000000000000000000000000000000001000000000001000000000000000000000000
1101111000000110100100110011100001010010011000101010011011110011010001001101100001000111111000101110
0000011000000000000000000000000000000000001000000000000000000010000011000000000001001000000000010011
0001011011100110101010101101000000101000001110001010000011010011011011001011000001101111110000010011
0010000000011000010000000000011110000101000001010100100100001100100000000000011010000000000111000000
0000000010000000000000000000000000000000000100000000000000000000000000000000000000001000000000000001
0011011011111111111011101101111110111101001111011110111111011111111111101011001111101111110011110011
