250
0000000000000000000000000000000000000000000001000000000000000000000000000000000000000000000000000000000000000000000000000000000000000000100000000000000000000000000000000000000000000000000000000000000000000000000000000000000000000000000000000000000000
1010010000101001110101100001011010000000011000000000101101101001010100011000010000101101010100110110001011010000000011100100011010110110000001001111110100111011100110000001000111100100010010001101101011111101010100001010011011000100001110100100010011
1000100000100001100001000000110010010101011000000010011000000010000000000001001000111001010100110011000010100010000000100011100010100110011000000110110000010000010001011001010010010000010010100000100001010110000000010110110000000000100000000000010000
0001000001000000000000000000000000000000000000000000000000000000000010000000000000000000000010000000000000000000000000000000000000000000000010000000000000000000000000000000000000000000000000000000000000000000000000000000000000000000000000000000001000
0110010000011010010100100001001000000000000000000000100111100001110100011010010000000100000001000100001101000000100011000100011001010001000101001001001101101011100110100010000101100000100000001101001010101001010100001000001011100101001110101101000011
0000000000010010000000000000000000000000000000000000000010000000000000000000000000000000000000000000000100000000100000000000000000000000000100000000001000000000000000000000000000000000100000000000000000000000000000000000000000000001000000000001000000
1010101000101001111101100010111110111101011110001010111101001011010100100001011110111101011100110011111011111111001111111111111010111110011000010111110010111001111111011001111011111110010110111111111011111110111110011111111111010110101110100100110011
0000000000000000000000000010000000000000000010000000000000000000000000000000000010000000000000000000100000000100000100000000000000001000000000010000000000000000000000000000001000000000000100000010010000000000000000000000000000000000000000000000000000
0000101000000000000000000000000000101101000000000010010000000000000000100000000000010000001000000000000000001000000000000011100000000000011000000000000010000000000001011000000000010010000000000000000000000000001000010101100000010000000000000000100000
1010111000111011110101100001111110111101011010000010111111101011010100111001011010111101011100110111011111111010101111101111111010110110011101001111111110111011110111011001111111111110110010111101101011111111111100011111111111010111101110101101110011
0000001000000000001000000010000100101000000110001000000000000000000000100000000110000000000000000000110000000101001100011000000000001000000000010000000010000000000000000000101000001010000100010010010000000000101010000001000100010010000000000000100000
0000000000000100000000010000000000000010100001000000000000000000000000000000000001000000000001000000000000000000000000000000000000000000100000100000000000000000000000000000000000000000000000000000000000000000000000000000000000000000000000010000000000
0000010000000000000000000001000000000000000000000000000000100000000000011000000000000100000000000100000000000000000010000000000000000000000001001000000100000011100000000000000100000000100000000000000000000001000000000000000000000000000000000001000000
1010000000100001000000000000000010000000000000000000000000001000000100000000000000001001010100110010000000010000000000100000000000100110000000000110010000000000000000000001000010000100000010000000000001000000000000001010010000000000000000000000000000
0100010000011010010100100001001000000000100000000000100111100001110000011010010000000100000001000100001101000000100010000100011001010001000101101001001101101011100010100010000101100000100000001000001010100001010100000000001011100101001110101101000001
1000000000100000100001000000110010010000011000000000001000000010000000000000001000101001010100000010000010100000000000000000000010100110000000000110100000010000010000000001010010000000010010000000100000010100000000000000010000000000100000000000010000
0010000000001001000100100000000000000000000000000000000101001000000100000000010000000000000000100000000000010000000001000000011000000000000000000001000000001000000100000000000001000100000000001101001000001000000000001000001001000100000110100000000011
1010010000011011010100100001001010000000000000000000100111101001010100011000010000001100010000110100001101010000100011100100011000010110000101001111011100101011100110000000000111100100100010001101001011101001010100001010011011000101001110100101000011
1010000000101001010100100000000010000000000000000000100101001000000100000000010000001001010100110010001000010000000001100000011000100110000000000111010000101000000100000001000011000100000010001101001011001000000000001010011001000100001110100000000011
1000000000100000100001000000110010010000011000000000001000000000000000000000000000101001010100000010000010100000000000000000000010100110000000000110100000010000000000000001010010000000010010000000100001010100000000000000010000000000100000000000010000
1010101000101001111111101010110110111101011110001010111101001010001100100001011110111011111100110011111010111111001101111011111110101110011000010111110010111000011101011001111011011110010110111111111001011110101010111111111101010110110111100010110111
1010110000111011110101100001111010010101011000000010111111101011010100011001011000111101010100110111001111110010100011100111111010110110010101001111111100111011110111010001010111110100110010101101101011111111010100011010111011000101101110100101010011
1010000000100001100001000000010010010000011000000000001000001000000100000000000000101001010100110010000010010000000000100000000010100110000000000110110000010000000000000001010010000100010010000000100001010100000000001010010000000000000000000000010000
1010111000101011110101100011111110111101011010000010111101101011010100111001011010111101011100110111111111111010001111101111111010111110011001011111111110111011110111011001111111111110110110111111111011111111111100011111111111010110101110100101110011
0000000000000000001010001010000000000000000110001000000000000000001000000000000110000010100000000000100000000101000100010000000100001000000000010000000000000000001000000000001000000000000101000010010000000000000010100000000000000000010001000010000100
1010000000101001000100000000000010000000000000000000001101001000000100000000010000001001010100110010000010010000000001100000011010100110000000000110010000001000000100000001000011000100010010001101101001001000000000001010011000000100000010100000000010
0000101000000000001010001010000100101101000110011010010000000000001000100001000110010010101000001001110000001101001100011011100100001000011000010000000010000100001001011000101000011010001101010010010000000010101011110101100100010010010001000010100100
0000000000000000000000000000000000000000000000000000000000000000010000000000000000000000000000000000000001000000000010000100000000000000000000000000000000000000000000000000000000000000000000000000000000100000010000000000000000000000000000000000000000
0101010111010110000000010001001000000010100001100100000010110001110011011010100001000100000011000100000101000000110010000100000001010001100111101000001101000011100010100010000100100001100000000000000100100001010100000000000010101001000000011001001000
1000101000100000100001000000110110111101011000000010011000000010000000100001001010111001001100000011010010101010001000001011100010100110011000000000100010010000010001011001111010011010010010110000100000010110101000010101110100010010100000000000110000
0000000000000000000001000000000000000000000000000000001000000000000000000000000000000001000000000010000010000000000000000000000010100000000000000000000000000000000000000000000000000000010000000000100000000000000000000000000000000000000000000000000000
0000100000000000000000000000100000010101001000000010000000000010000000000001001000110000000000000001000000100010000000000001100000000000010000000000100000010000010001010000010000010000000000100000000000000010000000010000100000000000100000000000010000
0000000000000000000000000000000000000000000000000000000000000000000000000010000000000000000000000000000000000000000000000000000001000001000000000000000000000000000000000000000000000000000000000000000000000000000000000000000000100000000000001000000000
0000101000000000101001001010110100111101011110001010011000000010000000100001001110110000001000000001110010101111001100011011100000001000011000010000100010010000011001011000111000011010010100110010010000010110101010010101100100010010100000000000110000
1110010000111111110101110001011010000010111001000000101111111001110100011010110001101101010101110110001111010000100011100100011011110111100101101111111101101011100110100011000111100100110010001101101011111101010100001010011011100101001110111101010011
0000101000000000101011001010110100111101011110001010011000000010001000100001001110110011101000000001110010101111001100011011100010101000011000010000100010010000011001011000111000011010010100110010110000010110101010110101100100010010110000000010110100
1110111000111011111101100011111110111101011110001010111111101011110100111011011110111101011100110111111111111111101111111111111011111111011101011111111110111011110111111011111111111110110110111111111011111111111100011111111111110111101110101101110011
0100010000010010000000000001000000000010100000000000000010100000110000011010000000000100000001000100000100000000100010000000000001000001000101101000001101000011100000100010000100000000100000000000000000000001000000000000000000100001000000011001000000
0000101000100000101011001010110100111101011110001010011000000010001000100001001110110011101100000011110010101111001100011011100010101000011000010000100010010000011001011001111000011010010110110010110000010110101010010101100100010010110000000010110100
1010110000111011110101100001111010010101011000000010101111101011010100011001011000111101010100110111001111110010000011100111111010110110010101001111111100111011110111010001010111110100110010101101101011111111010100011010111011000100101110100101010011
0000101000000000101011001010110100111101011110001010011000000010001000100001001110110010101000000001110010101111001100011011100110001000011000010000100010010000011001011000111000011010011101110010110000010110101010110101100100010010110001000010110100
1000000000100001100001000000110010010000011000000000001000000000000000000000000000101001010100110010000010000000000000100000000010100110000000000110110000010000000000000001010010000000010010000000100001010100000000000010010000000000100000000000010000
1111111001111111110101110011111110111111111011000010111111111011110110111011111011111101011111110111011111111010111111101111111011111111111101101111111111111011110111111011111111111110110010111101101011111111111100011111111111110111101110111101111011
0000000000000000000000000000000000000000000000000000000000000010000000000001001000000000000000000001000000100010000000000000000000000000000000000000000000000000010000000000000000000000000000100000000000000010000000000000000000000000000000000000000000
0000001000000000001000001010000100101001000110001000010000000000000000100000000110010010101000000000110000001101001100011010000000001000001000010000000010000000001000001000101000011010000100010010010000000000101010000101000100010010010000000000100100
1111111111111111110101110101111010111111111001100110111111111111110111111011111001111101011111110111011111111010111011101111111011110111111111101111111111111011110111111111110111111111110010101101101111111111111100011111111111111111101110111101111011
1010000000101001000100000000000010000000000000000000000001001000000100000000000000001000010100110000000000010000000001100000001000000110000000000110010000001000000100000001000011000100000010001101001001001000000000001010011000000100000000100000000010
1110110000111111110101110001111010010010111001000000101111111011110100011011111001101101010101110111001111110010100011100100011011110111100101101111111101111011110110100011010111100100110010101101101011111111010100001010111011100101101110111101010011
0000100000000000000000000000100000000000000000000000000000000010000000000001001000000000000000000001000000100010000000000000000000000000000000000000000000000000010000000000010000000000000000100000000000000010000000000000000000000000100000000000000000
0101000001010100000000010000000000000010100001000000000000010000100010000010100001000000000011000000000000000000110000000000000001000001100110100000000001000000000000100010000000000000000000000000000000000000000000000000000000100001000000011000001000
0000000000100000100001000000010000000000011000000000001000000000000000000000000000100001000100000010000010000000000000000000000010100000000000000000000000000000000000000001000000000000010010000000100000010100000000000000000000000000000000000000010000
0010000000001001000100000000000000000000000000000000000001001000000100000000000000000000000000110000000000010000000001100000011000000000000000000000000000001000000100000000000001000100000000001101001000001000000000001000001000000100000010100000000010
0000101000000000101011001010110100111101011110001010010000000010001000100001001110110010101000000001110000101111001100011011100000001000011000010000100010010000011001011000111000011010000100110010010000010110101010110101100100010010110000000010110100
1110010000111011110101100001011010000000010000000000101111101001110100011010010000101101010101110110001111010000100011100100011011110111000101001111011101101011100110100011000111100100110010001101101011111101010100001010011011100101001110101101010011
0000000000000000010000000001001000000000000000000000000000000001010000001000000000000100000000000100000001000000000010000100000000010000000000000000000100100001100010000000000000100000000000000000000010100001010100000000000010000000001000000100000000
1110010000111011010100100001001010000000000000000000100111101001010100011010010000001100010100110110001101010000100011100100011001010111000101001111011100101011100110100011000111100100100010001101001011101001010100001010011011100101001110101101000011
0000001000000000001000001010000100101101000110001010010000000000000000100000000110010010101000000000110000001101001100011011100000001000011000010000000010000000001001011000101000011010000100010010010000000000101010010101000100010010000000000000100000
0001000000000100000000000000000000000000000001000000000000010000000010000000100001000000000010000000000000000000010000000000000000000000000000000000000000000000000000000000000000000000000000000000000000000000000000000000000000000000000000000000001000
0100010000010010000000010001000000000010100000000000000010100000110000011010000000000100000001000100000101000000100010000100000001000001000101101000001101000011100000100010000100100000100000000000000000100001010000000000000010100001000000011001000000
0000000000000000000000000001001000000000000000000000000000000001010000001000000000000100000000000100000001000000000010000100000000010000000000000000000100000001100010000000000000100000000000000000000000100001010100000000000010000000001000000100000000
0000010000010010000000000001000000000000000000000000000010100000000000011000000000000000000000000100000100000000000000000000000000000000000101001000001100000010100000000000000100000000100000000000000000000001000000000000000000000001000000000001000000
0111010001011110010100110001001000000010100001000000100111111001110110011010110001000100000011000100001101000000110011000100011001010001100111101001001101101011100110100010000101100000100000001101001010101001010100001000001011100101001110111101001011
1110110000111011110101100001111010011101111000000010111111101011110100011011011000111101011101110111001111111010100011100111111011110111011101001111111101111011110111111011010111110100110010101101101011111111010100011110111011100101101110101101010011
0000001000000000000000000010000100101001000110001000010000000000000000100000000110010000001000000000110000001101001100001010000000001000001000010000000010000000000000001000101000001010000100010010010000000000101000000101000100010010000000000000100000
0000101000000000000000000000000100101101000000000010010000000000000000100001000000010000001000000001010000001010001000001011100000000000011000000000000010000000000001011000100000011010000000100000000000000010101000010101100100010010000000000000100000
1000101000100001101001000010110110111101011110001010011000000010000000100001001110111001011100110011110010101111001100111011100010101110011000010110110010010000010001011001111010011010010110110010110001010110101000010111110100010010100000000000110000
1010000000101001110101100001011010000000000000000000101101001001010100000000010000001101010100110110001011010000000011100100011010110110000000000111010100101001100110000001000011100100010010001101101011101100010100001010011011000100001110100100000011
1010101000101001110101100011111110111101011010000010111101001011010100101001011010111101011100110111111011111010001111101111111010111110011000010111110110111001110111011001111011111110010110111111111011111111111100011111111111010110101110100100110011
0000000000000000000000000001000000000000000000000000000000000000010000001000000000000100000000000100000001000000000010000100000000000000000001000000000100000001100000000000000000000000000000000000000000100001000000000000000000000000000000000000000000
1010100000100001100101000000110010010100011000000010001001001010000100000001001000101001010100110011000010110010000001100000101010100110010000000110110000011000010101010001010011000100010010101101100001011110000000011010111000000000100000100000010010
1010100000100001100101000000110010010000011000000000001001001010000100000001001000101001010100110011000010110010000001100000001010100110010000000110110000011000010101000001010011000100010010101101100001011110000000011010111000000000100000100000010010
1010110000111011110101100001111010010101011000000010111111101011010100011001011000111101010100110111001111110010000011100111111010110110010101001111111100111011110111010001010111110100110010101101101011111111010100011010111011000100101110100101010011
0110010000011011010100100001001000000000000000000000100111101001010100011010010000000100000000110100001101010000100011100100011001010001000101001001011100101011100110000010000101100100100000001101001011101001010100001010001011100101001110101101000011
0100010000010010000000010000000000000010100001000000000010000000100000000010000000000000000001000000000100000000100000000000000001000001100100101000001001000000000000100010000000000000100000000000000000000000000000000000000000100001000000011001000000
0000010000010010010000000001001000000000000000000000100010100001010000011000000000000100000000000100001101000000100010000100000000010000000101001001001100100011100010000000000100100000100000000000000010100001010100000000000011000001001100001101000001
0000001000000000001010001010000100101101000110001010010000000000001000100000000110010010101000000000110000001101001100011011100000001000001000010000000010000000001001011000101000011010000100010010010000000000101010010101000100010010010000000000100100
1010101000101001110101100001111010111101011000000010111101001011010100101001011000111101011100110111001011111010000011100111111010110110011001000111110100111011110111011001010111110110010010101101101011111111011100011111111011010100101110100100110011
0010000000000001000000000000000010000000000000000000000000001000000000000000000000001000010000110000000000010000000000100000000000000000000000000110010000000000000000000000000010000100000000000000000001000000000000001010010000000000000000000000000000
0000001000000000001000001010000100100000000110001000000000000000000000000000000110000010100000000000110000000101001100011000000000001000000000010000000010000000001000000000101000001010000100010010010000000000101010000001000100010010000000000000100000
0100000000010010000000000000000000000000100000000000000010000000100000000010000000000000000001000000000000000000100000000000000001000001000100000000001001000000000000100010000000000000000000000000000000000000000000000000000000100001000000001000000000
1010101000100001101011001010110110111101011110011010011000001010001100100001001110111011111100111011110010111111001100111011100110101110011000010110110010010000011101011001111010011110011111110110110001011110101011111111110100010010110001000010110110
0000001000000000000000000000000000000000000000000000000000000000000000000000000000000000000000000000000000000000001000000000000000000000000000000000000010000000000000000000100000000010000000000000000000000000001000000001000000010000000000000000100000
1000000000100000100001000000110010010000011000000000001000000010000000000000001000101001010100000010000010100000000000000000000010100110000000000110100000010000010000000001010010000000010010100000100000010100000000000000010000000000100000000000010000
0101010111010110000000010000000000000010100001100100000010110000100011011010100001000000000011000100000100000000110000000000000001000001100111101000001101000010000000100010000100000001100000000000000100000001000000000000000000101001000000011001001000
0101010111010110000000010001000000000010100001100100000010110000110010011010100001000100000011000100000101000000110010000000000001000001100111101000001101000011100000100010000100000000100000000000000100000001000000000000000000101001000000011001001000
1010000000100001100001000000110010010000011000000000001000001010000100000000001000101001010100110010000010110000000001100000001010100110000000000110110000011000010100000001010010000100010010001101100001011100000000001010010000000000100000100000010010
1010101000101001110101100001111110111101011000000010111101001011010100101001011000111101011100110111011011111010001011101111111010110110011001000111110110111001110111011001110011111110010010101101101011111111111100011111111111010110101110100100110011
0111010101011111010100110001001000000010100001000100100111111001110110011010110001000100000011110100001101010000110011100100011001010001100111101001011101101011100110100010000101100100100000001101001010101001010100001010001011101101001110111101001011
0000000000000000000000000000000000000000000000001000000000000000000000000000000000000000000000000000100000000100000000000000000000000000000000000000000000000000000000000000000000000000000000000000010000000000000000000000000000000000000000000000000000
0000000000001000010100100000000000000000000000000000100101000000000000000000010000000000000000000000001000000000000000000000010000000000000000000001000000101000000000000000000001000000000000001000001010000000000000000000001001000100001110100000000001
1110010000011111010100110001001010000010100001000000100111101001110100011010010001001100010001110100001101010000100011100100011001010001100101101111011101101011100110100010000111100100100000001101001011101001010100001010011011100101001110111101000011
0100000000010110000000010000000000000010100001000000000010000000100000000010000001000000000001000000000100000000100000000000000001000001100100100000001001000000000000100010000000000000100000000000000000000000000000000000000000100001000000011000000000
1000101000100000101001001010110110111101011110001010011000000010000000100001001110111001001100000011110010101111001100011011100010101110011000010100100010010000011001011001111010011010010110110010110000010110101010010101110100010010100000000000110000
1111010111111111110101110101111010010010111001100100101111111101110111011010110001101101010111110110001111010000110011100100011011110111100111101111111101111011100110100111010111100101110010001101101111111101010100001010011011101101101110111101011011
0100010000010010010000010001001000000010100000000000100010100001110000011010000000000100000001000100001101000000100010000100000001010001000101101001001101100011100010100010000100100000100000000000000010100001010100000000000011100001001100011101000000
1010111000101001110101100001111110111101011000000010111101101011010100111001011010111101011100110111011011111010001011101111111010110110011001001111110110111011110111011001111111111110010010111101101011111111111100011111111111010110101110100100110011
1000000000000000000000000000000000000000000000000000000000000000000000000000000000000000000000000000000000000000000000000000000000000110000000000000000000000000000000000000000000000000000010000000000000000000000000000000000000000000000000000000000000
0000000000000000010000000000001000000000000000000000100000000001000000000000000000000000000000000000001000000000000000000100000000010000000000000001000000100000000010000000000000100000000000000000000010100000010100000000000011000000001100000100000000
0000010000010010000000000001000000000000000000000000000010100000010000011000000000000100000000000100000101000000000010000100000000000000000001001000001100000011100000000000000100000000100000000000000000100001010000000000000000000000000000000001000000
1010100000100001100001000000110010010101011000000010011000001010000100000001001000111001010100110011000010111010000001100011101010100110011000000110110000010000010101011001010010010100010010100101100001011110000000011110110000000000100000000000010010
1010101000101001101111101010110110111101011110001010011101001010001100100001011110111011111100110011110010111111001101111011111010101110011000010110110010011000011101011001111011011110010110111111111001011110101010111111111100010110110011100010110110
0010010000011011010100100001001000000000000000000000100111101001010100011000010000000100000000110100001101010000000011100100011000010000000101001001011100101011100110000000000101100100100000001101001010101001010100001010001011000101001110100101000011
1010101000101001110101100000111010111101011000000010111101001011010100100001011000111101011100110011001011111010000011100111111010110110011000000111110010111000010111011001010011110110010010101101101011111110011100011111111011010100101110100100110011
0000001000000000000000000010000100101000000010000000010000000000000000100000000010000000001000000000110000001100001100001010000000001000001000010000000010000000000000001000101000001010000100010010010000000000101000000101000100010010000000000000100000
0000101000000000101001001010110100111101011110001010011000000010000000100001001110110010101000000001110010101111001100011011100010001000011000010000100010010000011001011000111000011010010100110010110000010110101010010101100100010010110000000000110100
0000100000000000100001000000110000010101011000000010001000000010000000000001001000110001000000000001000010100010000000000001100010100000010000000000100000010000010001010000010000010000010000100000100000010110000000010000100000000000100000000000010000
1000101000100000100001000000110010111101011000000010011000000010000000100001001000111001001100000011000010101010000000000011100010100110011000000100100010010000010001011001110010010010010010100000100000010110001000010101110000010000100000000000110000
0100000000000100000000010000000000000010100001000000000000010000100010000010100001000000000011000000000000000000110000000000000001000001100000100000000001000000000000100010000000000000000000000000000000000000000000000000000000100000000000011000000000
1010101000101001111111101011111110111101011110001010111101001011011100101001011110111111111100110111111011111111001111111111111110111110011001010111110110111011111111011001111111111110010110111111111011111111111110111111111111010110111111100110110111
0000000000001000000000100000000000000000000000000000000100000000000000000000010000000000000000000000000000000000000000000000010000000000000000000000000000000000000000000000000000000000000000000000001000000000000000000000000000000000000010000000000001
1010000000100001100001000000110010010000011000000000001000001000000100000000000000101001010100110010000010010000000001100000001010100110000000000110110000011000000100000001010010000100010010000101100001011100000000001010010000000000100000000000010010
0010000000001000010100100001001000000000000000000000100101100001010100011000010000000100000000000100001001000000000011000100011000010000000001000001000100101011100110000000000101100000000000001101001010101001010100001000001011000100001110100100000011
0000001000000000000000000000000100101001000000000000010000000000000000100000000000010000001000000000010000001000001000001010000000000000001000000000000010000000000000001000100000011010000000010000000000000000101000000101000100010010000000000000100000
0000001000000000001000001010000100000000000110001000000000000000000000000000000110000010000000000000110000000101001100011000000000001000000000010000000010000000001000000000101000001010000100010010010000000000101010000000000100010010000000000000100000
0000000000000000010000000000001000000000000000000000000000000001010000000000000000000100000000000000001001000000000010000100000000010000000000000000000000100000000010000000000000100000000000000000000010100000010100000000000010000000001000000100000000
1000101000100000101011001010110110111101011110001010011000000010001000100001001110111011111100010011110010101111001100111011100010101110011000010110110010010000011001011001111010011010010110110010110001010110101010010111110100010010110000000010110100
1000100000100001100001000000110010011101011000000010011000000010000000100001001000111001011100110011000010101010000000100011100010100110011000000110110000010000010001011001010010010100010010100000100001010110000000010110110000000000100000000000010000
1010100000100001100001000000110010010000011000000010001000001010000100000001001000101001010100110011000010110010000001100000001010100110010000000110110000010000010101010001010010000100010010100101100001011110000000011010110000000000100000000000010010
1010000000100001000000000000000010000000000000000000000000001000000100000000000000001001010100110010000000010000000000100000000000100110000000000110010000000000000100000001000010000100000010000100000001001000000000001010010000000000000000000000000010
0000000000001000000100100000000000000000000000000000000101000000000000000000010000000000000000000000000000000000000001000000011000000000000000000000000000001000000000000000000001000000000000001101001000001000000000000000001000000100000110100000000001
0100010000011010010000100001001000000000000000000000100110100001110000011010010000000100000000000100001101000000100010000100010001010001000101001001001100100011100010100010000100100000100000000000001010100001010100000000000011100001001110001101000001
1010000000100001100001000000110010010000011000000000001000001010000100000000001000101001010100110011000010110010000000100000000010100110000000000110110000010000010100000001010010000100010010100000100001010110000000001010010000000000100000000000010010
1010000000101001110101100000011010000000010000000000101101001001000100000000010000101001010100110010001010010000000001100100011010110110000000000111010000101000000110000001000011100100010010001101101011011100010100001010011011000100001110100100000011
0010010000001011010100100001001000000000000000000000100101101001010100011000010000000100000000110100001101010000000011100100011000010000000001001001011100101011100110000000000101100100100000001101001010101001010100001000001011000100001110100101000011
0000100000000000000000000000100000000101000000000010010000000010000000000001001000010000000000000001000000100010000000000011100000000000010000000000000000000000010001010000000000010000000000100000000000000010000000010000100000000000100000000000000000
1010000000101001110101100001011010000000000000000000101101001001010100001000010000001101010100110110001011010000000011100100011010110110000001000111010100101011100110000001000111100100010010001101101011101001010100001010011011000100001110100100000011
1110111000111011111101101011111110111101011110001010111111101011110100111011011110111111011101110111111111111111101111111111111011111111011101011111111111111011111111111011111111111110110110111111111011111111111110011111111111110111101110101101110011
0010000000001001010100100001001010000000000000000000100101001001010100000000010000001100010000110100001001010000000011100100011000010000000000000111010000101001100110000000000011100100000000001101001011101000010100001010011011000100001110100100000011
0000101000000000100001000010110100111101011010001010011000000010000000100001001110110001001000000001110010101111001100001011100010101000011000010000100010010000010001011000111000011010010100110010110000010110101000010101100100010010100000000000110000
1010101000101001110101100000110010111101011000000010111101001010000100100001011000111001011100110011001010111010001001101011111010100110011000000111110010111000010101011001110011011110010010101101101011011110001000011111111101010110101110100000110011
0000000000000000001000001010000100000000000110001000000000000000000000000000000110000010100000000000110000000101001100011000000000001000000000010000000010000000001000000000101000001000000100010010010000000000100010000000000100000010000000000000100000
1010000000101001110101100000110010010000011000000000101101001001000100000000010000101001010100110010001010010000000001100000011010110110000000000111110000111000000100000001010011000100010010001101101011011100000100001010011001000100101110100100010011
0000100000000000100001000000110000010100011000000010000000000010000000000001001000100000000000000001000000100010000000000000100000000000010000000000100000010000010001010000010000000000010000100000000000010110000000010000100000000000100000000000010000
1010101000100001100001000000110010111101011000000010011000001010000100100001001000111001011100110011000010111010000001100011101010100110011000000110110000011000010101011001010011010110010010101101100001011110000000011111110000010000100000100000010010
1010000000101001100101000000110010010000011000000000001001001010000100000000001000101001010100110010000010110010000001100000011010100110000000000110110000011000010100000001010011000100010010101101101001011110000000001010011000000100100000100000010010
0000010000010010000000000000000000000000000000000000000010100000000000010010000000000000000000000000000100000000100000000000000000000000000100001000001000000010000000000000000000000000100000000000000000000000000000000000000000000001000000001001000000
0000100000000000000000000000000000000100000000000010000000000000000000000001000000000000000000000001000000000010000000000001100000000000010000000000000000000000010001010000000000000000000000100000000000000010000000010000100000000000000000000000000000
0000001000000000000000000000000100101000000010000000010000000000000000100000000010000000001000000000010000001000001100001000000000001000001000000000000010000000000000001000101000001010000000010000000000000000101000000101000100010010000000000000100000
0000101000000000000000000000100100101101000000000010010000000010000000100001001000010000001000000001010000101010001000001011100000000000011000000000000010000000010001011000110000011010000000100000000000000010101000010101100100010010100000000000100000
0001000001000100000000010000000000000010000001000000000000010000000010000000100001000000000010000000000000000000010000000000000000000000100010000000000000000000000000000000000000000000000000000000000000000000000000000000000000001000000000010000001000
0000000000000000000000000000000000000000000000000000000000000000000000000001000000000000000000000000000000000000000000000000000000000000000000000000000000000000000000000000000000000000000000000000000000000000000000000000000000000000000000000000000000
1010101000101001110101100000111110111101011000000010111101001011010100100001011000111001011100110011011011111010001001101111111010110110011000000111110010111000010111011001110011111110010010111101101011111110111100011111111111010110101110100100110011
1111111111111111110101110101111011111111111001100111111111111111110111111011111001111101011111110111001111111010111011100111111011110111111111101111111111111011110111111111110111110111110010101101101111111111011100011111111011111101101110111101111011
1010000000101001000100100000000010000000000000000000001101001000000100000000010000001001010100110010000010010000000001100000011010100110000000000111010000001000000100000001000011000100000010001101101001001000000000001010011001000100000110100000000011
1010101000101001110101100001111010111101011000000010111101001011010100101001011000111101011100110111001011111010000011100111111010110110011001000111110110111011110111011001010111110110010010101101101011111111011100011111111011010100101110100100110011
1000100000100001100001000000110010010000011000000000001000000010000000000001001000101001010100110011000010110010000000100000000010100110000000000110110000010000010000000001010010000100010010100000100001010110000000000010010000000000100000000000010000
0010010000001001010100100001001000000000000000000000100101101001010100011000010000000100010000110100001001010000000011100100011000010000000001001111010100101011100110000000000101100100000000001101001011101001010100001010001011000100001110100101000011
0000010000011010010100100001001000000000000000000000100111100001010000011010010000000100000000000100001101000000100010000100011001010001000101001001001100101011100010000000000101100000100000001000001010100001010100000000001011100101001110101101000001
1010101000101001110101100011111110111101011010000010111101001011010100100001011010111101011100110011111011111010001111101111111010111110011000010111110010111001110111011001111011111110010110111111111011111110111100011111111111010110101110100100110011
0000000000000000000000010000000000000010100001000000000000000000000000000000000001000000000001000000000000000000000000000000000000000000100000100000000000000000000000000000000000000000000000000000000000000000000000000000000000000000000000010000000000
1000101000100000100001000000110010111101011000000010011000000010000000100001001000111001011100010011000010101010001000000011100010100110011000000110110010010000010001011001110010010010010010100000100001010110001000010111110000010000100000000000110000
0010010000011011010100100001001000000000000000000000100111101001010100011010010000000100000000000100001101010000100011000100011000010000000101001001001100101011100110000000000101100100100000001101001010101001010100001000001011000101001110101101000011
1111111111111111110101110001111010111111111001100110111111111011110110111011111001111101011111110111001111111010111011101111111011110111111111101111111111111011110111111011110111111110110010101101101111111111111100011111111111111111101110111101111011
0100010000010010000000010001000000000010100001000000000010100000110000011010000000000100000001000100000101000000100010000100000001000001100101101000001101000011100000100010000100000000100000000000000000100001010000000000000000100001000000011001000000
1010101000100001100101000000110010111101011000000010011001001010000100100001001000111001011100110011000010111010001001100011101010100110011000000110110010011000010101011001110011010110010010101101100001011110001000011111111000010110100000100000110010
1010101000101001110101100001111110111101011010000010111101101011010100111001011010111101011100110111011011111010001111101111111010111110011001000111110110111011110111011001111111111110010010111101101011111111111100011111111111010110101110100100110011
1010100000101001110101100001111010010000011000000010101101001011010100001001011000101101010100110111001011110010000011100100011010110110010001000111110100111001110111010001010011100100010010101101101011111111010100011010111011000100101110100100010011
1010111000111011110101100001111010111101011000000010111111101011010100111011011000111101011100110111001111111010100011100111111011110111011101001111111110111011110111011001110111110110110010101101101011111111011100011111111011110101101110101101110011
0000101000000000001000001010100100111101000110001010010000000010001000100001001110010010101000000001110000101111001100011011100000001000011000010000100010010000011001011000111000011010000100110010010000000010101010010101100100010010110000000000100100
1000101000100000100001000000110110111101011010000010011000000010000000100001001010111001011100000011010010101010001000001011100010100110011000000110110010010000010001011001111010011010010010110000100001010110101000010111110100010010100000000000110000
0100010000010110000000010000000000000010100001000000000010100000100000010010000001000000000001000000000100000000100000000000000001000001100101101000001001000010000000100010000100000000100000000000000000000000000000000000000000100001000000011001000000
0000001000000000000000000010000100000000000010000000000000000000000000000000000010000000000000000000010000000000001100001000000000001000000000010000000010000000000000000000101000001010000100010000000000000000101000000001000100010010000000000000100000
0000000000000000001000001010000100000000000110001000000000000000000000000000000110000010100000000000110000000101001100011000000000001000000000010000000000000000001000000000001000001000000100010010010000000000100010000000000100000010010000000000000000
1010101000101001111111101010111110111101011110011010111101001011001100100001011110111011111100111011111010111111001101111111111110111110011000010111110010111000011111011001111011111110011111111111111011011110111111111111111111010110111111100110110111
0100000000000000000000010000000000000010100001000000000000000000100000000010000000000000000001000000000000000000000000000000000001000001100000100000000001000000000000100010000000000000000000000000000000000000000000000000000000100000000000011000000000
0000101000000000000000000000000000101101000000000010010000000010000000100001001000010000001000000001000000001010001000001011100000000000011000000000000010000000010001011000100000011010000000100000000000000010001000010101100100010010000000000000100000
0010010000001000010100100001001000000000000000000000100101101001010100011000010000000100000000000100001101010000000011000100011000010000000001001001000100101011100110000000000101100100100000001101001010101001010100001000001011000100001110100101000011
1010000000101001010100100001001010000000000000000000100101001001010100001000010000001101010100110110001001010000000011100100011010110110000001000111010100101001100110000001000011100100000010001101101011101001010100001010011011000100001110100100000011
1000100000100000100001000000110010111101011000000010011000000010000000100001001000110001001100000011000010101010000000000011100010100110011000000000100000010000010001011001010000010000010010100000100000010110000000010101100000000000100000000000010000
1000101000100001100001000000110010111101011000000010011000000010000000100001001000111001011100110011000010101010001000101011100010100110011000000110110010010000010001011001110010011010010010100000100001010110001000010111110100010010100000000000110000
1110010000111111110101110001111010010010111001000000101111101011110100011010111001101101010101110110001111110000100011100100011011110111100101101111111101111011100110100011010111100100110010001101101011111101010100001010011011100101101110111101010011
0000001000000000000000000000000000100000000000000000000000000000000000100000000000000000000000000000000000000000000000000000000000000000000000000000000010000000000000000000000000000010000000000000000000000000001000000001000000010000000000000000100000
1010101000100001101111001010110110111101011110011010011001001010001100100001001110111011111100110011110010111111001101111011101110101110011000010110110010011000011101011001111011011110011111111111110001011110101010111111111100010010110001100010110110
0000101000100000100001000000110000111101011000000010011000000010000000100001001000110001001100000011000010101010000000000011100010100110011000000000100010010000010001011001110000010010010010100000100000010110001000010101100000010000100000000000110000
0000101000000000000000000000000000101101000000000010010000000000000000100001000000010000001000000000000000001000001000001011100000000000011000000000000010000000000001011000100000011010000000000000000000000000001000010101100100010010000000000000100000
0000000000000000000000000000000000010000000000000000000000000000000000000000000000000000000000000000000000000000000000000000000000000000000000000000000000000000000000000000010000000000000000000000000000000000000000000000000000000000000000000000000000
1110010000111011010100100001001010000000000000000000100111101001110100011010010000001101010100110110001101010000100011100100011011110111000101001111011101101011100110100011000111100100100010001101001011101001010100001010011011100101001110101101000011
0000101000000000000000000000100100111101011000000010010000000010000000100001001010110000001000000001010000101010001000001011100000000000011000000000100010010000010001011000111000011010000000110000000000010010101000010101100100010010100000000000110000
0000000000001000010100100001001000000000000000000000100101000001010000000000010000000100000000000100001001000000000011000100011000010000000000000001000000101001100010000000000001100000000000001101001010101000010100000000001011000100001110100100000001
1010000000100001000000000000000010000000000000000000000000001000000100000000000000001000010100110000000000010000000001100000001000000110000000000110010000000000000100000000000010000100000010000101000001001000000000001010010000000000000000000000000010
0000000000000000010000000000001000000000000000000000100000000001010000000000000000000100000000000000001001000000000010000100000000010000000000000000000000100001000010000000000000100000000000000000000010100000010100000000000010000000001000000100000000
0010010000001001010100100001001000000000000000000000100101101001010100011000010000000100010000110100001001010000000011100100011000010000000001001111010100101011100110000000000111100100000000001101001011101001010100001010001011000100001110100101000011
1010110000101001110101100001111010010000011000000010101101101011010100011001011000101101010100110111001111110010000011100100011010110110010001001111110100111011110111010001010111100100110010101101101011111111010100011010111011000100101110100101010011
0000000000000000010000000001001000000000000000000000100000000001010000001000000000000100000000000100001001000000000010000100000000010000000001000001000100100001100010000000000000100000000000000000000010100001010100000000000010000000001000000100000000
1111110111111111110101110101111011111111111001100111111111111111110111111111111001111101011111110111001111111010110011100111111011110111111111101111111101111011110111111111010111110101110010101101101111111111010100011110111011101101101110111101011011
0000001000000000000000000000000100101101000010000000010000000000000000100000000010010000001000000000010000001000001100001011000000000000001000000000000010000000000000001000101000011010000000010000000000000000101000000101000100010010000000000000100000
1000100000100000100001000000110010010101011000000010001000000010000000000001001000111001000100000011000010100010000000000001100010100110010000000000100000010000010001010001010000010000010010100000100000010110000000010000100000000000100000000000010000
0100010000010010000000010001000000000010100001000000000010100000110000011010000001000100000001000100000101000000100010000100000001000001100101101000001101000011100000100010000100000000100000000000000000100001000000000000000000100001000000011001000000
1111010111111111110101110101111011010010111001100100101111111111110111011011111001101101010111110111001111110010110011100100011011110111100111101111111101111011110110100111010111100101110010101101101111111111010100001010011011101101101110111101011011
0000000000000000001000001010000000000000000110001000000000000000000000000000000100000010100000000000100000000101000100010000000000001000000000010000000000000000001000000000000000000000000100000010010000000000000010000000000000000000000000000000000000
0101010101010110010000110001001000000010100001000000100110110001110010011010110001000100000011000100001101000000110010000100010001010001100111101001001101100011100010100010000100100000100000000000000010100001010100000000000011101001001110011101001001
1010101000101001111111101010111110111101011110011010111101001011001100100001011110111011111100110011111010111111001101111111111110111110011000010111110010111000011111011001111011111110011111111111111011111110111110111111111111010110111111100110110111
1111110001111111110101110001111010010010111001000000101111111011110110011011111001101101010111110111001111110010110011100100011011110111110111101111111101111011110110100011010111100100110010101101101011111111010100001010111011100101101110111101011011
0000000000000000001010001010000000000000000110011000000000000000001000000000000110000010100000001000100000000101000100010000000100001000000000010000000000000100001000000000001000000000001101010010010000000000000011100000000000000000010001000010000100
0111010001011111010100110001001000000010100001000000100111111001110110011010110001000100000011100100001101010000110011000100011001010001100101101001001101101011100110100010000101100100100000001101001010101001010100001000001011100101001110111101001011
1111111111111111111111111011111110111111111111101110111111111011111111111011111111111111111111110111111111111111111111111111111111111111111111111111111111111011111111111011111111111111110110111111111111111111111110111111111111111111111111111111111111
0000000000000000000000000000100000010000000000000000000000000010000000000000001000000000000000000001000000100010000000000000000000000000000000000000000000010000010000000000010000000000000000100000000000000010000000000000000000000000100000000000000000
1010101000101001110101100000110110111101011000000010111101001011000100100001011000111001011100110011011010111010001001101011111010110110011000000111110010111000010111011001110011011110010010111101101011011110101100011111111101010110101110100100110011
0000000000000000010000100001001000000000000000000000100000000001010000001000000000000100000000000100001001000000000010000100000000010000000001000001000100100011100010000000000100100000000000000000000010100001010100000000000011000000001100000100000001
1010000000001001000100100000000010000000000000000000100101001000000100000000010000001000010000110000000000010000000001100000011000000010000000000111010000001000000100000000000011000100000000001101001001001000000000001010011001000100000110100000000011
1010110000101001110101100001111010010101011000000010111101101011010100011001011000111101010100110111001011110010000011100111111010110110011001001111110100111011110111010001010111110100110010101101101011111111010100011010111011000100101110100101010011
0000101000100000101011001010110100111101011110001010011000000010001000100001001110110011101100000011110010101111001100011011100010101100011000010000100010010000011001011001111000011010010110110010110000010110101010110101100100010010110001000010110100
1010101000101001111111101011111110111101011110001010111101001011011100101001011110111111111100110111111011111111001111111111111110111110011001010111110110111001111111011001111111111110010110111111111011111111111110111111111111010110111111100110110111
1010000000101001110101100000010010000000011000000000101101001000000100000000010000101001010100110010001010010000000001100000011010100110000000000111110000101000000100000001000011000100010010001101101011011100000100001010011001000100001110100100010011
0101010000010110010000010001001000000010100001000000100010110001110010011010100001000100000011000100001101000000110010000100000001010001100101101000001101100011100010100010000100100000100000000000000010100001010100000000000010100001001000011101001000
1010000000101001010100100000001010000000000000000000100101001001010100000000010000001100010100110000001001010000000011100100011000010110000000000111010000101001100110000000000011100100000010001101001011101000010100001010011011000100001110100100000011
0000000000000000000000000000000000000000000000000000000000000000000000000000000000000000000000000000000000000000000000000000000100000000000000000000000000000000000000000000000000000000000001000000000000000000000000000000000000000000000000000000000000
1110010000111011010100100001001010000010100000000000100111101001110100011010010000001100010001110100001101010000100011100100011001010111000101101111011101101011100110100010000111100100100010001101001011101001010100001010011011100101001110111101000011
1010100000100001100001000000110010010101011000000010011000001010000100000001001000111001010100110011000010110010000001100011101010100110011000000110110000010000010101010001010010010100010010100101100001011110000000011010110000000000100000000000010010
1000101000100001100001000000110010111101011000000010011000001010000000100001001000111001011100110011000010111010000000100011100010100110011000000110110000010000010001011001010010010110010010100000100001010110000000010111110000010000100000000000010000
1010101000101001101101001010110110111101011110001010011001001010000100100001001110111001011100110011110010111111001101111011111010101110011000010110110010011000011101011001111011011110010110111111111001011110101010011111111100010110100000100000110010
0111010101011110010100110001001000000010100001000100100111111001110110011010110001000100000011000100001101000000110011000100011001010001100111101001001101101011100110100010000101100000100000001101001110101001010100001000001011101101001110111101001011
1010000000101001100101100000010010000000010000000000101101001000000100000000010000001001010100110010000010010000000001100000011010100110000000000111010000001000000100000001000011000100010010001101101001011100000000001010011001000100000110100000000011
0000001000000000000000000010000100101000000010000000010000000000000000100000000010000000001000000000010000001000001100001000000000001000001000010000000010000000000000001000101000001010000100010000000000000000101000000101000100010010000000000000100000
0000001000000000000000000010000100101101000010000000010000000000000000100000000010010000001000000000110000001100001100001011100000001000001000010000000010000000000000001000101000011010000100010010010000000000101000000101000100010010000000000000100000
1010010000101011110101100001111010010000011000000000101111101011010100011000011000101101010100110110001111110010000011100100011010110110000001001111111100111011110110000001010111100100110010101101101011111101010100001010011011000100101110100101010011
1110111000111011110101110011111110111111111011000010111111101011110100111011011010111101011101110111011111111010101111101111111011111111111101111111111111111011110111111011111111111110110110111101101011111111111100011111111111110111101110111101110011
1010000000101001100101100000110010010000011000000000001101001000000100000000010000101001010100110010000010110000000001100000011010100110000000000110110000011000000100000001010011000100010010001101101001011100000000001010011000000100100110100000010011
0000000000001000010100100000001000000000000000000000100101000001010000000000010000000100000000000000001001000000000011000100011000010000000000000001000000101000000010000000000001100000000000001101001010101000010100000000001011000100001110100100000011
1111110101111111110101110001111010010010111001000000101111111011110110011011111001101101010111110111001111110010110011100100011011110111110111101111111101111011110111100011010111100100110010101101101011111111010100001010111011101101101110111101011011
1010100000101001110101100001111010010000011000000010101101001011010100000001011000101101010100110111001011110010000011100100011010110110010000000111110100111001110111000001010011100100010010101101101011111110010100011010111011000100101110100100010011
0000000000000000000000000000001000000000000000000000000000000001000000000000000000000000000000000000000000000000000000000100000000010000000000000000000000000000000010000000000000100000000000000000000000100000010100000000000010000000000000000000000000
1010100000101001100101100000110010010101011000000010011101001010000100000001011000111001010100110011000010110010000001100011111010100110011000000110110000011000010101011001010011010100010010101101101001011110000000011110111000000100100110100000010011
0010000000000001000000000000000000000000000000000000000000001000000100000000000000000000010000110000000000010000000000100000000000000000000000000110010000000000000100000000000010000100000000000000000001000000000000001010000000000000000000000000000000
0000001000000000001010001010000100101001000110001000010000000000001000100000000110010010101000000000110000001101001100011010000100001000001000010000000010000000001000001000101000011010000100010010010000000000101010100101000100010010010001000010100100
0000010000000000000000000000000000000000000000000000000000000000000000000000000000000000000000000000000100000000000000000000000000000000000000000000000000000000000000000000000000000000100000000000000000000000000000000000000000000000000000000001000000
1010101000101001110101100000111110111101011000000010111101001011000100100001011010111001011100110011011011111010001001101111111010110110011000000111110010111000010111011001110011111110010010111101101011111110111100011111111111010110101110100100110011
1110010000111111110101110001111010010010111001000000101111111011110110011010111001101101010111110110001111110000110011100100011011110111100101101111111101111011110110100011010111100100110010001101101011111101010100001010011011100101101110111101010011
0100000000010000000000000000000000000000000000000000000010000000100000000010000000000000000000000000000000000000100000000000000001000001000100000000000001000000000000100010000000000000000000000000000000000000000000000000000000100001000000001000000000
1110111000111111111101111011111110111111111111001010111111101011110100111011011111111111111101110111111111111111101111111111111011111111111101111111111111111011111111111011111111111110110110111111111011111111111110011111111111110111111110111101110111
0100010000010010000000000001000000000000000000000000000010100000110000011010000000000100000000000100000101000000100010000100000001000001000101001000001100000011100000100010000100100000100000000000000000100001010000000000000000100001000000001001000000
1010010000111011110101100001111010010000011000000000101111101011010100011011011000101101010100110111001111110010100011100100011010110110000101001111111100111011110110000001010111100100110010101101101011111111010100001010011011000101101110101101010011
0000000000001000010100100000001000000000000000000000100101000001010000000000010000000000000000000000001001000000000001000100011000010000000000000001000000101000000110000000000001100000000000001101001010101000010100000000001011000100001110100100000011
0100010000011010010100100001001000000000100000000000100111100001110000011010010000000100000001000100001101000000100011000100011001010001000101001001001101101011100110100010000101100000100000001101001010101001010100000000001011100101001110101101000011
0010010000011010010100100001001000000000000000000000100111101001010100011010010000000100000000000100001101000000100011000100011000010000000101001001001100101011100110000000000101100000100000001101001010101001010100001000001011000101001110101101000011
1010100000100001100001000000110010011101011000000010011000001010000100000001001000111001011100110011000010111010000001100011101010100110011000000110110000011000010101011001010010010100010010101101100001011110000000011110110000000000100000000000010010
1010101000101001101101100010110110111101011110001010111101001010000100100001011110111001011100110011111010111111001101111011111010101110011000010111110010111000010101011001111011011110010110111111111001011110101010011111111101010110100110100000110011
1010010000101011010100100001001010000000000000000000100101101001010100011000010000001100010100110100001101010000000011100100011000010110000001001111011100101011100110000001000111100100100010001101001011101001010100001010011011000100001110100101000011
1010000000101001010101100000011010000000000000000000101101001001010100000000010000001001010100110010001011010000000001100100011010110110000000000111010000101000000110000001000011100100010010001101101011101000010100001010011011000100001110100100000011
0000100000000000000000000000000000000000000000000010000000000000000000000001000000000000000000000001000000000010000000000000000000000000010000000000000000000000000001000000000000000000000000100000000000000010000000010000100000000000000000000000000000
0100000000000100000000010000000000000010100001000000000000010000100000000000100001000000000001000000000000000000000000000000000000000000100000100000000001000000000000100010000000000000000000000000000000000000000000000000000000000000000000010000000000
1111111000111111110101110011111110111111111011000010111111111011110110111011111011111101011111110111011111111010111111101111111011111111111101111111111111111011110111111011111111111110110110111101101011111111111100011111111111110111101110111101111011
1010100000101001100101000000110010010101011000000010011001001010000100000001001000111001010100110011000010110010000001100011101010100110010000000110110000011000010101010001010011010100010010101101100001011110000000011010111000000100100000100000010010
0000001000000000001000001010000100101101000110001000010000000000000000100000000110010010101000000000110000001101001100011011100000001000001000010000000010000000001000011000101000011010000100010010010000000000101010000101000100010010010000000000100100
0000000000000000001010001000000000000000000100001000000000000000001000000000000100000010100000000000100000000101000000010000000100000000000000000000000000000000001000000000000000000000001001000010010000000000000010100000000000000000010001000010000100
0110010000011110010100110001001000000010100001000000100111111001110110011010110001000100000011000100001101010000110011000100011001010001100101101001001101101011100110100010000101100000100000001101001010101001010100001000001011100101001110111101000011
1110010000111011010100100001001010000000000000000000100111101001010100011010010000001100010100110110001101010000100011100100011001110111000101001111011100101011100110100011000111100100100010001101001011101001010100001010011011100101001110101101000011
0000101000000000001000001010000100101101000110001010010000000000000000100001000110010010101000000000110000001101001100011011100000001000011000010000000010000000001001011000101000011010000100010010010000000000101010010101100100010010010000000000100000
0010000000001001010100100000000010000000000000000000100101001001000100000000010000001000010000110000001000010000000001100000011000010000000000000111010000101000000110000000000011000100000000001101001011001000000100001010011001000100001110100100000011
0010000000001001010100100000001000000000000000000000100101001001010100000000010000000100010000110000001001010000000011100100011000010000000000000111010000101001100110000000000011100100000000001101001011101000010100001010001011000100001110100100000011
