24
101010111000111000000101
101010111000111001000101
010101000001000000001010
010100000011100100000111
000000000000000000000001
100000111000100100000101
101000111000100100000101
111010111111111101000101
111100111011110100000111
101010111100011001010101
000000000010000100000000
110101000011100110101111
110101111011100100001111
111110111111111101000111
101000111010110100000101
101000111010100100000101
010000000010100100000000
010000000010100100000100
101010111100111001000101
010101000001000000000010
111111111111111101101111
010000000011100100000000
010000000010000100000000
000101000000000000101010
