100
1101000001100000000001010110011001000000000000011001001000010010001111010010100000000000000000000010
1111011111110111011111111111111111110000111110110011111010111101111011001011101111110010011001010001
1001000111100001010001110110011001010000000000110000010010010100001011000011000011010010000001000001
0010011000010000000100000001000000100000001100000010000000000000110000001000000000100000000000000000
0000000110010011000010000000000100010000000000000010000000000001110000001001000111110000010001000001
0010111111010111011110101001100111111001111110100110110011111101110000101001001111111011111001010101
0010011000010100000110000001100110100000011110000010000000101000110000001000000100100000000000000000
0000000010010010000010000000000100010000000000000000000000000001110000001001000100100000010000000001
0010011111010011010110100001000100110000001100100010010010111101110000001001000111110010010001000001
0000011000000000000100000001000000100000000000000010000000000000100000000000000000000000000000000000
1101000000100000000001010110011000000000000000010001001000000000001011010010100000000000000000000010
0000100000000100001000001000000010001001110010000100100001000000000000100000001000001001101000010100
1111011111111111011111111111111111110000011110111011111010111111111111011011101111110010011001010011
0000000000000100000000000000000000000000000000000000000000000000000000000000000000000000000000000000
0000000000000100000000001000100010000000010010000000100000000000000000000000001000000000001000010000
0010000000000100000100000000100010000000011110000000000000101000000000000000000000000000000000000000
0010111110010111011110101001100110111001111110100110110011101101110000101001011111111111111101010101
1101000101101001010001110110011001000000000000111001011010010110001111010010100011010010000011001010
0000000101000001010001110110001001000000000000110000010010010100001011000000000011010010000001000000
0000000110010011000010000000000100010000000000000000000000000001110000001001000110100000010001000001
0000000000001000100000000000000000000110000001001000000100000010000100010100000000000000000010101000
0000100000000100001000001000100010000001111110000100100001101000000000100000001000001001101000010100
1111011111110111010111110111111111110000011110110011011010111101111011001011100111110010010001000001
0000000100000001000000000000000000010000000000000000000000000000000000000001000011000000000001000001
1001000001100000000001010110011001000000000000010000000000010000001011000010000000000010000000000000
0010011000000100001100001001100010100000011110000010100000101000110000000000001000000000001000010000
0000000000000000001000001000000000000000100000000000000000000000000000000000001000000000001000000000
0000000000000000000000000000000000010000000000000000000000000000000000000001000010000000000000000001
1111011111111111011111111111111111110000111110111011111010111111111111011011101111110011011001010011
0000000101000001010001100110000001000000000000110000010010010100001011000000000001010010000001000000
0000000001000000000001010110011001000000000000010000000000000000001011000000000000000000000000000000
0000000110000011010010100000000000010000000000100000010000000001000000000001000111010000010001000001
0000000000000000000000000000000000100000000000000000000000000000000000000000000000000000000000000000
1000000000100000000000010000011000000000000000000000000000000000000000000010000000000000000000000000
0000100000000000001000001000000000001001100000000100000001000000000000100000000000001101101100000100
1101011111111011110011110110011101010110000001111011011110010111111111011111100111110010010011101011
1111011111111111011111111111111111110001111110111111111011111111111111111011101111110011111011011011
1001000001100000000001010110011001000000000000110000000010010100001011000010000000000010000000000000
0010011110010111011110101001100110110001111110000110110001101001110000101001001111110001111001010101
0010011010010010000110000001100100100000001100000010000000101001110000001001000100100000010000000001
0000000000000000000000000000000000000000000000000000000000000000110000000000000000000000000000000000
0010011000010110000110001001100110100000011110000010100000101001110000001000001100100000000000010000
0101000000001000000000000000000000000000000000001001001000000010000100010000100000000000000000000010
1101000101100001010001110110011001010000000000110000011010010100001011000010000011010010000001000000
0000000000000000000000000000000000000000000000000000000000000000000000000000000001010000000000000000
0000000010000010000010000000000100000000000000000000000000000001000000000000000100000000010000000000
0000000000000000000000000000000000000000000100000000000000000000000000000000000000000000000000000000
0010011111010011010111100111000101110000001100110010010010010101111011001001000111110010010001000001
1010011111110111011111111111111111110000011110110010110010111101111011001011001111110010011001010001
1101000001100000000001010110011001000000000000010001001000010000001011000010100000000000000000000000
1111111111111111111111111111111111110101111110111111111111111111111111111111101111111011111011011111
0000000000000000001000001000000000000000100000000000000000000000000000000000001000000000001000010000
0010011111010111011111111111100111110000111110110110110010111101111011101001001111110011111001010001
0000000000000000001000001000000000000001100000000100000001000000000000100000001000000001101000010000
0000000101000001010001110110000001010000000000110000010010010100001011000001000011010010000001000001
0010011111010111010111100001100111110000011110100010010010111101110011001001000111110010010001000001
0010011110010011010110100001000100110000001100100010010000000001110000001001000111110000010001000001
0000011000000000000000000000000000000000000000000010000000000000000000000000000000000000000000000000
0000000110010011000010000000000100010000000000000000010000000001000000000001000111110000010001000001
0010011000010100001100001001100110100000011110000010100000101000110000001000001100100000001000010000
0010011000010110000110001001100110100000011110000010100000101001110000001000001100100000001000010000
0010011000000100001100001001100010100001111110000110100001101000100000100000001000000001101000010100
0000000111000011010001100000000001010000000000100000010010010100000010000001000011010010010001000001
0010011111010011010111100001000101110000000000100010010010010101110010001001000111110010010001000001
1101000000101000000000010110011000000000000000011001001000000010001101010110100000000000000010001010
0010011111010111011111111111111111110000111110110010110010111101111011001001001111110011011001010001
1011111111110111011111111111111111111001111110110110110011111101111011101011001111111111111101010101
1111011111110111011111111111111111110000111110110111111011111101111011101011101111110011111001010011
0010100000000100001000001000100010001001111110000100100001101000000000100000001000001101101000010100
0010011111010011010111100111100101110000001110110010010010111101111011001001000111110010010001000001
1101000000100000000000010110011000000000000000011001001000000000000000010010100000000000000000000010
1010011111110111010111110111111101110000011110110010010010111101111011001011000111110010010001000001
0000100000000000000000000000000000001001000000000000000000000000000000000000000000001100000000000100
0010111110010111011110101001100110111001111110100110110011101101110000101001011111111101111101010101
1111011111110111011111111111111111110000111110111011111010111101111111011011101111110011111001010011
0000000111010011010010100000000101010000000000100000010010010101110000001001000111110010010001000001
1111011111110011010111110111011101110000001100110011011010010101111011001011100111110010010001000011
0010011111010111011111111111111111110001111110110110110011111101111011101001001111110011111001010001
0000000000000000010000000000000000000000000000000000010000000000000000000000000000000000000000000000
1000000000100000000000010110011000000000000000010000000000000000001001000010000000000000000000000000
0000000010000010000000000000000000000000000000000000000000000001000000000000000000000000010000000001
1111011111111011010111110111011101110000001100111011011010010111111111011111100111110010010011001011
0010011000000000000100000001000000100000001100000010000000101000000000000000000000000000000000000000
1101000111101011010011110110011001010000000000111001011010010111001111010011100011010010010011000011
1101000000101000000000000000000000000000000000001001001000000010000100010000100000000000000010000010
0010011110010111001110001001100110110001111110000110110001101001110000101001001111110001111001010001
0010111010010110001110001001100110101001111110000110100001101001110000101000011100101101111100010100
0000011000010010000010000001000100100000000000000010000000000001110000001000000100100000000000000000
1101000001100000010001110110011001000000000000110001011010010100001011000010100001010010000000000010
0000000111010011010011100100000101010000000000110000010010010101001011000001000111010010010001000001
0101000000000000000000000000000000000000000000000001001000000000000000000000100000000000000000000010
0000000000000000000000000000000000000000000000100000000010000100000000000000000000000010000000000000
0000000100000001010000100000000000000000000000100000010000000000000000000000000011010000000001000000
1101000001100001010001110110011001000000000000110001011010010100001011000010000001010010000001000000
0000000000000000000000000000000000010000000000000000000000000000000000000000000010000000000000000000
0010011000000100001100001001100010100001111110000110100001101000000000100000001000000001101000010100
0000000000000010000010000000000100000000000000000000000000000001000000000000000100000000010000000000
0010011111010111010110100001100111110000011110100010010010111101110000001001000111110010010001000001
1101000111101011010001110110011001010000000000111001011010010111001111010011100011010010010001000011
0000000000000000000000000000000000000000000000000000000000000000000000000000000010000000000000000000
