250
1101101111010110011101101110110110111010110111111111101110100111011110001101010111011010111101111101110010111100111110101110111111111011100111111010111011110011011111111101011100011111110111111111110111011111101000010110011100111101111111111100111101
0000100000000000000000000000000000000010000001100000000000000001010000000000000000000000010000000000000000100000000000000010000010001000000100000000000001000000000000000000000000001001000000100010000000000000000000000000001000000000010000000000000000
1000000011010000010001101100100110000000100100001011000000000010001100001000010111001000100000001101000010000000001100000000110100010000000000011010100000110001001101111001010100000000000000000100000100000011001000000000000100111100100110010000000001
1111101111111111111111111111110111111111110111111111111111101111111111101111011111011111111111111111111111111111111111111111111111111111110111111111111111110111111111111111111110111111110111111111111111111111111011111111111111111101111111111111111111
1000000010010010010000000000000000000000100000000000000000000010001100000000010101001000100000001000000010000100000000000000100000000000000000010010000000100001010101001000000000000000100000000100010010000000001000000000000000010100000000000000101000
1000101111010010010001101100100110100010100100101111100100000011011100001000010111001000110100001101010010110100101100100010110110011000000010011010110001110001011101111001010100011001110000110110110111010011001000010010011100111100110111011000101001
0100000001000000000000100000000110110000010110000101000100000000000000001000000010000000000000000101100000000000100100100000011000000001000000100000100000000000001000110100010100000000010000010000100001000001000000000000010100101000000100000000010000
1110000011000100000011101101110110111000110110001111000100100010000110101101000111000101000001101101100000001010101110100000111101010001010000101110100000010000001100111101010110000100010100011100100101100111101000001000010100111101100110110111010101
0000000000000000000000000000000000001000010000000000000000100000000000000101000000000000000001100000000000000000000010000000000000000000000000000000000000000000000000000000000000000000000000000000000000000100100000000000000000000001000000000000000000
0001101110010010010000000000000000000010000001100000100000000111011100000000010000001000110100001000010010110100010000000010100010101000000110010010010001100011010101001000000000011001100000100110010010011000001000010110001000010100010001001000101000
1100000011000000000001101100100110110000110110001111000100100010000000001100000111000000000000001101100000000000101100100000011100010001000000101000100000010000001000111101010100000000010000010000100101000011001000000000010100111101100110010000010001
0010000000000100000000000001010000001000000000000000000000100000000010100101000000000101000001100000000000001010000010000000000001000000000000000000000000000000000000000000000000000100000100001000000000000100100000000000000000000001000000100100000100
1110000001101101100011111101110111111101110110001111010101101000100011101111001111000101000011100111100101001011101111110000011101010101010000101101100100010100101000110111110110100100010100011000101101100111100010101001110111101001100110110111010111
1100001111010010010001101100110110111000110110001111100100100010001100001101010111001000100001101101110010010100101110100000111100010001000010111010110000110001011101111101010100010100110100010100110111010111101000010010010100111101100111011000111001
1001101111010010011101101110100110110010100101101111101110000111011100001000010111011010111100011101010010110100111100101110111110111011000110011010110001110011011111111101011100011011110011110111110111011011001000010110011100111100111111011000111001
0010000000001101100010010001010001001101000000000000010000001000100011100001001000000101000011100010000101001010000000010000000001000100010000000101000100000100000000000010100010100100000100001000001000100100000010001001100011000000000000100111000110
0001111100000010001100000010000000000010000001110000101010000101010000010000100000010010011100010000011000110000010000001111000010101010100111000000011011000010010010000000001001011011101011100011010010011000010100010110001000000010011001001000101000
0010000000001101000010010001010001001101000000000000010000000000100011100001001000000101000001100010000001001010000000010000000001000100010000000101000000000100000000000010100010000100000100001000001000100000000010001001100010000000000000100111000110
0000000000000000100000010000000000000000000000000000000000001000000000000000000000000000000010000000000101000000000000000000000000000000000000000000000100000100100000000000000000100000000000000000000000000000000000000000000001000000000000000000000000
1101111111010010011101101110100110111010110111111111101110100111011100011101110111011010111101111101111010110100111110101111111110111011100111111010111011110011011111111101011101011111111111110111110111011111111100010110011100111111111111011000111001
0000000000000000001100000010000000000000000000000000001010000000000000000000000000010010001000000000000000000000000000000100000000000000000000000000000000000010000010000000000000000010000011000001000000000000000000000000000000000000001000000000000000
0000000000001001100010010000000001000101000000000000010000001000100001000010001000000000000010000010000101000000000000010000000000000100000000000001000100000100100000000010100000100000000000000000001000000000000010000001100011000000000000000000000010
0110000001001101100011111101110111111101010110001111010100100000100011101101001010000101000011100111100101001010101110110000011101010101010000101101100000010100001000110111110110000100010100011000101101100111100010001001110111101001100110110111010111
0100000001000000000000100000000110111000010110000111000100100000000000001100000010000000000000000101100000000000101110100000011000000001000000100000100000000000001000110100010100000000010000010000100001000101100000000000010100101001000110000000010000
1110000011011101110011111101110111111101110110001111010100100010101111101101011111001101100011101111100111001010101110110000111101010101010000111111100000110101001101111111110110000100010100011100101101100111101010001001110111111101100110110111010111
1111111111111111111111111111110111111111110111111111111110101111111111111111111111011111111111111111111111111111111111111111111111111111110111111111111111110111111111111111111111111111111111111111111111111111111110011111111111111111111111111111111111
0000101100010010010000000000000000000010000001100000100000000001011000000000010000001000110100000000010010110100000000000010000010101000000110010000010001100001010000000000000000011001100000100010010010010000000000010010001000000000010001001000101000
1001101111010010011101101110100110100010100101111111101110000111011100001000010111011010111100011101010010110100111100101110110110111010100111011010111001110011011111111001011100011011100011110111110110011011001000010110001100111100111111011000101001
1110000011011101110011111101110111111101110110001111010100101010101111101111011111001101000011101111100111001011101110110000111101010101010000111111100100110101101101111111110110100100010100011100101101100111101010001001110111111101100110110111010111
0110000000000100000000100001010110111000010110000101000100100000000010100101000010000101000001100001100000001010100110100000001001000001010000100000100000000000000000110100010110000100010100011000100001000101100000000000010000001001000100100110010100
1000001010010010010000000000000000000000000000000000000000000010001100000000010101001000100000001000000010000100000000000000100000000000000000010010000000100001010101001000000000000000100000000100010010000000001000010010000000010100000001001000101000
0000100000000000000000000000000000000010000000100000100000000001010000000000000000000000010100000000010000100000000000000010000010001000000010000000010001000000000000000000000000011000000000100010000000010000000000000000001000000000010000000000000000
1001111111010010011101101110101110100010101101111111101110000111011100011000110111111010111100011101011010110100111100101111111110111011101111011010111011110011011111111001011101011011111011110111110111011011011100010110011100111110111111011000111001
1000000010010000010001001000100000000000100000000000000000000010001100000000010101001000100000001000000010000000000000000000100100010000000000011010000000110001000101001001000000000000000000000100000100000010001000000000000000010100100000010000000001
1110101111111111110011111101110111111101110110001111110101101010111111101111011111001101100111101111110111011111101111110010111111010101010010111111110101110101111101111111110110111100110100111100111111110111101010111011110111111101110111111111111111
1110000011001101000011101101110111111000110110001111010100100010101111101101001111000101000001101111100000001010101110110000111101010101010000101110100000010000001101111111010110000100010100011100101101100111101010001001010110111101100110110111010111
0001000000000000001100000010000000000000000001010000001010000100000000000000000000010010011000010000000000000000010000001100000000100010100101000000001010000010000010000000001000000011000011000001000000001000000000000100000000000000001000000000000000
1000101110010010010001001100100000000010100001101000100000000111011100000000010101001000110100001000010010110100011000000010100110111000000110011010010001110001010101001001000000011001100000100110010110010010001000010110001000010100110001011000101001
0001101100000000001100000010000000000010000001100000101010000101010000000000000000010010011100010000010000110000010000001110000010101010000110000000010001000010000010000000001000011011000011100011000010011000000000010110001000000000011001001000001000
1100001111010010010001101100110110111000110110001111100100100010001100001101010111001000100001101101110010010100101110100000111100010001000010111010110000110001011101111101010100010100110100010100110111000111101000010010010100111101100111011000111001
0000000000000000000000000000000000000000000000010000000000000000000000000000000000000000000000000000000000000000000000001000000000000000100001000000001010000000000000000000001000000000000000000000000000000000010000000000000000000000000000000000000000
1001101110010010011101001010100000000010100001110000101010000111011100000000010101011010111100011000010010110100010000001111100110111010100111011010011011110011010111001001001000011011100011100111010110011010011000010110001000010100111001011000101001
1111101111010110011101101111110110111010110111101111100110100111011110101101010111011111111101101101110010111110111110100110111111111001010110111010110001110011011111111101010110011101110111111111110111011111101000010110011100111101111111111110111101
1110001111111111110011111101110111111101110110001111010101101010101111101111011111001101100011101111100111011111101111110000111101010101010000111111110100110101111101111111110110100100110100011100111111100111101010111011110111111101100111111111111111
1100101111010010010001101100100110111010110110101111100100100011011100001101010111001000110100101101110010110100101110100010111110011001000010111010110001110001011101111101010100011000110000110110110111010111101000010010011100111101110111011000111001
0000000001000000000000100000000010000000000000000011000000000000000000001000000010000000000000000101000000000000000000000000010000000000000000000000100000000000001000100000010100000000000000000000000000000000000000000000000100101000000110000000000000
0000000001000000000000100100000110100000000100001111000100000000000000001000000010000000000000000101000000000000101100100000010000000001000000000000100000000000001000110000010100000000010000010000100001000001000000000000010100101000000110000000010000
0000000000010000010000000000000000000000000000000000000000000000000000000000010000001000000000000000000000000000000000000000000000000000000000000000000000000000000000000000000000000000000000000000000000000000000000000000000000000000000000000000000000
1111101111011111011111111111110111111111110111101111110100100111111111101101011111011111111101101111110011111110111110110110111111111101010110111111110001110011011111111111110110011101110111111111111111111111101010011111111110111101110111111111111111
0110000000101101100010010001010111111101010110000101010101101000100011100111001010000101000011100010100101001011100111110000001001000101010000100101000100000100100000010110110010100100010100011000101001100101100011101001110011000001000100100111010110
0000000001000000000000100000000110000000000100000111000100000000000000001000000010000000000000000101000000000000001100100000010000000000000000000000100000000000001000110000010100000000000000010000000000000001000000000000000100101000000110000000000000
1001101111010010010101101110100110000010100101101111100000000111011100001000010111001000110100001101010010110100011100000010110110111000000110011010110001110011011101111001010100011001100000100110010110011011001000010110001100111100110111011000101001
0100000000000000000000100000010110111000010110000101000100100000000000000101000010000000000001100001100000000000100110100000001000000001000000100000100000000000000000010100010100000100010100011000100001000101100000000000010000001001000100100000010000
0110000000000100000010000001010000111000010010000100000100100000000011100101000000000101000001100000100000001010100110100000001001000001010000100100000000000000000000000110000010000100010100011000100001100101100000001000010010000001000000100111010110
0110000000000100000000100001010110111000010110000101000100100000000010101101000010000101000001100101100000001010100110100000001001000001010000100000100000000000000000110100010110000100010100011000100001100101100000000000010100001001000100100111010100
1110000011001100000011101101110111111000110110001111010100100000100011101101001111000101000001101111100000001010101110110000011101010101010000101100100000010000001000111111010110000100010100011000100101100111101010001001010110111101100110110111010111
0000000000000000000000000000010000000000000000000000000000000000000000000000000000000000000000000000000000000000000000000000000000000000000000000000000000000000000000000000000000000000000000000000000000000000000000000000000000000000000000000000000000
1110101111010110010001101101110110111010110111101111100100100111011110101101010111001100110101101101110010111110101110100010111111111001000110111010110001110001011101111101010100011101110100111110110111010111101000010110011100111101110111111100111101
1001111110010010011101001110100000000010100001110000101010000111011100000000110101011010111100011000011010110100010000001111100110111010100111011010011011110011010111001001001000011011101011100111010110011010011100010110001000010110111001011000101001
0100000001000000000000100100100110111000010110001111000100100000000000001101000010000000000000100101100000000000101110100000011100010001000000100000100000010000001000110100010100000000010000010000100101000111100000000000010100101001100110000000010001
0000100000000000000000000000000000000010000001100000100000000101010000000000000000000000010100000000010000100000000000000010000010101000000110000000000001000000000000000000000000001001000000100010000000010000000000000000001000000000010000000000000000
0010000000000100000000000001000000000000000000000000000000000000000010100000000000000101000000000000000000001010000000000000000000000000010000000100000000000000000000000000000010000000000000000000000000100000000000000000000000000000000000000111000000
0000000000000000000000000000000000000101000000000000000000000000000000000000000000000000000000000000000000000000000000000000000000000000000000000001000000000000000000000000100000000000000000000000000000000000000000000000100000000000000000000000000000
1111101111011111110011111111110111111111110111101111110100100111111111101101011111001101110101101111110111111110111110110010111111111101010110111111110001110111011101111111110110011101110100111110111111111111101010011111111111111101110111111111111111
1100000011000000000001101100100110111000110110001111000100100010000000001101000111000000000000101101100000000000101110100000111100010001000000101010100000010000001100111101010100000000010000010100100101000111101000000000010100111101100110010000010001
1111101111011111010011101101110111111111110111101111110100100111111111101101011111001101110101101111110010111110111110110010111111111101010110111111110001110011011101111111110110011101110100111110111111111111101010011111111110111101110111111111111111
1110000011010110010001101101110110111000110110001111000100100010001110101101010111001101100001101101100010001110101110100000111101010001010000111010100000110001011101111101010110000100110100011100110111100111101000010000010100111101100111111111111101
0001101100000000001100000010000000000010000001100000101010000101010000000000000000010010011100010000010000110000010000000110000010101000000110000000010001000010000010000000000000011011100011100011000010011000000000010110001000000000011001001000101000
1001101111010010011101101110100000000010100001101010100000000111011100001000010101011010111100001100010010110100011000000110110110111000000110011010010001110011011111101001000100011001100011100111010110011010001000010110001100110100110011011000101001
0010000000001101100010010001010001000101000000000000010000000000100011100000001000000101000011000010000101001010000000010000000001000100010000000101000000000100000000000010100010100100000100001000001000100000000010001001100011000000000000100111000110
0000000000000000000000000000000110000000000100000101000100000000000000000000000010000000000000000000000000000000100100100000000000000000000000000000000000000000000000010000010000000000000000010000000000000001000000000000000000000000000100000000000000
0001111100010010011100000010000000000010000001110000101010000101011100000000110000011010111100010000011010110100010000001111100010101010100111010010011011100011010111000000001000011011101011100111010010011000010000010110001000000000011001001000101000
0000000000000000000000000000000110000000000100000001000000000000000000000000000010000000000000000000000000000000000000000000000000000000000000000000000000000000000000010000010000000000000000000000000000000000000000000000000000000000000100000000000000
0100000000000100000000000000010100111000010110000100000100100000000010000101000000000100000001100000100000001010100110100000001001000001000000100000000000000000000000010100010000000100010100011000100001000101100000000000010000000001000000100100010100
1000000011000000000001101100100110000000100100001111000100000010001100001000000111000000000000001101000000000000001100000000110100010000000000001010100000010000001101111001010100000000000000000100000100000011001000000000000100111100100110010000000001
1100001111010010010001101100100110110000110110001111000100000010001100001000010111001000100000001101100010010100101100100000111100010001000000111010100000110001011101111101010100000000110000010100110111000011001000010010010100111100100111011000111001
1100101111010010010001101100100110110010110111101111100100100011011100001100010111001000110100001101110010110100101100100010111110011001000110111010110001110001011101111101010100011001110000110110110111010011001000010010011100111101110111011000111001
1000000010010010010000000000000000000000000000000000000000000010001100000000010101001000100000001000000010000100000000000000100000000000000000010010000000100001010101001000000000000000100000000100010010000000001000000000000000010100000000000000101000
0110000001001101100010110101010111111101010110001111010100100000100011101101001010000101000001100111100101001010101110110000011101010101010000100101100000010100001000110110110110000100010100011000101101100101100010001001110110101001100110100111010110
0000000001000000000001100100100110100000000100001111000100000000000000001000000010000000000000000101000000000000101100100000010100010000000000001000100000010000001000110001010100000000000000010000100100000011000000000000000100101000100110010000000001
0000101100010010010000000000000000000010000000100000100000000000011100000000010000001000100100000000010010010100000000000010100010000000000010010010010001100001010101000000000000011000100000100110010010010000000000010010001000000000010001001000101000
1001101111010010010101101110100110100010100101101111100100000111011100001000010111001000110100001101010010110100111100100010110110111000000110011010110001110011011111111001010100011001100001110110110110011011001000010110001100111100110111011000101001
1111111111010110011111101111111110111010111111111111101110110111011111111101110111111111111101111101111010111110111110111111111111111111111111111110111011111011011111111111011111011111111111111111110111111111111100011110011110111111111111111111111111
1110101111011110010011101101110111111000110110001111110100100010111111101101010111001101100101101111110010011110101110110010111111010101010010111110110001110001011101111111010110011100110100111100110111110111101010011011010110111101110111111111111111
0000000000000000000000000000000000000000000000000000000000000000000000100000000000000000000000000000000000000000000000000000000000000000000000000000000000000000000000000000000000000000000000000000000000000000000000000000000000000000000000000000000000
1000000001000000000001001100100000000000100000001010000000000000000000000000000101000000000000000000000000000000001000000000010100010000000000001000000000010000001000000001000000000000000000000000000100000010000000000000000000100000100010010000000001
0001000000000000001100000010000000000010000001100000001010000101010000000000000000010010011000010000000000100000010000000110000010101000000100000000000001000010000010000000000000000011000011100011000000001000000000000100001000000000011000000000000000
1111101111010110011111101111110110111010110111101111100110100111011110101101010111011111111101101101110010111110111110100110111111111001010110111110110001110011011111111101010110011101110111111111110111111111101000011110011110111101111111111111111101
0000000001000000000000100100100010000000000000001010000000000000000000001000000010000000000000000101000000000000001000000000010100010000000000000000100000010000001000100000000100000000000000000000000100000000000000000000000100101000100010000000000000
1000000010010010010001001000000000000000100000000000000000000010001100000000010101001000100000001000000010000100000000000000100000000000000000011010000000100001010101001000000000000000000000000100000000000000001000000000000000010100000000010000000000
0001100000000000001100000010000000000010000001110000101010000101010000000000000000010010011100010000010000100000010000001110000010101010100111000000011011000010000010000000001000011011000011100011000000011000000000000100001000000000011000000000000000
0001111100000010001100000010000000000010000001110000101010000101010000010000100000110010011100010000011000110100010000001111000010101010101111000000011011000010010010000000001001011011101011100011010010011000010100010110001000000010011001001000101000
0001111100000000001100000010000000000010000001110000101010000101010000010000100000110010011100010000011000110000010000001111000010101010101111000000011011000010000010000000001001011011101011100011010010011000010100010110001000000010011001001000101000
1110001111011111110011111101110111111101110110001111010100100010101111101101011111001101100011101111100111011110101110110000111101010101010000111111110000110101011101111111110110100100110100011100111111100111101010011011110111111101100111111111111111
0001111110010010011100000010000000000010001001110000101010000111011100010000110000111010111100011000011010110100010000001111100010101010101111010010011011100011010111001000001001011011101011100111010010011000011100010110001000010110011001001000101000
0000000000000000000000100000000110000000000100000101000100000000000000000000000010000000000000000001000000000000100100100000000000000000000000000000100000000000000000010000010000000000000000010000000000000001000000000000000000001000000100000000000000
0100000000000000000000100000010110111000010110000101000100100000000000000101000010000000000001100001100000000000100110100000001000000001000000100000100000000000000000010100010000000100010100011000100001000101100000000000010000001001000100100000010000
0100000001000000000000100100110110111000010110001111000100100000000000001101000010000000000001100101100000000000101110100000011100010001000000100000100000010000001000110101010100000100010100010000100101000111100000000000010100101001100110000000010001
0110000000000100000010000001010100111000010110000100000100100000000011100101000000000101000001100000100000001010100110110000001001000101010000100100000000000000000000010110010010000100010100011000100001100101100000001000010010000001000000100111010110
1001111110010010011101001010000000000010100001110000101010000111011100000000010101011010111100011000011010110100010000001111100010101010100111011010011011100011010111001000001000011011101011100111010010011000011000010110001000010100011001011000101000
0001000000000000001100000010000000000000000001000000001010000101000000000000000000010010011000010000000000100000010000001100000000101010100101000000000000000010000010000000001000000011000011000001000000001000000000000100000000000000001000000000000000
1100000011000000000001101100110110111000110110001111000100100010000010001101000111000000000001101101100000001000101110100000111101010001000000101010100000010000001100111101010100000100010100011000100101000111101000000000010100111101100110110100010101
1110000011111101110011111101110111111101110110001111010100101010101111101111011111001101100011101111100111001011101110110000111101010101010000111111100100110101101101111111110110100100010100011100101101100111101010001001110111111101100110110111010111
0000000000000000000000000000000000000000000000000000000000000000000100000000000000000000000000000000000000000000000000000000000000000000000000000000000000000000000001000000000000000000000000000000000000000000000000000000000000000000000000000000000000
1000001110010010010001001000100000000000100000000000100000000010001100000000010101001000100000001000010010010100000000000000100100010000000010011010010000110001010101001001000000010000100000000100010110000010001000010010000000010100100001011000101001
1111101111011110011111101111110111111010110111101111111110100111111111101101010111011111111101111111110010111110111110111110111111111111010110111110110001110011011111111111011110011111110111111111110111111111101010011111011110111101111111111111111111
0010000000001101100010010001010001001101000000000000010000000000100011100001001000000101000011100010000101001010000000010000000001000100010000000101000000000100000000000010100010100100000100001000001000100100000010001001100011000000000000100111000110
1100000011000000000001101100100110110000110110001111000100100000000000001100000111000000000000001101100000000000101100100000011100010001000000101000100000010000001000110101010100000000010000010000100101000011000000000000010100111001100110010000010001
0001000000000000001100000010000000000010000001100000001010000101010000000000000000010010011000010000000000100000010000001110000010101010000100000000000001000010000010000000001000000011000011100011000000001000000000000100001000000000011000000000000000
1000000011010000010001101100100110110000100100001111000100000010001100001000010111001000000000001101000000000000101100100000111100010001000000011010100000010001001101111001010100000000010000010100100101000011001000000000010100111100100110010000010001
0000000000000000000000000000000000110000000010000000000000000000000000000000000000000000000000000000000000000000100000000000001000000001000000000000000000000000000000000100000000000000010000000000100001000000000000000000010000000000000000000000010000
0000000000001001100010010000000001000101000000000000010000001000100001000010001000000000000010000010000101000000000000010000000000000100010000000101000100000100100000000010100000100000000000000000001000100000000010001001100011000000000000000001000010
1000000011010000000001101100100110000000100100001111000100000010001100001000000111001000000000001101000000000000001100100000110100010000000000011010100000010001001101111001010100000000000000010100000100000011001000000000000100111100100110010000000001
1110101111011111110011111101110111111101110110001111110100101010111111101111011111001101100111101111110111011111101110110000111111010101010010111111110100110101111101111111110110111100110100011100111111110111101010011011110111111101100111111111111111
1110000011001100000011101101110110111000110110001111000100100010000011101101000111000101000001101101100000001010101110110000111101010101010000101110100000010000001100111111010110000100010100011000100101100111101010001000010110111101100110110111010111
0100000000000000000000100000000110110000010110000101000100100000000000001100000010000000000000000101100000000000100110100000001000000001000000100000100000000000000000110100010100000000010000010000100001000101100000000000010100001001000100000000010000
0010000000001101100010010001010001000101000000000000010000000000100011100001001000000101000001100010000101001010000000010000000001000100010000000101000000000100000000000010100010000100000100001000001000100000000010001001100011000000000000100111000110
0001010000000000001100000010000000000000000000010000001010000000000000000000000000010010001000010000001000000000010000001101000000000010100001000000001010000010000010000000001000000010001011000001000000001000010000000100000000000000001000000000000000
0000000001000000000000100100000010000000000000001011000000000000000000001000000010000000000000000101000000000000001000000000010100010000000000000000100000010000001000100000010100000000000000000000000000000000000000000000000100101000000110000000000000
1000101111010010010001001100100000000010100001101010100000000111011100000000010101001000110100001000010010110100001000000010110110111000000110011010010001110001011101001001000000011001100000100110010110010010001000010110001000110100110011011000101001
0000000000000000000000000000000000000000000000000000000000000000000000000000000000000000000000000000000000000000000000000000000000000000000000000000000000000000000000100000000100000000000000000000000000000000000000000000000000000000000000000000000000
1100000011010000000001101100110110111000110110001111000100100010001100001101000111000000000001101101100000000000101110100000111100010001000000111010100000010001001101111101010100000100010100011100100101000111101000000000010100111101100110110000010001
0110000001101101100011111101110111111101110110001111010101101000100011101111001010000101000011100111100101001011101111110000011101010101010000101101100100010100101000110111110110100100010100011000101101100111100011101001110111101001100110110111010111
1110000011001101000011111101110111111101110110001111010100100010100111101101001111000101000001101111100001001010101110110000111101010101010000101111100000010100001100111111110110000100010100011100101101100111101010001001110110111101100110110111010111
0001000000000000000100000010000000000010000001100000000000000101000000000000000000000010011000000000000000100000010000000000000000101000000100000000000000000010000010000000000000000001000001000000000000001000000000000100001000000000000000000000000000
1110000011001100000011101101110111111000110110001111000100100010000111101101000111000101000001101111100000001010101110110000111101010101010000101110100000010000001101111111010110000100010100011100100101100111101010001000010110111101100110110111010111
1101101111010110011101101110110110111010110111101111101110100111011110101101010111011110111101111101110010111110111110100110111111111001000110111010110001110011011111111101010100011111110111111111110111011111101000010110011100111101111111111100111101
1000000011000000000001101100100110100000100100001111000100000010000000001000000111000000000000001101000000000000101100100000110100010000000000001010100000010000001100111001010100000000000000010100100101000011001000000000010100111100100110010000000001
1000000010000000000001001000000000000000100000000000000000000010000000000000000101000000000000001000000000000000000000000000100000000000000000001010000000000000000100001000000000000000000000000000000000000000001000000000000000010100000000000000000000
0100000001000000000000100100000110110000010110001111000100100000000000001100000010000000000000000101100000000000101100100000011100010001000000100000100000010000001000110100010100000000010000010000100001000001000000000000010100101000000110000000010000
1001101111010010010101001110100000000010100001101010100000000111011100001000010101001010110100001100010010110100011000000010110110111000000110011010010001110011011111101001000100011001100001100110010110011010001000010110001100110100110011011000101001
1000101111010010010001001100100000000010100001101010100000000011011100000000010101001000110100001100010010110100001000000010110110011000000110011010010001110001011101001001000000011001100000100110010110010010001000010010001000110100110011011000101001
0110000001001101100010110101010111111101010110001111010100101000100011101101001010000101000011100111100101001010101110110000011101000101010000100101100100010100101000110110110110100100010100011000101001100101100010001001110111101001000110100111010110
1000000010000000000001001000000000000000100000000000000000000010000100000000000101000000000000001000000000000000000000000000100000000000000000001010000000000000000100001000000000000000000000000100000000000000001000000000000000010100000000010000000000
0001111100010010011100000010000000000010000001110000101010000111011100000000110000011010111100010000011010110100010000001111100010101010100111010010011011100011010111000000001000011011101011100111010010011000011000010110001000000000011001001000101000
0000000001000000000000100100000110100000000100001111000100000000000000001000000010000000000000000101000000000000101100100000010100010000000000000000100000010000001000110000010100000000010000010000100001000001000000000000010100101000000110000000000000
0000000001000000000001101100100110000000000100001111000100000000000000001000000010000000000000000101000000000000001100100000010100010000000000001000100000010000001000110001010100000000000000010000000100000011000000000000000100101000100110010000000001
0000000000000000001100000010000000000000000000000000000000000000000000000000000000000010001000000000000000000000000000000100000000000000000000000000000000000010000010000000000000000000000001000001000000000000000000000000000000000000000000000000000000
1001111111010010011101101110100110100010100101111111101110000111011100001000110111011010111100011101011010110100111100101111110110111010100111011010111011110011011111111001011100011011111011110111110111011011011100010110011100111100111111011000101001
0110000000001100000010000001010101111000010110000100010100100000100011100101000000000101000001100010100000001010100110110000001001000101010000100100000000000000000000010110010010000100010100011000100001100101100010001001010010000001000100100111010110
0000000000000000000000000000000000100000000000000000000000000000000000000000000000000000000000000000000000000000100000100000000000000000000000000000000000000000000000000000000000000000000000000000100001000000000000000000010000000000000000000000000000
1101111111010010011101101110101110111010111111111111101110100111011100011101110111111010111100111101111010110100111110101111111110111011101111111010111011111011011111111101011101011011111011110111110111011111111100010110011100111111111111011000111001
0000010000000000001000000000000000000000000000010000001010000000000000010000100000110000000000010000001000000000000000001101000000000010101001000000001010000000000000000000001001000010001010000001000000000000010100000000000000000010001000000000000000
1000101111010010010001001100100000000010100001101010100000000111011100001000010101001000110100001100010010110100011000000010110110111000000110011010010001110001011101101001000000011001100000100110010110011010001000010110001100110100110011011000101001
1100001111010110010001101100110110111000110110001111000100100010001110001101010111001100100001101101100010011100101110100000111101010001000000111010110000110001011101111101010100000100110100011100110111000111101000010010010100111101100111111100111101
0100000001000000000000100100000110110000010110001111000100100000000000001100000010000000000000000101100000000000101100100000011000000001000000100000100000000000001000110100010100000000010000010000100001000001000000000000010100101001000110000000010000
0010000000101101100010010001000001000101000000000000010000001000100011100010001000000101000010000010000101001011000000010000000000000100010000000101000100000100100000000010100010100000000000000000001000100000000010001001100011000000000000000111000010
1000000011000000000001101100100110000000100100001011000000000000000000001000000111000000000000000101000000000000001000000000010100010000000000001000100000010000001000110001010100000000000000000000000100000010000000000000000100101000100110010000000001
0000000000010010010000000000000000000000000000000000000000000010001100000000010000001000100000001000000010000100000000000000100000000000000000010010000000100001010101001000000000000000100000000100010010000000001000000000000000010100000000000000100000
0100000001000100000000100100010110111000010110001111000100100000000010001101000010000000000001100101100000001000101110100000011101010001000000100000100000010000001000110100010100000100010100011000100001000101100000000000010100101001000110100100010100
0001101100000000000100000010000000000010000001100000100000000101010000000000000000000000010100000000010000110000010000000010000010101000000110000000010001000010000010000000000000011001100001100010010010011000000000010110001000000000010001001000101000
0001010000000000001100000010000000000010000001110000001010000101000000010000100000110010011000010000001000100000010000001111000000101010101101000000001010000010000010000000001001000011001011000011000000001000010100000100001000000010011000000000000000
1110001111011111010011101101110111111101110110001111110100100010101111101101011111001101100101101111110011011110101110110000111101010101010010111111110000110001011101111111110110010100110100011100111111110111101010011011110110111101100111111111111111
0000100000000000000000000000000000000010000000100000100000000001010000000000000000000000000100000000010000000000000000000010000010001000000010000000000001000000000000000000000000001000000000100010000000010000000000000000001000000000010000000000000000
1111111111111111111111111111111111111111111111111111111111101111111111111111111111111111111111111111111111111111111111111111111111111111111111111111111111111111111111111111111111111111111111111111111111111111111110011111111111111111111111111111111111
0010000000000100000000000001010000001000000000000000000000000000000010100001000000000101000001100000000000001010000000000000000001000000010000000000000000000000000000000000000010000100000100001000000000000100000000000000000000000000000000100110000100
1001111111010010011101101110100000000010100001111010101010000111011100001000010101011010111100011100011010110100011000001111110110111010100111011010111011110011011111101001001100011011101011100111010110011010011000010110001100111100111011011000101001
1110001111010110010011101101110110111000110110001111000100100010001111101101010111001101100001101101100010011110101110100000111101010001010000111110100000110001011101111111010110000100110100011100110111100111101000011010010110111101100111111111111111
0001010000000000001100000010000000000000000000010000001010000100000000000000100000010010001000010000001000000000010000001101000000100010100101000000001010000010000010000000001000000010001011000001000000001000010100000100000000000000001000000000000000
1000101111010010010001101100100110110010100101101111100100000011011100001000010111001000110100001101010010110100101100100010111110011001000110011010110001110001011101111101010100011001110000110110110111010011001000010010011100111100110111011000111001
0110000000001101100010010001010111111101010110000101010100101000100011100101001010000101000011100011100101001010100110110000001001000101010000100101100100000100000000010110110010100100010100011000101001100101100010001001110011001001000100100111010110
0000001100010010010000000000000000000000000000000000000000000000000000000000010000001000100000000000000010000100000000000000000000000000000000010000000000100001010000000000000000000000100000000000010010000000000000010010000000000000000001001000101000
1110000001001101100011111101110111111101110110001111010100100000100011101101001011000101000011100111100101001010101110110000011101010101010000101101100000010100001000110111110110000100010100011000101101100111100010001001110111101001100110110111010111
0000000001000000000001100100100110000000000100001011000000000000000000001000000010000000000000000101000000000000001000000000010100010000000000000000100000010000001000110001010100000000000000000000000100000011000000000000000100101000100110010000000001
0100000000000000000000100000010110111000010110000101000100100000000000001101000010000000000001100101100000000000100110100000001000000001000000100000100000000000000000110100010100000100010100010000100001000101100000000000010100001001000100000000010000
0000000000000000000000000000000000000000000000010000001010000000000000000000000000000000000000010000000000000000000000001000000000000010100001000000001000000000000000000000001000000010000000000000000000000000000000000000000000000000001000000000000000
0000000001000000000000000100100000000000000000001010000000000000000000001000000000000000000000000100000000000000001000000000010100010000000000000000000000010000001000100000000000000000000000000000000100000000000000000000000100100000100010000000000000
1110001111011110010011101101110111111000110110001111010100100010101111101101010111001101100001101111100010011110101110110000111101010101010000111110110000110001011101111111010110000100110100011100110111100111101010011011010110111101100111111111111111
0000000000000000100000010000000000000100000000000000000000000000000000000000000000000000000010000000000101000000000000000000000000000000000000000000000000000100000000000000100000000000000000000000000000000000000000000000000001000000000000000000000000
0010000000000000000000000001000000000000000000000000000000000000000000100000000000000100000000000000000000000010000000000000000000000000000000000000000000000000000000000000000000000000000000000000000000000000000000000000000000000000000000000000000000
1000000010010010010001001000100000000000100000000000000000000010001100000000010101001000100000001000000010000100000000000000100100010000000000011010000000110001010101001001000000000000100000000100010100000010001000000000000000010100100000010000100001
1000000011000000000001101100100110000000100100001011000000000010000000001000000111000000000000001101000000000000001100000000110100010000000000001010100000010000001100111001010100000000000000000100000100000011001000000000000100111100100110010000000001
1110000011000100000001101101110110111000110110001111000100100010000110101101000111000101000001101101100000001010101110100000111101010001010000101010100000010000001101111101010110000100010100011100100101000111101000000000010100111101100110110111010101
0001000000000000000000000000000000000010000001100000000000000101010000000000000000000000010000000000000000100000010000000010000000101000000100000000000001000010000000000000000000000001000000100010000000001000000000000100001000000000010000000000000000
1001111111010010011101101110100110110010100101111111101110000111011100011000110111111010111100011101011010110100111100101111111110111011101111011010111011110011011111111101011101011011111011110111110111011011011100010110011100111110111111011000111001
1000000011010010010001101100100110000000100100001011000000000010001100001000010111001000100000001101000010000100001000000000110100010000000000011010100000110001011101111001010100000000000000000100000100000010001000000000000100111100100110010000000001
1100000011000000000001101100110110111000110110001111000100100010001100001101000111000000000001101101100000000000101110100000111100010001000000111010100000010000001101111101010100000100010100011100100101000111101000000000010100111101100110010000010001
0110000001000100000000100101110110111000010110001111000100100000000010101101000010000101000001100101100000001010101110100000011101010001000000100000100000010000001000110100010100000100010100011000100101000101100000000000010100101001100110100110010100
1100000011000000000001101100110110111000110110001111000100100000000000001101000111000000000001101101100000001000101110100000011101010001000000101000100000010000001000111101010100000100010100011000100101000111101000000000010100111101100110110100010101
1110000011010100000001101101110110111000110110001111000100100010001110101101000111001101000001101101100000001010101110100000111101010001010000111010100000010001001101111101010110000100010100011100100101000111101000000000010100111101100110110110010101
1000000010000000000001001100100000000000100000001000000000000000000000000000000101000000000000000000000000000000001000000000000100010000000000001000000000010000000000000001000000000000000000000000000100000010000000000000000000000000100000010000000001
1101111111010010011101101110110110111010110111111111101110100111011100011101110111111010111101111101111010110100111110101111111110111011101111111010111011110011011111111101011101011111111111111111110111011111111100010110011100111111111111111000111001
0000000000000000000000000000000000000000000000000000000000000000000000000000000000000000000000000000000000000000000000000000000000000000000000000000000000000000000100000000000000000000000000000000000000000000000000000000000000000000000000000000000000
1111101111010110011101101111110110111010110111101111101110100111011110101101010111011111111101111101110010111110111110101110111111111011110111111010110001110011011111111101011110011111110111111111110111011111101000010110011100111101111111111111111101
1110101111011111110011111101110111111111110111101111110100101011111111101111011111001101110111101111110111111110101110110010111111011101010110111111110101110101111101111111110110111101110100111110111111110111101010011011111111111101110111111111111111
0000000000000001100000010000000000000101000000000000000000001000000000000010000000000000000010000000000101000001000000000000000000000000000000000001000100000100100000000000100000100000000000000000001000000000000000000000100001000000000000000000000000
1111111111011111111111111111110111111111110111111111111110101111111111111111111111111111111111111111111111111111111110111111111111111111110111111111111111110111111111111111111111111111111111111111111111111111111110011111111111111111111111111111111111
1001101111010010011101101110100110110010100111111111101110000111011100001000010111011010111100011101111010110100111100101111111110111011100111111010111011110011011111111101011100011011111011110111110111011011011000010110011100111100111111011000111001
0000010000000000000000000000001000000000001000010000000000000000000000010000100000100000000000000000001000000000000000000001000000000000001000000000001010000000000000000000000001000000001000000000000000000000010100000000000000000010000000000000000000
0110000000000100000000000001010000111000010010000000000000100000000010100101000000000101000001100000100000001010100010000000001001000001010000100000000000000000000000000100000010000100010100001000100001000100100000000000010000000001000000100110010100
0110000001000100000010100101110110111000010110001111000100100000000010101101000010000101000001100101100000001010101110100000011101010001010000100100100000010000001000110101010110000100010100011000100101100111100000001000010100101001100110100111010101
0000000000000000000000000000000000000010000001100000000000000001000000000000000000000000010000000000000000100000000000000000000000001000000000000000000000000000000000000000000000000001000000000000000000000000000000000000001000000000000000000000000000
1000000010010010010001001100100000000000100000001010000000000010001100000000010101001000100000001000000010000100001000000000100100010000000000011010000000110001010101001001000000000000000000000100000100000010001000000000000000010100100000010000000001
1000101111010010010001101100100110110000100100001111100100000010011100001000010111001000100100001101010010010100101100100000111110010001000010011010110001110001011101111101010100011000110000110100110111010011001000010010010100111100100111011000111001
0110000000001101000010010001010101111101010110000100010100100000100011100101001000000101000001100010100001001010100110110000001001000101010000100101000000000000000000010110110010000100010100011000101001100101100010001001110010000001000000100111010110
0001111100000010001100000010000000000010001001110000101010000101010000010000100000110010011100010000011000110000010000001111000010101010101111000000011011000010010010000000001001011011101011100011010010011000010100010110001000000010011001001000101000
0000000001000000000000100100100010000000000000001011000000000000000000001000000010000000000000000101000000000000001000000000010100010000000000000000100000010000001000100000000100000000000000000000000100000000000000000000000100101000100110000000000000
1101111111010010011101101110100110110010110111111111101110100111011100001100110111011010111100011101111010110100111110101111111110111011100111111010111011110011011111111101011100011011111011110111110111011011011100010110011100111101111111011000111001
1000000010010000010000000000000000000000100000000000000000000010001100000000010101001000000000001000000000000000000000000000100000000000000000010010000000100001000101001000000000000000000000000100000000000000001000000000000000010100000000000000000000
1000000010000000000001001000000000000000100000000000000000000010001100000000000101000000000000001000000000000000000000000000100000000000000000001010000000000000000101001001000000000000000000000100000000000000001000000000000000010100000000010000000001
0000010000000000001100000000001000000000001000010000001010000000000000010000100000110010001000010000001000000000000000001101000000000010101001000000001010001000000010000000001001000010001011000001000000000000010100000000000000000010001000000000000000
0000000000000000000000000000000000000000000000000000000000000000000000001000000000000000000000000000000000000000000000000000000000000000000000000000000000000000000000000000000000000000000000000000000000000000000000000000000100000000000000000000000000
1111101111111111111111111111110111111111110111101111111111101111111111101111011111011111111111111111110111111111111111110110111111111111010110111111110101110111111111111111110110111111110111111111111111111111101010111111111111111101111111111111111111
0000101100010010010000000000000000000010000001100000100000000101010000000000010000001000110100000000010010110100000000000010000010101000000110000000010001100001010000000000000000011001100000100010010010010000000000010010001000000000010001001000101000
1100000011000000000001101100100110110000110110001111000100100000000000001100000111000000000000001101100000000000101110100000011100010001000000101000100000010000001000111101010100000000010000010000100101000111100000000000010100111101100110010000010001
0110000000000100000010000001010000011000010010000000000000100000000010100101000000000101000001100000100000001010000010000000001001000001010000100100000000000000000000000100000010000100010100001000100001100100100000001000010010000001000000100111010100
0000000000001001000000000000000001000000000000000000010000000000100000000000001000000000000000000010000000000000000000010000000000000100000000000000000000000000000000000000000000000000000000000000001000000000000010000001000000000000000000000000000000
1100001011010010010001101100110110111000110110001111000100100010001100001101010111001000100001101101100010000100101110100000111100010001000000111010100000110001011101111101010100000100110100011100110111000111101000010010010100111101100111111000111001
0001111100010010011100000010000000000010000001110000101010000101011100010000110000111010111100010000011010110100010000001111100010101010100111010000011011100011010111000000001001011011101011100111010010011000010100010110001000000010011001001000101000
1001101110010010011101001010000000000010100001110000101010000111011100000000010101011010111100011000010010110100010000001110100010101010100111011010011011100011010111001001001000011011100011100111010010011000001000010110001000010100011001011000101000
1101101111010010010001101110100110111010110111101111100100100111011100001101010111001000110100101101110010110100111110100010111110111001000110111010110001110011011101111101010100011001110000110110110111011111101000010110011100111101110111011000111001
1001101111010010011101001110100000000010100001111010101010000111011100000000010101011010111100011100010010110100011000001110110110111010100111011010010001110011011111001001001000011011100011100111010110011010001000010110001100110100111011011000101001
1001101111010010011101101110100110000010100101101011101010000111011100001000010111011010111100011101010010110100011000000110110110111000000110011010110001110011011111111001010100011011100011100111010110011011001000010110001100111100111111011000101001
0000000001000000000000100000000110100000000100000101000100000000000000001000000010000000000000000101000000000000100100100000010000000000000000000000100000000000001000110000010100000000010000010000100001000001000000000000010100101000000110000000010000
0100000000000000000000000000000000110000010010000000000100100000000000000100000000000000000000000000100000000000100010100000001000000001000000100000000000000000000000000100000000000000010000010000100001000000000000000000010000000001000000000000010000
0010000000001000000010000001000001000000000000000000000000000000000001100000000000000001000000000010000000000000000000010000000000000100010000000100000000000000000000000010000010000000000000000000000000100000000010001000000010000000000000000011000010
0001000000000000000100000010000000000010000001100000000000000101000000000000000000000000010000000000000000100000010000000010000000101000000100000000000000000010000010000000000000000001000001000010000000001000000000000100001000000000010000000000000000
0110000000000100000000000001010000111000010010000100000100100000000010100101000000000101000001100000100000001010100110100000001001000001000000100000000000000000000000000100000000000100010100011000100001000100100000000000010000000001000000100100010100
1110000011010110010001101101110110111000110110001111000100100010001110101101010111001101100001101101100010001110101110100000111101010001010000111010100000110001011101111101010110000100110100011100110111100111101000000000010100111101100110110111110101
0000101100000010000000000000000000000010000000100000100000000001010000000000000000000000110100000000010010110100000000000010000010001000000010000000010001000000010000000000000000011001100000100010010010010000000000010010001000000000010001001000101000
1111101111011111011111101111110111111111110111111111111110100111111111101101011111011111111101111111111011111110111110111111111111111111110111111111111011110011011111111111111110011111110111111111111111111111111010011111111110111101111111111111111111
1000001111010010010001001100100000000000100000001010100000000010001100001000010101001000100100001100010010010100001000000000110100010000000010011010010000110001011101001001000000010000100000000100010110010010001000010010000100110100100011011000101001
0000000000000000000000000000010000001000000000000000000000000000000000000001000000000000000001100000000000000000000000000000000001000000000000000000000000000000000000000000000000000100000100001000000000000100000000000000000000000000000000100000000100
0000000001000000000000000000000000000000000000001010000000000000000000000000000000000000000000000000000000000000001000000000010000000000000000000000000000000000001000000000000000000000000000000000000000000000000000000000000000100000000010000000000000
0110000001001101100010110001010111111101010110000101010100101000100011101111001010000101000011100111100101001010100110110000011001000101010000100101100100000100101000110110110110100100010100011000101001100101100010001001110111101001000110100111010110
1001101110010010010101001010000000000010100001100000100000000111011100000000010101001010111100001000010010110100010000000010100010101000000110011010010001100011010111001001000000011001100001100110010010011010001000010110001000010100010001011000101001
1001101110010010011101001010100000000010100001100000101010000111011100000000010101011010111100011000010010110100010000001110100110111010100111011010010001110011010111001001001000011011100011100111010110011010001000010110001000010100111001011000101001
1110001111010110010001101101110110111000110110001111100100100010001110101101010111001101100101101101110010011110101110100000111101010001000010111010110000110001011101111101010110010100110100011100110111010111101000010010010100111101100111111110111101
1100101111010010010001101100100110110000110110001111100100000010001100001000010111001000100100001101110010010100101100100000111110010001000010111010110000110001011101111101010100011000110000010100110111010011001000010010010100111100100111011000111001
1100101111010010010001101100100110110000110110001111100100100010011100001100010111001000100100001101110010010100101110100010111110010001000010111010110001110001011101111101010100011000110000110110110111010011001000010010010100111101110111011000111001
1000000011010000010001101100100110100000100100001111000100000010001100001000010111001000000000001101000000000000101100100000110100010000000000011010100000010001001101111001010100000000000000010100000100000011001000000000000100111100100110010000000001
0000101100010010010000000000000000000000000000000000100000000010011100000000010000001000100100001000010010010100000000000010100010000000000010010010010001100001010101001000000000011000100000100110010010010000001000010010000000010100010001001000101000
0000010000000000001000000000001000000000001000010000001010010000000000010000100000110010001000010000001000000000000000001101000000000010101001000000001010001000000000000000001001000010001010000001000000000000010100000000000000000010001000000000000000
1000000011010010010001101100100110100000100100001111000100000010001100001000010111001000100000001101000010000100101100100000110100010000000000011010100000110001011101111001010100000000110000010100110111000011001000010000010100111100100111011000101001
0110000000001101100010110001010111111101010110000101010100101000100011101101001010000101000011100111100101001010100110110000001001000101010000100101100100000100100000110110110110100100010100011000101001100101100010001001110111001001000100100111010110
1110000011011101110011111101110111111101110110001111010100100010101111101101011111001101100001101111100111001010101110110000111101010101010000111111100000110101001101111111110110000100010100011100101101100111101010001001110111111101100110110111010111
0000000000000000001100000000000000000000000000000000001010000000000000000000000000010010001000010000000000000000000000000100000000000010000000000000000000000000000010000000000000000010000011000001000000000000000000000000000000000000001000000000000000
0110000001000100000010100101110110111000010110001111000100100000000010101101000010000101000001100101100000001010101110100000011101010001010000100100100000010000001000110101010110000100010100011000100101100111100000001000010110101001100110100111010101
1001101111010010011101101110100000000010100001101010101010000111011100001000010101011010111100011101010010110100011000001110110110111010100110011010110001110011011111101001001100011011100011100111010110011010001000010110001100111100111011011000101001
1100000011000100000001101100110110111000110110001111000100100000000010001101000111000100000001100101100000001000101110100000011101010001000000101000100000010000001000110101010100000100010100011000100101000111100000000000010100111001100110110100010101
1110001111011111010011101101110111111001110110001111010100100010101111101101011111001101100001101111100010011110101110110000111101010101010000111111110000110001011101111111010110000100110100011100111111100111101010011011110110111101100111111111111111
1111101111111111111111111111110111111111110111101111110101101111111111101111011111001111111111101111110111111111111111110110111111111101010110111111110101110111111111111111110110111101110111111111111111111111101010011111111111111101110111111111111111
0110000000001101100010010001010001111101010010000000010000100000100011100101001000000101000011100010100101001010100010010000001001000101010000100101000000000100000000000110100010100100010100001000101001100100100010001001110011000001000000100111010110
0010000000001100000010000001010001001000000000000000010000000000100011100001000000000101000001100010000000001010000000010000000001000100010000000100000000000000000000000010000010000100000100001000000000100000000010001000000010000000000000100111000110
0001101100010010011100000010000000000010000001110000101010000101011000000000010000011010111100010000010010110100010000001111000010101010100111010000011011100011010010000000001000011011100011100011010010011000010000010110001000000000011001001000101000
1110000011000100000011101101110110111000110110001111000100100000000011101101000111000101000001101101100000001010101110110000011101010101010000101100100000010000001000110111010110000100010100011000100101100111100000001000010110111101100110110111010111
0110000001001101000010110001010111111101010110000111010100100000100011101101001010000101000001100111100001001010101110110000011001000101010000100101100000000000001000110110110110000100010100011000101001100101100010001001110110101001000110100111010110
1000000001000000000001101100100010000000100000001011000000000000000000001000000111000000000000000101000000000000001000000000010100010000000000001000100000010000001000100001000100000000000000000000000100000010000000000000000100101000100110010000000001
0000000001000000000000100000000110100000000100000111000100000000000000001000000010000000000000000101000000000000100100100000010000000000000000000000100000000000001000110000010100000000010000010000100001000001000000000000010100101000000110000000010000
0000010000000000000000000000000000000000000000000000000000000000000000000000000000000000000000000000000000000000000000000000000000000000000000000000000000000000000000000000000000000000001000000000000000000000000000000000000000000000000000000000000000
