24
111101100001111111100000
000000001010001000000000
000000011010001000011111
000000001010001000000010
001100100000000010000000
001100101010001010010010
010000000001100100100000
001100111011011010011110
011101100001110110100000
111111111011111111111110
011101111011111110110110
100010000000000001000000
000000100001110100000000
010000000001100100000000
000000100001010100000000
011101101011111111110010
000000010100000000011101
000000000000001000000000
010000100001110100100000
110011000000000001100000
001100101011011010010110
111111111011111111111110
010001100001110101100000
011101100001111111100000
