50
00000000001000010000010000000011000000000000000000
01010001010111000111000110010100011001000000011101
01010001011111110111010110010111011001000000011101
00010000010000000010000100000100010000000000010101
01111111110111111111001111111100111001111100111111
01111111011111110111011111111111111001110100011101
01111110110111001101001011111100110001110100011110
00101110000010000001001011101000100000110100000000
00000000000000000000000000000000000000000000000000
01000000000101000001000010010000000001000000001000
10010001011000110110010100000111011010000000010101
01000110000111000101001010010000010001100100001100
00000001011000110010000100000100001000000000010001
00101000100000001000100001101000100100001000100010
00100000100000001000000000001000000100001000100010
00010000010101000110000100010100011000000000011101
00000000000000000000000000000000000000000000000000
01010111010111100111001110010100111001110100011101
10000001001000110010010100000011001010000000010001
00101110100010001001001011101000100000111100100010
01010001010101000111000110010100011001000000011101
00000000100000001000100000000000000100001000100010
01000010000110000001001010010000000001100100000000
01101110100010001001001011101000100001111100100010
00010000010000000110000000000100010000000000010100
01010000010111000111000110010100011001100000011101
01111111110111101111001111111100111101111100111111
10010001011000110010010100000111011010000010010101
00010000010000000000000000000100000000000000010000
11111111111111111111111111111111111111111111111111
01101110100111001001001011111000100101111100101010
01000110000110000001001010000000100001110100000000
01011110010111000111001111111100111001110100011101
01000000000101000000000000010000000001000000001000
01111110110111000101001011111100110001110100011100
00100000100000001000100000101000000100001000100010
01010000000101000100000000010100010000000000001100
00000000000000000000000000000000000000000000000100
01000000000111000101000010010000000001100000001000
01101110100111000001001011111000100001110100001000
00001110000000000000001001100000100000110100000000
01111111110111001111001111111100111001110100111111
10000001011000110010010100000011001010000011010001
00101110100000001000001001101000100000010100000010
00101110000010000001001011101000100001110100000000
01010000000111000101000010010100010001100100001100
00010000010001000100000000010100010000000000001100
00101110100000001000001001101000100000010100000010
00101000100000001000000001101000000000001000100010
00000000000000000000000010000000000001000000000000
