80
501974406 634787655
184826436 583932232
550225709 575608120
113699285 974801766
49531181 719409042
32449677 134502030
581598727 624311515
656775872 681209536
819673770 961024306
199919139 641296629
587412307 656130708
80511489 822008298
770868271 962853940
263292495 812387513
590053198 698608812
295179935 940449299
360295447 555394384
247313000 788768776
612603646 641608487
1012218 308323614
348504214 912139742
426484862 971798272
51719418 230669187
343562402 636865102
26988472 161222084
7915267 528973681
81098356 126837386
669443030 774205963
759175880 936810206
352074734 805980862
17366575 415888075
137345485 890598163
185545085 723773119
261606649 512930414
701600269 775182581
354402648 476252880
285045150 344635817
48781532 426236734
309379447 677611570
750503353 958755337
261808877 775895242
7360863 436550061
481903214 921220040
915540704 991105284
420280804 573382955
783917355 858877259
466548827 846592655
244247257 786396771
387852709 485540385
334034168 608744545
92796371 841735768
520308262 824106238
441667657 469477802
17691656 475483870
296176679 598399709
157193101 869212438
59684551 886512118
204859678 697565610
382388139 576232654
621508671 641350460
727996903 824971238
585388012 678129905
83169849 832871659
1600884 162579246
750166322 866379129
14086223 85926810
395575631 756237390
16088337 164751994
8638284 268850386
524242006 841810633
356274702 744087846
463999247 533687549
578386539 724462002
224639660 926468078
506700025 821316052
883536535 995439808
143581441 306091559
115395033 173665672
138839124 164068001
501310325 901384601
