40
3 6 5
5 9 9 9 9 9
0 8 9 0 2 5
3 9 9 9 9 9
3 6 3
3 8 10 11 10 8
7 5 2 12 8 8
6 9 11 9 8 4
10 10 36
17 55 42 79 32 27 81 13 35 45
40 37 22 29 30 22 81 84 1 71
62 22 89 89 34 46 55 42 46 51
66 52 46 92 86 47 28 43 62 9
39 56 100 67 73 99 77 82 62 84
30 33 71 43 39 96 96 79 6 40
33 39 26 4 22 75 1 88 37 6
86 53 18 69 27 77 86 65 98 87
83 4 38 30 25 8 91 2 20 52
78 60 50 59 11 48 23 24 81 43
10 6 3
70 72 73 70 70 71
71 72 70 73 74 72
73 72 70 72 71 73
71 71 70 73 70 71
71 70 73 73 74 72
71 73 70 72 71 74
70 71 73 74 73 74
72 70 70 70 71 70
71 74 71 70 70 70
74 73 73 71 73 71
7 10 5
1 5 10 7 4 21 8 18 19 4
2 7 6 17 1 13 2 18 23 15
16 6 14 23 68 10 16 19 31 8
11 2 28 14 20 26 17 16 28 33
0 29 26 15 3 19 9 7 0 31
29 33 14 1 29 24 25 17 2 30
32 29 0 6 0 0 6 32 1 0
8 9 100
17 57 25 68 10 21 50 79 36
94 56 32 38 23 47 60 88 54
2 91 31 4 63 95 89 58 27
64 93 69 73 65 36 5 58 22
89 55 46 89 10 47 20 47 38
45 29 70 4 49 11 93 50 36
77 34 97 22 4 74 74 39 86
21 43 38 5 83 77 66 90 50
10 8 100
98 18 0 22 97 33 46 18
96 87 99 25 80 13 7 18
50 85 75 97 42 77 1 78
92 0 57 0 32 10 61 35
0 30 17 60 88 3 100 14
78 55 19 40 28 33 1 34
31 47 13 53 24 51 27 24
62 39 16 28 27 76 51 0
67 9 81 18 92 24 66 98
8 45 62 98 44 29 22 8
9 9 100
37 71 35 12 63 65 48 33 100
100 60 92 64 95 65 85 40 12
27 72 9 99 23 41 72 39 44
96 85 87 46 45 72 13 47 1
20 12 16 96 85 47 87 6 65
34 14 94 65 42 87 36 89 53
73 74 0 45 100 65 54 44 34
13 69 98 84 53 87 58 40 31
53 86 58 61 14 11 57 90 29
3 3 1
0 50 0
50 50 50
0 50 0
7 5 4
63 66 68 68 64
64 62 62 65 63
67 67 65 63 62
62 67 63 62 64
63 67 66 63 64
64 66 66 64 66
65 63 66 63 63
10 10 100
100 100 100 100 100 100 100 100 100 100
100 100 100 100 100 100 100 100 100 100
100 100 100 100 100 100 100 100 100 100
100 100 100 100 100 100 100 100 100 100
100 100 100 100 100 100 100 100 100 100
100 100 100 100 100 100 100 100 100 100
100 100 100 100 100 100 100 100 100 100
100 100 100 100 100 100 100 100 100 100
100 100 100 100 100 100 100 100 100 100
100 100 100 100 100 100 100 100 100 100
5 5 100
89 78 3 84 61
34 77 41 53 84
32 26 69 7 5
38 4 95 84 17
2 46 75 68 64
8 10 5
76 76 78 77 77 76 79 79 79 76
79 76 78 79 78 77 78 77 78 79
79 77 0 79 77 76 78 0 77 78
76 76 79 77 76 78 0 0 79 78
76 77 76 77 0 79 78 0 79 76
78 78 78 76 77 79 78 0 79 79
76 79 78 79 76 78 77 78 77 78
76 79 76 79 76 79 79 79 78 76
7 8 3
17 26 8 25 17 9 16 0
18 0 30 16 7 15 20 2
18 13 23 29 33 4 13 1
1 24 18 3 1 0 16 29
8 7 27 1 19 28 1 7
11 62 19 4 32 33 8 27
20 27 7 18 23 26 3 10
5 7 2
73 73 76 77 76 73 75
73 76 76 75 75 75 77
74 77 0 78 0 77 76
77 73 74 75 77 77 76
78 78 78 73 77 77 76
9 5 20
59 0 0 62 62
0 0 60 59 60
61 59 60 62 61
59 60 62 59 59
62 62 60 60 59
62 62 59 59 61
60 59 62 59 61
61 61 59 62 59
62 60 62 61 62
10 9 11
83 82 81 82 80 81 81 81 82
82 81 83 80 81 81 81 81 80
81 83 80 82 82 80 83 81 82
82 81 83 80 80 81 83 82 81
83 82 83 80 83 80 82 83 80
80 80 83 81 82 82 83 82 83
83 83 81 83 80 83 80 81 83
82 80 82 80 81 83 80 82 81
82 80 81 81 80 83 83 81 82
80 82 81 81 83 81 83 81 82
9 5 16
0 0 53 52 0
0 0 53 0 0
0 0 0 0 54
52 52 51 54 53
52 51 52 52 52
53 53 53 54 52
51 54 51 52 53
53 51 54 52 51
52 51 54 51 53
10 10 37
89 72 12 46 15 18 48 50 40 82
34 75 98 32 8 21 90 12 45 66
55 42 88 88 71 19 66 69 64 61
30 94 55 52 66 3 32 21 28 86
15 16 32 64 59 18 71 69 66 38
99 58 7 47 14 40 24 6 38 84
65 32 66 47 95 54 66 51 67 51
95 26 57 44 45 73 21 86 6 65
41 94 54 47 63 80 100 48 46 86
14 68 68 71 4 56 96 96 39 77
5 5 1
100 100 100 100 100
100 100 50 100 100
100 50 50 50 100
100 100 50 100 100
100 100 100 100 100
7 8 5
71 73 69 70 72 75 73 75
75 74 73 73 74 74 73 75
69 70 0 0 71 75 72 72
71 75 72 0 0 0 71 72
70 72 72 0 0 0 73 71
70 73 72 69 69 71 74 75
70 72 70 70 75 72 73 71
7 9 4
59 60 63 65 62 60 64 64 60
63 59 65 64 64 65 63 59 60
63 64 62 65 65 64 62 60 64
60 61 60 59 63 62 61 60 62
63 65 62 61 60 64 59 61 59
62 59 60 64 59 65 65 64 65
59 64 61 64 59 61 59 64 65
8 10 2
65 61 65 65 64 63 63 61 64 61
59 61 65 61 63 64 62 61 64 65
63 63 0 63 0 59 63 0 60 63
60 65 0 59 59 60 0 62 59 65
59 59 0 0 61 0 63 63 61 59
61 61 0 0 0 63 0 0 65 65
64 64 63 60 65 62 63 61 65 64
59 60 64 63 61 61 60 62 62 63
10 10 35
52 1 3 64 85 47 68 49 3 4
85 95 97 59 67 47 83 74 76 57
39 79 100 46 22 95 45 47 47 56
15 9 82 38 23 34 43 35 13 94
49 31 37 9 6 90 3 49 11 12
43 100 82 25 40 28 11 67 48 73
4 53 75 37 45 24 46 10 32 1
92 63 27 76 9 19 14 36 69 22
8 42 96 88 57 81 98 100 7 21
53 89 73 75 18 3 47 93 3 86
1 1 57
76
7 6 13
68 69 70 70 69 70
71 69 68 70 70 68
71 69 70 68 71 70
0 71 69 0 0 0
0 69 70 0 0 0
0 0 0 0 69 71
68 71 0 69 71 71
5 9 3
79 80 75 78 79 76 78 76 78
77 76 75 77 79 76 74 75 74
76 79 0 0 0 78 0 78 74
76 75 80 78 77 76 80 79 74
75 75 75 79 79 78 77 75 77
8 10 100
32 6 69 56 3 91 34 49 47 45
8 67 22 63 64 39 71 44 7 62
3 66 22 58 26 87 24 14 3 49
36 77 2 22 26 86 5 83 47 4
13 18 74 45 99 57 67 98 7 97
35 7 81 3 52 25 4 18 59 67
44 59 91 93 45 100 58 97 42 60
30 9 84 18 55 6 92 17 47 80
10 10 15
51 52 57 13 54 31 94 51 77 94
0 87 91 100 5 66 39 17 7 30
87 37 18 87 33 42 86 25 7 20
39 89 85 26 83 11 89 47 65 84
43 26 71 46 89 42 14 86 97 96
29 63 69 38 74 20 78 46 41 30
51 92 31 80 91 99 91 1 77 6
54 2 30 22 21 37 100 78 85 6
74 74 93 42 48 41 2 2 49 4
18 12 90 38 63 33 67 64 100 49
10 10 53
40 94 67 50 70 39 43 1 89 86
22 30 36 31 59 65 2 0 60 24
24 77 46 53 41 67 14 8 23 82
10 33 80 46 22 71 6 3 46 71
100 62 79 54 96 99 31 16 71 41
84 69 81 100 4 85 85 36 100 55
67 74 19 51 95 8 48 20 33 0
82 6 37 41 21 17 5 42 79 12
64 65 67 15 5 53 97 64 0 100
52 8 48 64 29 39 21 70 69 28
5 9 15
51 0 0 51 54 53 51 53 54
0 0 53 51 53 52 53 52 50
50 52 50 54 53 54 54 51 54
51 52 53 51 51 53 52 54 52
53 51 50 51 53 54 53 51 53
6 6 4
57 54 56 54 55 54
57 55 54 56 54 55
55 55 55 54 55 55
57 55 55 57 54 54
57 55 56 54 55 57
57 54 55 55 54 56
10 8 80
0 0 0 0 0 0 0 0
0 0 0 0 0 0 0 0
0 0 0 0 0 0 0 0
0 0 0 0 0 0 0 0
0 0 0 0 0 0 0 0
0 0 0 0 0 0 0 0
0 0 0 0 0 0 0 0
0 0 0 0 0 0 0 0
0 0 0 0 0 0 0 0
0 0 0 0 0 0 0 0
9 10 18
87 88 87 86 84 84 87 85 86 85
86 84 88 87 87 85 87 87 85 84
84 88 84 86 83 83 83 83 88 84
87 87 88 87 87 85 85 85 87 87
83 87 86 86 83 88 86 85 85 83
85 87 83 86 83 85 87 83 85 84
88 83 88 84 86 87 85 85 83 85
86 88 86 88 85 88 85 83 83 86
84 85 84 84 87 83 83 87 86 87
5 10 2
49 49 48 50 50 50 50 47 50 48
49 50 48 48 47 50 49 48 47 49
50 50 49 49 0 0 0 50 50 50
50 48 49 49 49 49 48 50 50 50
49 47 50 49 49 49 50 50 48 48
9 10 15
51 54 51 53 53 51 53 51 50 54
50 50 53 50 54 53 53 51 50 52
51 53 50 51 52 50 53 54 50 52
54 54 52 52 52 50 53 53 53 50
50 52 53 53 51 53 53 52 52 51
51 54 53 51 51 51 51 51 53 50
50 54 50 50 50 51 50 50 54 50
54 51 54 53 50 50 50 54 51 53
50 50 54 50 54 50 52 54 50 52
10 10 1
100 100 100 100 100 100 100 100 100 100
100 100 100 100 100 100 100 100 100 100
100 100 100 100 100 100 100 100 100 100
100 100 100 100 100 100 100 100 100 100
100 100 100 100 100 100 100 100 100 100
100 100 100 100 100 100 100 100 100 100
100 100 100 100 100 100 100 100 100 100
100 100 100 100 100 100 100 100 100 100
100 100 100 100 100 100 100 100 100 100
100 100 100 100 100 100 100 100 100 100
10 10 50
65 38 97 13 92 60 21 61 22 91
19 58 11 92 32 38 75 62 26 88
34 10 82 29 44 100 89 12 23 87
28 44 59 98 80 32 34 13 1 2
17 58 76 74 98 12 47 12 55 29
22 25 46 13 48 65 50 16 26 22
64 22 72 80 95 58 91 51 44 45
86 59 36 53 68 74 69 10 82 88
19 41 27 55 20 40 46 48 42 33
82 61 56 65 24 57 46 58 65 37
6 10 4
31 31 13 19 0 9 27 24 21 17
13 25 20 4 11 25 24 32 5 16
20 28 6 18 28 29 19 8 27 13
0 17 10 81 1 15 17 28 29 24
16 29 7 1 17 28 18 7 19 1
11 22 32 23 24 20 5 27 30 25
6 5 5
16 25 1 27 10
11 6 28 3 6
28 25 33 3 9
28 29 96 2 3
24 8 5 30 3
10 7 9 9 3
