15
20 20 53
509662924396480 509662924396439 488761100707302 966268201562820 388756027988464 351090826724667 854261208359797 854261208359776 300987537782052 251006117012632 915534185162001 915534185161997 915534185161957 915534185161995 325356055120495 325356055120540 248482825155417 388921907410357 388921907410398 421773533222250
908984169073996 908984169073974 601723061472931 601723061472967 388756027988475 254060244253068 854261208359816 207209435734694 207209435734722 915534185162034 915534185162006 524962331055086 915534185161915 854826057394658 854826057394710 963962407454017 652134759738655 652134759738705 388921907410434 860461541662478
861584052819056 908984169073982 978690099636416 407887749315942 423799327301320 326828067783557 239508766247730 207209435734646 915534185162054 915534185162011 593925813802282 524962331055117 549912198199075 854826057394693 854826057394696 75041219303645 98026024540405 388921907410461 388921907410445 298119021616404
131203373939156 263489447947028 239259627495515 384133316733876 181220903504374 873077210485681 411998774728514 813931557102965 203512782234389 203512782234412 203512782234393 524962331055088 23344821115864 854826057394663 75041219303657 75041219303694 139791568719008 388921907410438 388921907410457 388921907410407
131203373939134 626133274589571 626133274589601 183629700436061 790991744107054 26610558407490 349716302996490 991166270900056 991166270900084 654035232918323 892130047042226 524962331055101 23344821115863 23344821115835 342939286029262 240769053935184 240769053935177 212189138233681 388921907410507 388921907410524
613934128941605 318600336123965 318600336123992 318600336124030 790991744107022 601419392527908 865410237679317 865410237679352 440363054745096 440363054745053 892130047042179 166018616820243 23344821115881 747826035750947 640863479742874 640863479742854 571487004975601 513743302003728 513743302003743 388921907410546
682109492000744 457193245477879 318600336123932 318600336123981 790991744106988 79182094728025 106545340816216 865410237679367 72045171830739 219768620550530 519086067751794 519086067751825 519086067751808 747826035750956 769295288928654 640863479742805 88990440187332 486891605750353 524190071927495 267092641875412
970941095501404 256458515058883 318600336123962 406167454124065 790991744107008 330567297448400 88000629564801 88000629564815 771140389681406 771140389681439 519086067751754 353280719735122 722076350049885 747826035750967 629284268294965 88990440187409 88990440187367 486891605750344 79420239562877 241446392509947
970941095501415 811558853541084 461095522188186 406167454124015 790991744107039 330567297448422 330567297448454 88000629564863 771140389681400 334164588088218 28938725306480 722076350049889 722076350049842 551826558138453 551826558138444 84308872887049 235556585615709 486891605750321 444340997563287 811917895189255
226299581228056 226299581228023 461095522188164 777179992945679 941495552310076 330567297448426 330567297448473 555054637383378 555054637383351 334164588088261 334164588088281 454258215428228 454258215428279 454258215428257 723709584276928 723709584276917 723709584276921 622365117525535 622365117525556 421260689110451
871635359705593 612217946127536 461095522188122 777179992945701 330567297448500 330567297448455 555054637383456 555054637383415 856948439594400 109104558538285 673520099977968 114781250360168 720454734712123 454258215428297 723709584276814 723709584276865 723709584276905 903418130268131 903418130268124 324691709580322
521622824158708 612217946127560 880806223999116 330567297448463 330567297448477 330567297448493 555054637383446 416469281601667 416469281601709 299777899029759 567888005567776 30617380085888 720454734712073 720454734712083 122476414829340 723709584276906 97447234459719 97447234459722 954967665511279 324691709580299
777848887774316 777848887774293 706771211084468 330567297448431 253378604044741 253378604044788 851098011642553 362440040313464 416469281601657 416469281601662 727966013756782 30617380085868 30617380085859 293436145286636 293436145286622 161172058338305 97447234459759 78530913328697 692869251301503 324691709580310
777848887774339 777848887774324 706771211084491 67550417445282 634863314776772 634863314776817 157053356470628 984326108675249 984326108675280 778215593919110 30617380085862 30617380085843 128783880230377 916369487641619 916369487641647 161172058338263 161172058338269 618568034728193 586642616964570 586642616964563
777848887774318 777848887774360 777848887774371 777848887774406 804883835634965 634863314776866 157053356470681 959901256239179 271828320574032 271828320573994 30617380085930 30617380085888 713434680751235 916369487641630 916369487641595 610915682794991 463749506931240 586642616964534 586642616964528 466226342707661
93579873332872 465087449506420 162344853833811 372062814669818 397914674818675 36589725788491 158331283281302 959901256239155 30617380085934 30617380085911 30617380085945 30617380085890 713434680751206 696287227996581 574246942183324 463749506931327 463749506931284 586642616964524 586642616964558 568237027055826
399372010322479 431876977293501 162344853833854 372062814669811 59901817377193 36589725788475 36589725788508 36589725788458 181620242004579 181620242004578 794622925031416 794622925031429 794622925031379 696287227996588 642296213910301 42089083352447 463749506931286 850209396122046 586642616964587 308615861795665
734913070272204 720973410176236 372062814669817 372062814669862 814813162141662 780912934646125 36589725788522 372062814669630 949653538749079 949653538749067 820739879889013 794622925031432 794622925031451 794622925031498 692216221855519 42089083352419 987156303055168 586642616964633 586642616964593 308615861795663
542638704351628 372062814669805 372062814669847 372062814669844 814813162141658 372062814669595 372062814669636 372062814669665 291990000009685 359561566656617 359561566656636 794622925031471 511746398028011 692216221855562 692216221855512 428345984525258 819584768113096 819584768113116 152357533825622 689320039589936
542638704351647 372062814669786 372062814669763 372062814669736 372062814669724 372062814669690 372062814669643 372062814669628 692560443945628 80964490459651 744749170913404 794622925031491 511746398027980 692216221855561 819584768113106 819584768113115 819584768113095 819584768113097 102739034826001 102739034826028
20 20 140432575720045
911505157657779 524087661762679 362318438136283 459321355217035 888091230073995 447710789739619 507197455417507 441041461767247 571522331085240 456620777184629 491369853884398 263221490077071 850605644169912 945536836219137 960921207424986 898722178143591 836165425774332 615508238103916 638262807006173 798161130990860
513974143153550 414123668704081 451494219811800 857132076933223 856681055180685 928847655289484 584846669511976 580086740619129 610815091327124 687381787022874 636154839340923 240738169525340 434179962200959 501658380687119 784606131386856 765300958994893 768253002660534 658790348776045 616287285017110 593923750934906
483007302777559 416192157953873 399801779214060 515089505412357 685039228579495 984595126154286 457308721105464 430145708920497 503670090319317 658487282557754 914076279673947 6674105224242 33838239508902 66714894379361 269172257250239 618178060884264 808156453995848 561024607402243 478920562224115 491124001020212
927854673125039 565618226868500 35276863009825 631679048202033 353706216802056 680431701133591 386726828199690 62860285936703 429222120352532 315242867346758 812330847276312 666564762835407 477848933141598 535983710602504 938377357367093 940813422509673 892402059284793 888326774304429 265700011957663 419519975236693
992909682448618 440074529621344 21530873494434 710479433813517 175959110303497 161716242588644 126928299232669 196816292195375 178135402179200 220531879628768 521558875401421 595146974673982 242999159409972 612830785261275 598466259961417 958502575773048 881663326502180 759175497773486 650361686262567 657258455633394
655329833949918 645109727031585 102890662163306 779686025593543 879905346844033 396526952411142 832693656914065 291487533692804 546216199842217 210886470507570 632583633517619 702527913730078 741859560688527 650796984619984 603907610070581 929667619727005 630921293007119 600582973835289 645163155053330 531490884381710
878822673717510 825800838330000 864593584569505 291853536563766 928654876937436 502391207443031 883951543230873 77159599821802 14214756684436 335957614100805 351982642255867 247117559554039 126670577202671 218347098389019 419429158482375 662188075413233 514470336364933 534729963180725 672355192564746 413624653739553
891449122610612 443335026361960 397146900529826 494204381469363 832778061629697 933367534605149 996220461679369 121436116460543 39541752887284 449734914198015 452816993269359 376554697049523 358974365766697 356949315993978 333728959433348 301906730042391 470558954979702 285023462427619 377175331921604 369900845871173
936887490747448 952777940789146 476696033611382 364125725519087 162621625755724 458519929265219 474823555521080 336019768621255 66546978863614 26855889179457 656204592129107 751531086176052 226158782072698 137742866194687 220841201316600 193220528599627 353345958932635 304636899740435 309837079655134 830140255095490
636958426134076 958725516207054 566521255116893 275853189782421 45437850727041 330501011635268 315764508375428 53000417293176 981131893226892 619192995537308 723485540792454 482545739243524 860564158343357 212381559800935 348747575770059 164689216971209 216894305872803 137671968262329 180524739639074 132224664814436
741912311491097 277543073661398 262642226625145 188816131715844 134914631088319 410202109430417 138172573442191 727386033922839 981735994961275 182763140797509 95855742735284 524230706824896 496736894416525 568512314126643 370007634269171 435543346118506 324371862190640 388082072509791 291020875984300 715698056908331
724294775407475 6198709999174 54114746277357 89278632753614 84475817302753 68848340246852 6039387755145 108711104546784 170578289881871 189455271295425 383851030467276 390126305743446 240759514183477 486007059227791 540664640206975 790275648942714 301229495274160 660957172910909 780812954892940 652340823748910
414387772416101 118889061670852 108689121432967 2109178992329 91036363866489 587446262235535 104845211273653 342665574038543 365715692540634 332736564994586 292938657759987 528005712819793 234287713220027 401813251974288 471619234815459 425187477477230 611833660487774 522282312837146 51109402341619 110850048593231
814988231020412 205774666789143 612344141815868 735635362766366 828789378972341 472677005178568 496574948689355 414678305524942 459014443634411 906479476687544 918296736165310 441014177664573 806057672458045 267411268888587 601820827162259 495336972064490 92207672966720 107524532395660 79488128377151 641812609810549
740822084236455 706889886828060 711010374683104 620563320851027 964885542394187 477065228105867 50025818273611 370454576344737 414182833870228 990697027119562 12355025464652 538301614915326 745086927835381 965818160156690 686850849934834 622569504668144 757544783250384 25123486447469 4537942529910 70435285530450
621427251330930 741504882697060 576815679852066 601011190452136 570155214734036 884695891824713 82845612546696 351633316008535 888920878872597 878719478427482 32576429999166 81135958899717 579235461933221 20109560984362 263790530733388 236267008810911 79905225967400 418719481036275 854781898879881 71588175589230
63964257369948 628247690006422 227364949910145 317000281211680 598944997445794 297248405621077 313955646486997 359428560309137 783643788488349 545913195240090 819836161619649 95706125791761 48255715012652 16366660116757 180873455577720 122272942903534 350415885850541 486754192069619 689699414945030 638240244297311
188678586774672 237967823941885 318001150588468 25728926252068 293535716735923 344700413176112 451832805750447 413069169451935 459525850178915 920093067193342 928089522433901 42380839840510 674609991710193 743569172333429 98308231115487 611110534931864 750202346918439 884491801110490 866967597513731 68629193534461
273133333127990 217097794051667 229210383925375 306403238194194 425117418604356 343174710002231 308371776388033 45385749425352 24720817855675 85807779137082 373800854512611 492012923160617 584652439265549 648426946397427 46693134834735 673549035353905 331988309169060 983409935514373 897783585564403 836054504938166
885193851923437 241721310300103 207865315486827 295484493666565 597326370959230 345652333897539 863341489436830 449418440687946 121213671941355 215304649424226 168450322504294 307295771529241 456461747858779 792534933289312 25525480120872 133332081658999 237599183135817 745737014646038 346227106975594 229258136097224
20 20 28
348496372208849 42138321117033 211634344621795 211634344621849 211634344621869 720216912823098 720216912823077 720216912823091 720216912823108 231219713796157 231219713796137 231219713796158 926054759776767 926054759776739 231219713796231 880298044349404 859273879187429 859273879187453 859273879187493 859273879187518
6923710256703 6923710256711 211634344621821 211634344621857 947967010702243 720216912823072 58412724866055 58412724866031 493593088116569 619991499608721 231219713796175 231219713796174 231219713796184 231219713796171 231219713796226 626830242114682 859273879187405 859273879187457 859273879187469 859273879187529
314876746535721 314876746535713 211634344621847 211634344621846 58412724866050 58412724866070 58412724866048 58412724866070 809462631178021 809462631178048 809462631178025 231219713796166 882598095928903 231219713796181 231219713796203 845963004632738 845963004632748 845963004632730 962498227769906 962498227769929
680754482699558 680754482699577 151092639755021 58412724866061 58412724866052 58412724866060 58412724866048 304300847246686 304300847246690 809462631178073 231219713796175 231219713796149 287263712938822 976756683468453 814869457828669 104401725530173 845963004632751 962498227769871 962498227769899 962498227769915
784156540576301 781242473561197 698723411700819 698723411700817 773958802955852 773958802955907 979948221468374 979948221468382 550082280221923 273602119390048 450904487928903 27272746199720 177418627442290 177418627442300 92909703049573 92909703049575 89799759721758 605265992114075 450055204075958 431659215316092
379216038790511 781242473561204 968842986743399 655165797314751 773958802955874 773958802955893 773958802955915 442549130013559 345090425661100 273602119390021 705300742581844 659877758197250 177418627442307 177418627442296 92909703049569 92909703049563 77588380766300 77588380766309 77588380766285 431659215316078
226152405995698 117622748824713 729609984405880 729609984405894 773958802955928 773958802955889 773958802955899 949522770067458 949522770067443 654403936840992 654403936840987 654403936841002 654403936841002 120978207402059 38458815054785 965430602825087 246635319162135 740556378499918 693491356536633 985147963594335
552707485129898 729609984405887 729609984405899 729609984405880 773958802955903 773958802955922 773958802955894 84803558431673 428791698393910 654403936840981 654403936840953 654403936841008 654403936840983 370444012058169 409099231249414 31722792749460 396980571915109 740556378499909 740556378499936 271690204509774
420619825901476 844280150088772 35466436052935 35466436052960 154122669684121 34093383104715 691304059599849 84803558431646 654403936840976 654403936840996 654403936841008 944270158042256 79471890966069 409099231249437 409099231249424 73230943656950 462077111767826 80162889760728 740556378499936 740556378499931
993818398852122 844280150088776 956725875546653 35466436052967 723950263139299 723950263139319 615633608345029 654403936840981 654403936840988 654403936840976 654403936841009 654403936841023 405545496185396 440273572647524 452544681118113 253663340441025 848192473665077 669653275454371 740556378499952 740556378499944
170607778237831 727798235848637 654831100407688 35466436052967 723950263139271 723950263139323 723950263139335 959303483108109 538659548837833 654403936840971 654403936840972 654403936840969 772905059146280 307274873855650 452544681118129 204779414330385 618307313996524 669653275454380 685664395186370 300719254801501
727798235848628 727798235848637 932109686349527 932109686349517 723950263139287 959303483108057 959303483108070 959303483108086 921418361746908 654403936840957 654403936840950 902887122623665 844367724558466 844367724558461 443374439099749 443374439099777 443374439099779 443374439099764 217439726156790 217439726156785
121292089993213 368951258317994 50581365003815 76327907303365 723950263139310 959303483108108 959303483108095 912801002582250 689047811302987 610438538236382 340658429837380 940687357677192 64274967696538 64274967696538 443374439099755 443374439099776 443374439099749 217439726156797 217439726156784 217439726156777
289677886089810 368951258318010 396280052785196 407084571917199 407084571917173 805915162282662 304694015133847 912801002582274 163497140347552 610438538236388 327062811039313 940687357677217 64274967696565 531764701578003 443374439099736 443374439099754 443374439099740 162333293091964 418783400303827 801259975946309
289677886089806 368951258318001 334824527187963 334824527187976 407084571917178 805915162282653 805915162282649 392598105174763 779606264615201 736138703670902 327062811039293 327062811039267 582187438348586 20093423358784 20093423358759 443374439099760 74191319359438 74191319359442 418783400303852 937675023833758
289677886089782 289677886089773 763620991797881 801145385425509 826432556076253 826432556076270 106058478128312 803373921867872 803373921867858 803373921867839 327062811039291 58179354867632 946253524819149 729829145543830 729829145543850 74191319359445 74191319359431 74191319359415 293525939002031 724753466228819
241180386443727 763620991797902 763620991797882 801145385425524 702332454519307 259800956573588 106058478128297 106058478128279 284074894613793 392853133489252 466952635063284 108021004708622 946253524819143 491822093812805 909025303640303 74191319359428 74191319359415 571262559725424 293525939002024 616592760089873
241180386443714 122372612756123 25840843005054 56573501062413 56573501062421 31790427801106 106058478128271 413392682923945 392853133489225 392853133489246 466952635063274 466952635063288 975709871074425 612184325861562 612184325861569 72368314989800 645682188607049 645682188607057 645682188607044 645682188607052
213555871676758 459400310592277 25840843005064 25840843005083 25840843005080 25840843005085 25840843005110 764294777659535 392853133489244 466952635063290 466952635063266 466952635063283 998826641246262 803424695726517 710091957272750 398498131741112 645682188607025 645682188607073 645682188607047 938183652232526
213555871676733 459400310592293 25840843005084 732788577513689 110394155081564 25840843005088 25840843005110 336351029362248 421476200225891 295847883025215 466952635063277 466952635063272 998826641246275 876272102538680 876272102538707 398498131741128 292716775906402 645682188607055 377347817626336 114818576196657
20 20 635298789406444
89089498956409 221427223740800 930813257858735 978295541184063 917486577448188 566128567025332 563786064916252 693431741740398 22225624413870 563446375060568 143401556804622 163789146656001 131509355975186 930579157447531 612808709614717 341475343045404 536612064782412 904736135700656 973388511707207 717131938976618
606537314156438 69874615329047 505771480363441 632904291057272 328120093108972 63882630878464 108969384023268 409918128768279 67081627033934 436778475410710 595630165406627 546842438481926 361333256130138 957447185676821 402134075460108 80684616676140 432055427112095 29926297934953 553595805397002 306288635817265
429314045275838 163628785234884 288767789526362 79673330458210 55559085013860 394643027184520 937047098953153 730679804262060 949489906710108 66138451884974 804588270250344 354055733715157 479094954623710 797936981378439 470684995223466 301516392029470 591908788184241 563075918776757 351394676257366 888013235025936
544251823947488 192544391463033 757108323519836 536491143247510 131687569349397 45149871280382 717392359329420 895543158599474 889849198064509 270006799290209 151051507656347 613815063715563 807277713071930 477490028963002 563204408070098 396982799994280 439928319290280 440787318607862 352887211184887 986728106286693
223735119242346 478581213541738 481239816449856 703433671031020 805954607426358 442099173888426 534100697166742 971975966452505 366333919054008 295912912775171 507574325839846 557385229415403 807583096446792 587869770796814 104678719195900 911968339000755 33853505262022 912092625712175 115055346594952 913985798785480
903206848726011 103267167122612 71309812118736 539086405754769 360845252545226 246908623869415 218053056583373 44115834249798 546461957768907 407183507550176 559522807339393 146067048542758 449712525455157 807480108195975 776533451316471 310711989717175 617954987847324 644262426004167 179842866019827 771176258758901
969393956152089 275817367324734 631205108869024 524651625461810 278918066060976 417442404730021 957336137900728 334973053533738 465591368239644 534393803556159 237028847495420 713043372390537 333879158567671 466887183045876 462255407404548 627445680458414 131595223496694 176171959000630 715885445952650 352634566167069
910397369384667 481360349641126 790924549822415 938422683923469 598394696189467 612684963498030 717754898588192 627504552868469 550011390226753 818005533290592 292184987198254 860310148725884 872761684097921 244870691711827 633275224671930 215735066244250 719504698214245 4217062603080 143786942826580 379703626093899
873358065844563 661115759886621 689132622382192 523858800102014 523360669697732 300726674716855 105276790301686 509486133403375 171865980904981 602280820947305 30345808291096 286129924561320 661687922039506 705282341641992 540117801873803 911065385052135 264832684429101 211530138190233 563194656066787 944821272482596
307163791639435 213958676298795 975063673648763 432820786593358 943931787457916 103095915344616 560022765093597 792328716990018 991740412344290 941239138268630 355514201565976 751613949423314 841751714476045 416657802953198 212049650079397 481329942519033 79719269995340 790919164729901 683066931583129 158480827079419
360509569688470 899165882397602 22481278872659 588816084435137 400267440348374 455674335983613 840501244493177 884771406622550 732265059658883 792161005405860 249922170216091 321992136226366 235289362653145 476027531894544 250454846919125 326033053403952 636844610093807 620217395769152 416483063800942 378690282384345
621641088215918 692346977863909 877800881643905 59236842790960 300474713193229 470108594510532 779370443926293 600706543859696 554431804620422 58784587426786 797845614278799 441201156900998 793458312361087 427760602912786 170952749653759 277355485638300 309722946000878 721874852617667 266340894228814 615610442436324
471684946021350 635127225985582 813315710498863 698239778445728 272357078655160 631682926223494 817071135900706 360770341178810 608813587791104 678587909360865 615938306360301 932462814974330 272527659069192 798981507242962 46468980458975 461176218385606 105107838666257 385403516348518 412430515134857 945513052980125
603545607107523 74799610892295 415581611692918 241180374127530 693156552452582 741036856952841 178997868887300 525049726985029 485614854170106 418104551159884 318607411264612 929017205541738 882968113573639 233536306607207 648237838284820 962621583847444 323613344713828 328710457053261 277324977028694 960031889849260
938957979163297 651674567854724 937147697285913 786102297979887 894783853067105 565627743253315 474461504433686 311763550078422 97115009098094 682486837673579 256224997396304 140210284156413 760790699973263 633500220004349 246089256634581 654000563328991 861673268021 372507558866313 259239066001830 748736767440848
611912784339184 700943865605829 880955363084845 918866804409352 531099123641678 374598062948444 54159175902722 522309515592474 230825212309229 52973845811423 207458090986235 859949512926986 718131311122118 238558696234461 509202879778004 935218891261213 571958806078265 108789821202618 371414030397721 208506528959840
992895249932745 46662719086968 410044093669985 781706170664991 964451407113531 742025068532574 684977604194219 92828690190194 835689668296332 265092853567444 47230631099513 769343825773020 986684138037798 353570936271732 474921895285615 440918672202860 361627700004490 699021585314356 247376525405863 718206354739294
558468892089853 264782062253245 310893528710993 864006629110064 434365358015994 194680409167414 278533306292469 204728661085911 536824896387093 532761302320422 102227094289048 478187804104612 129690887338550 771424205090570 892473361899867 308427382494694 322863688849553 128316906217758 706283157204685 893079098595015
750286630432570 714145473996083 583186907046916 776351189111957 729247675700382 213502789487311 811443370400122 384789480928396 239831996474773 838615941254063 768546067103481 380344938151016 693545501189106 884969677194244 785869117670276 925195820044147 787614439320316 507525366054945 884804653062431 941686697135749
680023189822895 849046289471332 201227074115741 413236188381081 425432073220802 286392732528200 176878414759186 627006296325443 343579175195570 120488271029787 53892146713510 471703599333773 597191811990007 762779404255307 452338594041030 378062217667718 968638002966176 527218490280195 472823589286975 194349771586628
20 20 547268467663315
475202861900439 791474285772392 937924154488715 906766540211905 301082114108838 332180669831189 363629504863554 391008842679106 31874000266176 475708300639131 373740867895861 655872225980821 433118815203899 566563540997068 370094905243405 533570084871360 771100095607913 517743830331422 546445020082693 240915835430701
784910346851742 806613563966242 822913653132203 74690653456077 538951815319278 121630120492141 483989297462698 706657896453916 247864030613981 540409711087577 300718016821599 915591130329891 241988645048303 675948568638083 553059449386037 186759480483237 320438048086504 67320001488059 185634031597134 726641461625903
635079414168710 308649475365924 301664817469430 57388946950709 112837102169344 498460226060415 740096970307515 782917725722905 960838837511783 387545591635411 44199271436619 901079353655025 178301957429268 766164402060617 416653954218310 639884205274648 390339044951548 509490724318786 10017280579193 165398679973482
627768503117372 227315106299839 57583023671576 411278473277049 316421832042738 727476448939286 327825670729719 481512927065232 514045344552722 387720449009021 867757533813618 851821620907932 662213104527674 879539532247313 723231280507793 659779068903114 837089476221481 550715355690470 41169039429338 350554440177822
609137339707248 497971563899891 115395185596932 554364764630252 858983726128786 186776766622480 350500980733808 233034323614222 235636030222522 481210769222796 926361348110721 553708650451487 309752195273380 603583263387030 748177546410350 754365542257159 713325622464925 623097205226812 192774852485590 61149362930325
762755457200794 576125167642598 811399397288417 896451297270872 753306044680161 268930338024102 462127423287493 800132083796889 465878908162035 453826119990053 792695964206118 636796782608236 733583837205436 509412713955385 757896453200681 482489281383961 476898576267247 804412545742760 301775766752319 420987061174516
448921166253921 350868482406918 335289271226274 370857561184082 327079784938537 135049462800209 777315798734328 382032764198663 144628531899947 814887426790813 313498910505317 425572863351907 814845081363546 770895817047464 287946671010373 455943594666389 285440698959274 853251699981476 159033218838978 303989331017783
250764009390820 510716067314375 528775169827467 353649154944031 249225538701010 408533421168860 900546931809522 975019236392200 134432271492541 682872945511573 803158176981932 532689016066200 490963417614191 64002811898286 212171869783360 405248484589525 587963247942001 775573838913769 994347548071980 633069737928348
990128932521535 670092928745611 342232385165494 92233810498094 107459730100823 69908820567763 522596260355216 649775080078401 481961607311284 5676971040395 387584453892715 629108672337793 754456580342534 943015707906272 639652987718767 416400621107639 615586811807741 900787042774166 376390440450386 866335522066772
669633277202876 487546169811377 864445956402594 78035222093215 540120568117110 524538903808283 245374516673507 380152766341397 886226078948279 205760295308888 462959197228928 962648300906279 990492122827094 662310977532669 867977104800062 857264828245918 337912037185944 755384237274117 201677256735533 697172206709618
821959487939506 943580614518141 669152715275419 365511422672524 73599857004265 506522202851346 964072678719490 593198098126274 905781581533415 558129987203927 290572807197733 655901673588359 858716007555809 965385049578506 827709698843874 204743520298924 288030906586779 489332346942315 294799554205932 96760280303209
828594124686004 664494738725613 430490733133806 622190251932351 363715598552979 368830643047468 702964298602007 356009335905464 444535306434861 81335598130638 436998486631111 555417830914474 317934496270412 802837554870276 665078512560075 51245852397657 278754081008808 719577693483761 389865509740963 449563139737360
395026710963334 828973611629083 97354051795794 958704390505749 566229582573934 761130931556309 16711747102102 593404714893109 785826016968160 587797339674994 796487894893839 639762803420354 574624692489476 63894067814065 38951077631569 739746557173068 296525081060308 585334403027534 775067560286885 869724018013758
907739619659315 360001653769519 98058959903761 602229385507176 120247033551958 70392787031020 637688466125899 275984429558924 341674835231513 254899595659615 629398939657927 67100909805724 267870389271284 619656882374782 546388505675185 591477288138339 460764794833347 841187280060751 850556529671188 725908503116575
645500464490610 808746941909709 80656324421172 320581924844964 786325224062370 117787263517311 464663263999602 219823492069165 216961595096695 158710068165859 678459774418900 802093192893724 902626546407895 937150142881822 284638692982807 686887422015665 394361014703741 229779943359682 517491108400202 710624399755650
323388257139240 205628394192305 480661182090020 836380140360641 519520873004452 115433165086912 679144906257002 784162752637517 36241419070083 93006762933320 595006777456271 413393331732558 397325070614878 943171846208433 902269424848120 285820871735145 184952523839443 666805924969758 756923121369668 997217559746707
112722766140841 300462769175005 549927082519548 501366730126056 132558771992126 359691853974436 840604914753759 575493318484257 501472927561535 125522648995709 105874711243686 80775881789910 351935759265039 843894018868280 739329217396853 195407182515854 438002164683655 187873165771488 610775571829922 898144469416940
562539340061232 698368955710163 422908040143713 369274875241377 877845020114619 36739664479447 552474730207670 573318346456456 56506805983480 23935714653584 430537302513634 196740404081170 658663542877903 293375405258210 736565258204383 859255035773455 796642437200120 13369078766020 638228966672677 423874778925187
592558667788515 987233111930304 920813410387703 208066915925682 554666246445628 397297495113556 403062116256170 316438343141354 122866374485162 953592248856769 690464524059170 109503107782215 781811321722230 715541537676570 710609930355243 498576212725568 330743224497598 761353708137435 79345418955328 480585553744227
928978926680880 488340946232679 682790042930487 137863061491818 434072171290575 634177665952501 438821343306636 59958808344503 127568371275698 802839372621000 558501472798067 522408629244313 412656351944651 592253675326878 614904565923851 356068474638052 961743342495610 806494197324578 415855309633844 125990624305661
20 20 69
658043285328499 586697636520905 302913873699087 60324492830981 940563588478439 706562814934284 706562814934345 706562814934403 706562814934471 706562814934495 706562814934471 669181616277142 494883398365938 517520335836939 249121093412895 446312046494277 446312046494221 143645996775290 858679257643527 537808299506648
256545634765681 256545634765633 302913873699023 803750748312298 609569044880551 609569044880602 503140904328601 673209505548132 714963237023407 706562814934554 513459762170273 537152481498667 758362311823529 838373915081 838373915083 838373915055 749545119134055 749545119134034 749545119134086 749545119134113
132424531631406 256545634765588 997886835243427 409603381901831 609569044880560 609569044880597 668396187114897 505190070391609 274947003515326 274947003515284 274947003515347 537152481498603 537152481498514 838373915075 838373915078 838373915058 750958395691758 733378458301032 23756186841916 23756186841955
132424531631472 132424531631538 628851470971003 787150049499544 609569044880571 557300903502432 958934132233356 683016879186398 106459241632543 537152481498650 537152481498602 537152481498569 537152481498568 537152481498512 537152481498447 838373915039 712638715683792 712638715683769 381541753099437 23756186841950
446966619259981 446966619259915 628851470971009 787150049499612 512096010905170 557300903502456 958934132233366 683016879186443 106459241632559 537152481498583 537152481498572 537152481498551 537152481498596 537152481498483 537152481498470 537152481498467 537152481498471 180912892987008 180912892987006 790162520835295
59945554632735 59945554632699 442696677170704 872024269507674 377467065925406 557300903502456 93388830264389 271464902333271 271464902333302 537152481498547 537152481498604 537152481498596 537152481498345 537152481498407 537152481498420 537152481498475 437084237489624 180912892986942 431284748981985 431284748981940
59945554632618 59945554632660 145660465437081 145660465437062 145660465437083 591235031012641 591235031012630 24112190878644 92848503343414 169033795914496 475617937851671 537152481498345 537152481498387 537152481498363 537152481498424 537152481498426 472635837130497 472635837130445 561985964483217 431284748981911
612547425398893 749815415636561 145660465437060 492757034392564 692892201084934 692892201085053 591235031012592 911385890374802 911385890374749 363304778839323 475617937851603 537152481498319 537152481498316 537152481498339 537152481498406 472635837130538 472635837130514 911655427034102 911655427034094 431284748981889
254446458447348 905641190116066 129465267874879 492757034392614 692892201084972 692892201084995 945205683053004 911385890374752 911385890374741 911385890374707 990078222342781 715622824733470 715622824733437 715622824733454 537152481498387 251170688135561 862816105480833 862816105480778 532545522759827 532545522759843
254446458447328 915170790767083 129465267874871 129465267874812 692892201084938 698508574034267 792678570047061 792678570047104 911385890374783 911385890374788 18505419882477 715622824733507 742957158572931 742957158572952 92883961672614 335332547040354 335332547040385 329777609197132 532545522759817 532545522759754
416001543149159 638908025332871 731975193843559 865203493978663 692892201084976 648741495843985 792678570047003 192022163420318 698283998650375 872527915199169 18505419882465 715622824733563 58201451639245 731519401479210 92883961672574 914408636358557 335332547040440 419013296010902 419013296010904 419013296010904
637962660788979 637962660789010 176355627021158 618325440746998 800015858466408 800015858466474 212038760103870 212038760103876 212038760103871 212038760103953 96463417348403 96463417348412 583284177110790 454723589329600 155628478420125 295561459220722 360458852552191 360458852552194 360458852552192 419013296010925
637962660788992 932291738108149 176355627021142 994646560562297 212038760103802 212038760103843 212038760103890 212038760103925 212038760103959 212038760103941 328381264908484 328381264908515 305362215412196 454723589329552 741182485625592 741182485625638 360458852552236 973205651949431 261109590130528 471545931425627
637962660788997 850753409021514 214088943396626 752599099095646 139151240610797 402867646898553 899365199285533 899365199285578 212038760104004 212038760103947 328381264908457 328381264908504 305362215412169 454723589329529 556474704174052 556474704174095 381561575833637 471177539931176 942013252871979 276878632102093
648080849723485 648080849723486 209037931393052 940180115263549 462174576727231 462174576727178 226322051127035 105576136956044 491394655528924 911142417031205 90716355441999 635683764181796 620846338628640 620846338628634 556474704174043 556474704174015 276878632102143 276878632102101 276878632102088 276878632102129
286949551700764 286949551700797 578887338196690 471954578574380 462174576727286 736568169168966 820376714809209 654333960307605 654333960307601 654333960307642 573936173845699 635683764181842 635683764181839 620846338628599 12642447279244 207655183743113 845458856299689 276878632102165 276878632102154 276878632102066
286949551700707 670273891944371 393995996840822 471954578574335 462174576727311 736568169168925 820376714809259 654333960307607 654333960307573 165769828259335 165769828259292 165769828259235 655744232239189 551645493212981 551645493212963 123268741536765 423534011123890 276878632102205 845479702917772 412909396097357
29383962999381 173205145875483 529391868533899 736568169168779 736568169168791 736568169168858 599399226899502 485054251655511 654333960307520 165769828259364 165769828259337 721711850302709 655744232239189 564760063297341 37713074012612 935594198216214 423534011123839 276878632102184 431182979593525 201991402185080
626849767917808 173205145875512 90888919256989 90888919256952 643776958244885 84865995593421 880222666857754 86466946278529 74617249457328 74617249457328 512594876970520 564760063297296 564760063297312 564760063297316 37713074012624 935594198216253 423534011123810 423534011123774 201991402185076 201991402185106
626849767917797 626849767917757 90888919256927 90888919256892 622230668551732 84865995593438 242957697327809 242957697327825 74617249457305 74617249457257 74617249457267 564760063297286 564760063297255 751831797976551 37713074012659 935594198216191 633247349441751 660701772349243 202315939525745 202315939525735
20 20 71022417029162
323550893039279 176951441825194 783572466037825 737110336103528 674655393655976 832079647875076 157127769453228 541117119574837 999597570232551 730879363270483 628414882746257 881648528826691 904517319341517 10171311028294 658445598800012 623311256246269 429975324874877 499788770257138 953689861452581 43097706384655
400430640441440 924653152604876 801379229237367 171743862460752 471948295519711 499304237648563 264131400282096 202678077227445 236599736068402 936699621011480 800430756875216 869178959885732 286669269519005 293655376339082 958526812775805 685838021323210 61236013302825 628778808855058 683069759658141 805551457218189
462981495697217 201911952344931 235473108031923 219574871447789 180991406180403 515272311218260 247537534797107 238334326285648 456948118049613 872310559823919 862546089634729 532081614720494 593426342637667 459968640910997 975058658204035 27519781103754 259777698047278 90203513154859 920379825073824 742911798516430
354871037035328 257115353138098 247076550618299 188182058694832 321070836784608 357883893558005 381290190634808 383549004807723 951978466597922 983269069147161 920675635632878 908152649247779 913226866937262 241432628899622 176281131450294 174853933385034 205431346765836 207346757184370 269882281810325 222263816196316
258195272631234 258759488583906 256829464435898 862549914618803 277974749205304 859963687506283 803686378306325 380407989067933 650604138025693 967172988102941 981620484193025 494768028773016 488889748285075 233966165059530 126067542947656 31205447416934 787303753413205 319797611393515 382123846859328 426320921347636
858169821487041 325839719865872 274592278242942 293867216011234 273799475546074 710850328731246 383570579380484 791644654901925 660641019695550 686793070940560 663494482312429 730242582069406 582308946243190 376354688950080 86131646219859 358601603844675 373363755316864 818283534430235 771063806575291 551106095449736
876072804615867 309274073910120 808449905371001 323633555709247 278710750766170 47095587174961 445202091093988 431720017842557 942270445851104 966452146668691 919802874168188 751741289835407 723662485957768 352885164405635 775108534957476 345680807194224 318690390932517 350527999710680 379893177397087 440102122340995
416801437067016 357656304140732 768953058965505 758109002231690 577151231836647 96082745048451 61143732201408 53335052050209 13827580964932 992752176419017 853500535351548 804221934945803 717067803306587 384383212657197 842144125800165 369225238458435 357759645480514 377554000335895 443632143235186 485186769842613
463071431329337 425748877020069 117523199271806 120051996784271 334554154803566 75483495289077 17336330155468 41066446738618 38920903032859 33025678688872 845512348595612 773582573183337 779021324224341 746060572489163 793369016434244 628534710306143 639205507374453 627204199646462 377641343744737 415998827465710
461245679488094 516870422195114 654375969788616 643298043952561 142162430547782 225867481065709 387099600125815 647613713468850 216911735881762 252803465186627 219485895458731 596592523086761 761644417715859 512672931070818 737305494001012 666460525660244 612048123935973 562208587467415 503121931447107 173791159138613
681165388259542 700042001900873 639535306100102 833853000981936 77342850476709 382296144491261 669277748920970 673984171966062 224053351037967 232488637762418 223289016714266 753663060798580 731467795764472 455611422427814 509461571518714 683558742760755 905153126323488 940818192250677 293825364194885 852872905021149
113302527342369 707359903059423 580431252219102 805198654879788 201238824869076 495447830084726 457271010062259 627760545883251 546792333531217 300219344605128 54649249378178 755810296338290 334543052057470 309399660794459 310119617643904 636245824855848 932612704407306 970133430752322 277707934138154 132686258802485
234238949539963 495596363761294 721371135377939 676694359685634 42789776007489 540042744215620 541796129519325 572757758584105 104271542325278 390724497357627 424509463396580 441253575805731 611614731409257 638461492866141 406151397346902 443767130604429 473157590086825 940956805916437 241121655034444 964216035437692
225371674149487 424577872703159 230894733187248 172267534978739 828852179266123 600217399638013 634544888792733 593918034454906 650462248812536 651964885469804 983220869385109 490492056221500 514018467457163 567953073967446 409096115091488 406049355844772 524345537299019 982400288492172 952350949213549 959158531365177
699495497216496 497522031973735 166617781704751 152666071371949 105477594655265 135984500380346 183665865447999 226169488298251 656516138452142 601140127299852 268675023426610 90963620472309 501340101270112 245058538673376 660581821643296 385165606701620 343164513011940 360215030801357 347820945147522 148333117119697
635676429379244 826853200290165 154991561426433 89114516216093 110065490054145 132669226056892 233791771027257 244060243098885 836193917033107 530182507752786 584621566889259 393433493889753 315284090514947 860988625130055 622139620851479 593980213125674 333481790753496 809325367516026 942136130691729 606934660101322
900025606910134 782001646831571 90349934404566 49408239257515 43300914201074 74758365103733 199723065215916 213176791261131 869897173072069 905854166098926 571128959009561 384607942069076 207653726602945 156243489006321 138710071387867 557009748769509 496682689670833 116210764634658 175406723613652 76067813822077
882219147789599 4591551633978 70510519409867 5033401095156 51911212063167 8429655915874 724870086998536 133899497566917 882763216273202 949265210852248 544959420400708 551746233677475 49327995733874 119089959953692 94999085772781 32462159901006 523430605871375 494293434768524 42987060275221 42422622800809
877279036432335 57410961901818 121748087327149 585317968327218 37421982142986 67354452774597 853284043368993 609240877443885 662698091695381 986702653914663 962910682910770 657174930201439 682619102901062 128613735294710 887741942565432 455256887207336 491868475904148 538103459128479 43870567888429 10273590467097
935142916544526 583635717168672 544478481974235 50456810840314 61515715310281 70574394237716 711858120588297 662679260283421 702622408992612 713865445407598 964527791612937 298013812881484 273077912199124 498176640006825 480998893014416 471081724810575 480860772155608 722940363855373 899413173037363 325807364855991
20 20 297305082745156
932476712581703 824282561648962 980757531107309 166886884968042 865484294779401 971439726437593 862335377947954 733681094998882 691277117667892 870273824397626 669503685406276 690673200780469 180222958091932 122119879619150 329630070400085 347562506646939 582699352010961 251241616474541 415406383188627 241066947015906
951449873840339 676377364370219 860825207572598 825970974275786 211739639957848 158444353297857 13411404843263 863546157237732 704629637497976 873522870949708 960135924490712 724784537564688 242388797472119 872742443957353 542316891392801 662721290058219 876409793120646 508365266387799 851664002523894 819827847284456
162977020032150 13115011909493 885685772041898 656917303967916 924722436301027 186823882782061 148121449423087 707583141913776 531026161825032 785577351863745 497993904652949 617099255348079 262730312507922 306584808480345 637341462184602 517228867577250 118780413786169 505037325404908 815578517754052 779960019535373
59135916450774 35465714416798 111824379376934 150566838483331 381659337089703 297627697646174 776474332826500 750752905358190 158870005324977 90320691946164 354019408922421 870720614392061 305583230447203 181385379074344 194108998771170 540309741530815 179501838610063 172474819708119 153243229480918 289163389484061
145997932678622 99945596870285 185686157491515 78461378742468 229497258896097 124874033949844 241716472996987 255564715008595 869187211434731 311861491755587 533209239966250 656771303882670 918640733217434 180309880846936 332824617216120 159443883966055 874976087807987 342048793513231 137643185014137 347003883141950
315966059945099 261379604582895 37219606335994 312058404886305 136219025591788 405921517374237 112200668123825 233043817518398 670124549841114 669194404837413 265450756972638 687128146468142 638647316780982 4230541830879 374166362784934 271746738521567 735018541112479 528730414762366 662269442585610 677014534409999
680034617643406 408134225497633 39832704497417 194577236055535 229387790331294 213498428774187 156430292670385 92057504448623 361255331939641 360127225604533 923223972062696 928777642492743 13306569757400 347415464483334 137661093458581 113737651576391 851501604371396 356452919390929 443441961411781 563236437612241
320007839359826 603773574612099 256117981705815 809949570910281 856235746178743 188919079023742 286964420135589 96105417177800 547332834459007 134569883885764 136965295033006 682600167455973 878395889933057 59287303303740 930032641979709 894996011359128 924976997499325 983741942791377 156145916461038 502831465267550
447932441108224 567771336783166 880086627041565 675484248360795 789951072423015 859325950074721 756118894798789 551273529098403 671596858236680 398864222726019 765655148005287 952187935723983 968260760961107 16397187372333 920734019351374 779834179008490 130744073290790 165361942713406 405284356258218 590788600997695
402882484819666 444964939930700 218973709513557 715907061436926 355417321981585 626953356061970 680248132574206 664310564405140 530058952932052 150778553922694 646806217403868 768866616230497 947755857320672 657969782428161 741948939613283 637427691110150 483697763279554 779882550319960 144925069820297 728281654377526
484434163816 182075823143185 74780874194382 131863526787774 274838083447660 616590673333384 482711037931057 727374580652074 776411034773164 755815064314604 426894102453611 617029939168204 776811929993621 806146987711657 866200476555890 407080878751400 845136887645635 829221405869589 379091338809600 278155306224188
58340250731081 280444826346204 828313823523659 14890090095149 9150614311404 141196770206048 379280099324752 497615165928250 870933915130050 920067577980683 968047453968298 931179981887876 531360162831067 385536233419919 22956219476204 232995598162441 698512032519340 788932335820721 278603464754428 521243335593375
700616661032355 459522786131173 227215713982404 195937168009996 202825274548428 659234666505596 449063355080571 569711683741982 525163282907425 583095426521950 465999057758613 876707504141175 940995901706131 471183343121089 41364183298581 388489697701150 933330411945815 261926442463364 491573964712728 569122243238342
726799623260473 772258254188248 83170554115884 790177360802463 176195111693635 962168630918724 850215098009425 637362102482195 819834315535971 937482206526793 865469121506928 361618560334653 954381685145049 760019008207686 170736676314495 275149851468954 332835428098404 545600736423613 810228634299773 231243864912720
947959961553405 875082506964854 826770749537593 704843613425501 128948375025894 232313792449024 471563813339900 721170285351210 737275391655825 951868394191941 987042902697193 192029266078967 13889430414497 454717554498022 452540559395793 72168222420103 290669467655890 651210917459792 289729854019248 107169271031234
746220818498689 78455603024149 730303009442974 263618813364816 124000067789300 981526288105874 574640282873263 544297630717872 613240337145114 948155709261335 515283239613849 797617889950202 527465187044535 393418501578431 299675727135199 205376180739416 17561262361290 206696276635729 270789667261688 3062854261123
411756689155612 671287015931211 361502564316993 794029354485088 586623865028771 683084099690388 855417990859461 658482061507867 827830384256415 214773703546511 7314942964008 745627312550207 926890818879962 754010456390553 221331599512968 69341255174616 354409170738100 455642703428086 553246794648328 930510271157382
442848465113535 948715156305479 872950235558027 247861318034048 475709480324899 511184203642883 591150681138259 721737463938496 178395560220415 820188003490792 659918717468606 493716457161216 531840493855349 720930625778731 622576757497036 633226551943501 735707025328643 15536946736608 333684040470956 364934528820088
48661040853194 353263891580033 922361386426831 734233804296232 706519513974478 731509970583860 852035623855671 826581361653703 152955374048098 192184023136182 271795954403778 728500746406064 686026220838191 874905308727794 898990891508681 529972050975125 654089159443584 514589482548524 149800736715474 632321194712118
187041182415486 901224611923245 935105825942275 790718561644678 718590428997514 894498364681148 845951416462646 974005477964744 896750001972904 670699209425095 777586541765771 848468521318478 857186332245088 755789335916346 51776812862736 254258593561230 514055782038088 647460338025993 864580775489755 171068033492111
20 20 593095284472841
255806310295587 638020236235691 463535554687858 120242951022239 38440016922081 482808775493392 375278790215724 401555935045116 136487413591361 787227470982323 904380951518229 271933696675877 381220230170761 852239036816956 891794674278963 688834513969014 305384642306678 265304979207914 174263373906216 195069336045032
815304317598602 512352639495231 877215668921898 28436009895142 602021584393755 797426102661903 394278927016017 534417045478339 40601963700628 548023405034728 363816491624827 46539302325167 924989745233850 136106869142357 507279257122078 336514877004920 157522827001744 217876231541768 175311308413935 44641739735802
822993673432401 880386094585877 981461096035518 241166514810670 136080353633689 452204712929990 225096223207953 773814970732470 631339779877413 193944003324044 158171749823443 319644167230845 773707880944458 681710411807529 317513097145761 529240874829398 849600331473162 489190492882725 79725606021215 356808421099259
499843423959904 752626781526740 972555419794711 872307518694849 584406040416320 718275636411763 620425516273653 422040846922307 950775973669138 187161495037471 635493417094644 467980057998843 365784689240909 471366801247910 211944170986828 105125138372048 818002305533843 616742036241838 138512539999053 84016361151920
70416786699417 584449813389948 754191505148673 803033941692374 697953582573338 518780935379826 220308208164182 175022708865122 8224051520478 164803803027875 570811938394945 921602104649406 448123769180939 789210794929259 632816428961971 804664821574720 110550400424108 754801544440241 348945778015539 244103321014024
724049091915217 624054715121476 473285392382347 993661201509217 680692631223369 414228327047550 100339166519910 449664321274932 585095416882659 850051758861507 858650370879230 572865322205480 925269161093961 104573559981175 160038012796293 131299098352904 685466375798895 537028962273781 91797735210301 997896147196724
784835484489650 182683462223961 245816322217740 185912714243830 316369129715337 128155434723809 338187488409724 970775465572083 382856415622475 40145774519886 60421093577226 668920255764568 270102065501138 287902779155087 275311127483034 577663477693037 650048995272928 241806618926609 418393383838360 742379262971514
331755143075406 796940539888310 430301108053808 888061448855410 476360720909177 332557708490360 229066351799477 599245160501330 170699928770592 464113280586578 597509380470592 335176461772590 145287680144582 367844427232514 555766996750879 271806490575203 611069595034259 324402330171534 12577186711346 235912326282033
850649104447966 478071566909200 372096370803558 992975766241964 63019715955477 546048509156362 984049495590227 82968782432854 265015685595593 203816535354396 707371795659261 292593420750465 734953383879224 217943789149573 904547113161915 517700198418939 806679658340330 33617222157423 4773430769256 179531267562350
206527977415041 580914289004893 499999632843016 580320530740306 627549767479496 528886702626922 135431450233406 268213084755016 822810040331021 444740122926703 607916583330627 980561773735170 579254557441039 576961116888829 326125159784254 882469389247562 498374734694046 333204182613986 725569885702460 884712143765167
222540958938416 184095456722778 339466270914321 625814156967027 24561332343658 922373075723748 587642214448604 901840126196031 577590864195689 636419076404822 766449786801887 500120061667265 862801655621691 333143917703023 327058792364448 141774241982075 889590812947620 691516926806810 503141822115770 240056797571569
798266904717540 16237532857062 733524018201751 922982324375672 849881458187084 327839323874316 305418142967153 125878745239555 404453325269066 830991154822254 547971945433312 446769306007813 537165149029301 780738241541646 492124508493975 293462823419558 579614474933021 550823248644696 540823837476061 92252425079402
635184083731484 690614428389009 969131858501212 802213387611683 840289448913696 787632727269588 365844764313733 155849213553830 495769550731186 947220220864848 490895677909832 873957984782524 111031690066433 837515604306811 37138113948596 482179144327324 321341703678760 425035244520341 41728606177467 33614911221986
42508397344823 596812929885015 522285961425315 871785927596416 838521873624828 685771411252792 598911992808711 648090450360150 818247247410126 997998366994214 327120714049918 43674846280707 989738236838844 480631461728649 44886674273761 91539402329072 597389920489750 530305762372754 826064523581961 243351669943469
508109844454804 823313496414847 481559624080230 447484627687649 301834496303504 557308347637911 633932862719786 759016847664214 657877203956494 784330423949736 524286273049395 776058975604506 977422963869733 562554086280095 713856050973172 252559622753796 130181147855308 573169552330228 218806849383950 585491036150495
889199816632081 522321456452309 100983822198403 540293733300917 783880348466410 686701298131154 476415193712529 610225604159439 620530332588821 913601222560305 597809672219066 552226206453861 960108828020059 395058339950761 946438696586966 78244602454704 73622822079318 579950843922299 217774687633487 458662173412179
764683681847383 917929195605191 901377159726589 833661218267954 756397865484276 958122384154826 761196911497416 580691759562128 641676303134045 153786847709146 610530700093979 112236599034943 759014926529809 271623013075588 967405620103766 25642711917316 610505326713742 417636595475855 415555130886720 191908996972170
707109360853170 970509725351693 470915115439247 701034879634962 138510107012026 278327295981655 570506443712795 418605564968364 331051110751192 1795544383046 517987311661717 686280716754286 74897646475131 777065207150102 925609397395950 678334876894511 573066895611429 191850144806587 632207361906815 133224356333433
47934461578316 918484876357513 666098411700807 296446607972510 531134323417590 74094544744781 386307842746958 820118664566794 517761267073148 474667309535855 997621102320373 234873374681705 780091002789004 313805869349701 554457573654046 420748707934832 430087306990286 174098932402514 61401571876423 135477284115594
397196731843320 606566259123412 832614032976454 556238993194918 679853693600449 98168561806732 17468470138713 426780632315611 704614260562075 738432011310327 619749340780708 263885968478946 563941183265878 12938101692786 54065485274499 37313459819993 576002832171400 756333777842466 301076562293515 167955393697289
20 20 58
355428295456834 264744695938487 607585754729046 762547919574851 385643009753087 910488746786936 94495979531279 94495979531323 920990280524295 920990280524291 661949606666946 661949606666980 177593800163027 981416066107979 919507340428373 301329709565347 626393603321318 626393603321310 626393603321359 626393603321382
264744695938561 264744695938531 607585754729010 607585754729032 607585754729095 607585754729051 607585754728993 60185984489381 920990280524281 920990280524255 778254878266221 778254878266270 871155820365693 386717386942542 301329709565386 301329709565375 626393603321286 585117031783237 585117031783242 669257235785447
264744695938586 264744695938503 607585754729036 607585754729063 607585754729070 54201047933680 262980041759703 307566673024395 202222926814124 277062023334321 778254878266201 778254878266217 6684748288643 399441604354402 399441604354381 301329709565395 301329709565442 190183222363312 585117031783245 905484304601143
264744695938513 264744695938527 492282973104310 607585754729073 607585754729077 990461287515341 990461287515360 817860220438465 833476061099938 277062023334299 778254878266203 778254878266245 306449228532731 399441604354433 399441604354396 301329709565446 301329709565410 585117031783165 585117031783220 667513561154185
264744695938468 264744695938509 280868196195288 812541533559067 812541533559040 797465774034293 817860220438508 817860220438491 664174074696421 151121287129848 813316265499505 606120621148258 606120621148234 491423530649478 799477788028335 14072490750695 585117031783119 585117031783129 585117031783182 585117031783177
17146856637500 17146856637503 17146856637550 812541533559055 917118349207597 354915984058489 553552827824477 818421258478742 202431284004446 469346053257113 469346053257129 491423530649486 491423530649436 491423530649477 216727605008039 407120275618008 407120275617985 228408343813332 528146242945994 585117031783127
18557159579695 17146856637523 498837597589097 702220460293012 702220460292993 337248902081060 912897353993963 200414128459913 197954991571620 661729472644775 661729472644783 491423530649490 546687536567676 733412862686834 170551840398592 14618821408304 585117031783113 585117031783062 585117031783066 585117031783078
32216362723668 17146856637547 498837597589136 626811256838647 626811256838656 626811256838690 340351410225374 340351410225376 585753089420107 661729472644776 236063883845011 892628620861324 733412862686847 733412862686863 170551840398579 986245797172265 999524353804402 499148103766110 585117031783027 914219838253668
32216362723612 269707244394873 269707244394927 269707244394911 626811256838708 626811256838659 626811256838677 48207789057546 585753089420135 661729472644776 236063883845036 236063883844999 733412862686831 733412862686853 170551840398572 170551840398614 923866014316144 549994650940226 398461360256989 933763434800914
202244059954398 182929466204081 182929466204037 182929466203990 32845548914595 247321622717610 283463265892859 450715884118818 577691550765889 577691550765849 492308584728615 901344878459173 990354502659022 23538434459826 246138987255087 436126105465270 655410416447533 398461360257027 398461360257027 398461360257026
943182270103679 911317851507957 148844245742944 32845548914565 32845548914574 504314537655470 283463265892809 168834956507000 422505260901637 422505260901639 670325673354082 782662940019080 782662940019043 23538434459820 179498412032056 520983178849183 663708739592628 398461360257015 398461360257033 398461360257047
691429580966940 140335206782006 148844245742928 169146778964643 795981742627506 137184000626095 661926020743741 662877201053040 662877201052985 303813552242523 31098186284474 375134008327211 870120039509139 23538434459804 293902217545944 520983178849136 663708739592636 402273294655995 447714998279282 507157186578355
691429580966957 315839455860999 917037545246841 169146778964619 169146778964658 957506920128660 786013610106109 37079607816847 37079607816807 303813552242478 31098186284520 31098186284502 31098186284507 31098186284461 293902217545945 875573035097343 875573035097308 696059549155028 380700235810826 507157186578354
232764118119272 232764118119266 232764118119286 610501283308481 610501283308529 610501283308589 786013610106164 694780628693465 801354261083272 801354261083264 801354261083276 801354261083260 646102645462087 646102645462074 293902217545935 875573035097391 923534998084107 923534998084091 923534998084092 507157186578398
241572768358919 241572768358888 610501283308484 610501283308427 610501283308546 610501283308560 162014507652916 694780628693433 801354261083296 801354261083250 801354261083217 801354261083269 801354261083259 931427728785108 831589806843570 831589806843590 923534998084137 2633323664929 507157186578493 507157186578453
144296617679711 144296617679659 610501283308469 448907032482817 448907032482818 610501283308558 570209540641987 801354261083228 801354261083285 801354261083229 578406009994248 665732468298116 665732468298102 665732468298101 665732468298155 665732468298140 665732468298135 2633323664933 2633323664951 259678460678700
482749906349793 604499790154772 605792552681549 846757982958791 753054602351993 753054602351945 753054602351945 801354261083305 801354261083249 801354261083271 813922878208016 882138456018496 540038144397327 861904545192215 665732468298178 665732468298132 662701038340470 2633323664895 707752623670831 707752623670848
482749906349750 604499790154822 91617386522281 415935173237617 415935173237646 415935173237628 892857248188515 900885972434486 969748205805865 942829509665757 813922878207974 882138456018518 485580445116754 17416444512547 665732468298108 665732468298095 698909478502613 250846196042314 250846196042290 879846667179411
734007133331366 395001211602274 993077729639890 148384042274532 912010993453626 415935173237664 482582712147084 900885972434515 969748205805827 708302117994663 154288087099284 882138456018492 49050468218740 49050468218735 665732468298142 665732468298147 665732468298186 363140596914806 363140596914825 122973206862949
395001211602213 395001211602246 395001211602205 395001211602232 886781487086268 448759419185610 254868759035189 900885972434564 97498112132447 97498112132432 97498112132403 97498112132401 237384225182331 237384225182354 665732468298116 665732468298140 746360871334815 117523701659017 816219125469963 365215328619630
20 20 77
384675484970036 378936459656768 740397213090884 288707078402204 288707078402257 239556413908922 239556413908826 239556413908857 438414654532119 601299310971908 735496818013440 457094534576510 851208927241478 453567773146119 609347003533383 712300999183287 782398194344890 640386667742085 977090966131908 618814273598623
502581845720335 301831139370146 301831139370103 301831139370037 433073604528542 239556413908882 239556413908866 800540467672615 601299310971929 601299310971863 735496818013469 851208927241481 851208927241494 851208927241515 485987966234934 440556033181456 782398194344931 782398194344943 999281467151954 258306184453140
607696714729850 607696714729899 607696714729973 301831139369993 891770859599464 239556413908948 239556413908914 172197532130975 249846621711038 249846621711016 475503445545038 217908137795607 217908137795550 851208927241564 611329243268620 440556033181401 440556033181432 910228939812486 910228939812466 447399259272010
519582885113857 159895240685378 159895240685325 733143570022249 891770859599489 239556413909019 239556413908917 239556413908993 249846621711096 220193933444581 475503445545088 475503445545090 217908137795474 217908137795550 611329243268650 611329243268636 440556033181481 440556033181435 440556033181406 440556033181332
966501992959743 966501992959799 390423297160348 733143570022251 733143570022266 239556413909058 239556413909015 239556413908955 239556413908963 92399091327738 501503777771472 215299765175134 215299765175052 215299765175110 536266529090122 605905188459092 605905188459158 605905188459216 440556033181365 440556033181392
98291957033185 966501992959819 452500980754243 873565838092824 233158883501845 490192599761507 413591093446180 413591093446133 135830439966027 213621184021507 215299765175175 215299765175139 215299765175077 215299765175049 215299765175096 761807145257266 761807145257267 90260388880647 318641369436528 440556033181340
6727718737850 669898205989830 802528926585748 873565838092848 764074651604279 764074651604235 764074651604256 834645349851361 834645349851401 362406928638071 917060171444189 834645349851486 215299765175047 215299765175067 215299765175120 215299765175044 238181096265960 955295081112541 440556033181297 440556033181290
854890562943389 669898205989879 669898205989836 587736684317743 301848523450358 764074651604243 764074651604193 834645349851413 834645349851459 362406928638005 834645349851492 834645349851447 215299765175073 405087631891612 18598049108795 18598049108769 175252216434989 175252216435050 175252216435074 175252216435117
661695345328206 669898205989841 669898205989832 434612497659680 504646896232952 764074651604226 137971710211571 834645349851408 834645349851428 834645349851434 834645349851433 834645349851485 881430839336163 881430839336095 881430839336042 655798730066367 655798730066321 655798730066278 175252216435113 175252216435112
941069484594559 669898205989887 378860206476580 995527655601717 919004962613078 764074651604278 273098374746366 834645349851338 834645349851370 834645349851444 834645349851483 834645349851411 881430839336232 881430839336237 881430839335979 655798730066426 655798730066287 655798730066491 655798730066536 175252216435185
689077619216548 689077619216473 689077619216515 559526206853234 919004962613085 781162983040071 273098374746373 273098374746365 834645349851421 834645349851462 715081368236218 834645349851355 834645349851432 77485740451464 881430839335924 881430839335858 655798730066359 655798730066392 655798730066469 849270851751835
140461446381580 140461446381622 689077619216508 96952790863944 96952790863901 96952790863966 96952790864016 96952790863985 133259020158974 834645349851489 715081368236257 715081368236262 269533831461547 417723977133727 417723977133706 881430839335861 799203689652046 799203689652078 947647723497878 849270851751850
812326759043869 883960142174313 433077710617918 668588728810307 668588728810252 668588728810222 96952790863902 96952790863950 406206599600684 834645349851443 834645349851366 210047166079163 269533831461504 269533831461466 332307519960976 449853430274926 799203689651984 201861311133368 658213794486810 658213794486864
812326759043846 883960142174270 130903754639547 668588728810262 668588728810239 668588728810175 129318323919493 129318323919478 79564599083417 960145887978436 115687326688823 621145071935989 226684378608142 750891703279420 332307519960977 449853430274851 113994326767423 113994326767435 113994326767408 113994326767469
8417080583279 918361133369707 918361133369638 668588728810237 668588728810223 38077519199286 38077519199330 672994434996494 873663685070754 718899761286851 18888814832121 18888814832136 718899761286962 718899761286984 332307519960928 155991127256204 990252486500168 113994326767397 113994326767411 113994326767404
125308265744208 36107364257296 918361133369586 842695091104618 38077519199301 38077519199314 759649533136062 801456929321360 912522870583390 718899761286868 718899761286858 718899761286863 718899761286886 602993113044772 523134438863951 502430327482520 103852085893105 67602241219552 113994326767326 113994326767329
518889686351046 518889686351070 34759899556541 398709359242078 398709359242069 38077519199385 161018963804695 801456929321349 801456929321315 476150921615408 862342889549573 448168942689191 718899761286818 523134438863949 523134438863951 274589192806003 964271757616720 964271757616739 113994326767282 113994326767253
518889686350982 518889686351112 431573334276434 431573334276427 431573334276468 38077519199398 161018963804735 841733060209066 801456929321321 450706500082384 862342889549511 448168942689128 379595913568820 24448722429416 574721412047055 274589192805993 157546295341808 157546295341764 157546295341736 157546295341666
518889686351010 518889686351083 307723292274471 507980906371355 575833199121521 38077519199458 161018963804806 161018963804808 161018963804788 137051673840394 663552071128976 379595913568766 379595913568771 24448722429345 24448722429385 71118456656865 71118456656830 71118456656865 157546295341680 522275521356192
518889686350946 518889686351102 518889686351092 518889686351114 575833199121579 575833199121515 54749049345226 54749049345185 358122641638331 4623626124202 4623626124186 485737291684018 536149944061590 536149944061516 24448722429315 71118456656873 71118456656871 157546295341727 157546295341686 157546295341731
20 20 391699642751766
155027419446343 239402612931396 476278400586928 703651963376326 567573000782240 500533938426834 467194647866982 383893429597345 851558262243769 314223388408819 678924012650361 342288376336039 454439942200466 662869787388802 434620134117001 742168539724401 80166698810028 357855449367230 100517612606799 15193255459267
272751466772590 476381117444923 145025762781974 953388605689804 446871494298394 470843118807812 737177253265753 237597674523431 973557588638841 629749136512326 773839975390157 780693532290711 850153852373496 779241145834138 806800792356840 625583558905227 208137521154383 493509242508729 35230572285289 41725934252929
634445662569532 920077401625673 537515779088420 908145283878380 157724278173293 975219556201035 638154324141978 403566372388612 677441823802836 763412447905642 158762088918481 551598549122083 432240699042055 803850873923293 506907981106481 933896890159996 607706503557779 952710955958651 200120897628053 55751051403332
303802698652264 543888081718658 328066925248494 763671718511908 837320824500907 968140018024653 819290719026335 59236929960947 591636884331087 833573554581538 408148591392383 156725777011947 365560501157182 361685191095626 677938727526369 686627748760731 662596404954549 892634482071222 466986480964313 251425045918631
793719459814437 981761703655151 723569043965879 792905296327343 931667569266558 289681748958689 798406463040703 552444946205229 679023841462780 42546510478990 521944740552123 382650442359652 235414059167651 460486457853684 14525264255635 543105051609376 854641078407271 575433607729518 980049660115461 406433111444831
727500702800729 960060478992496 981618218664656 483913998044514 669782740922037 610128288322719 713172786460026 919673521063970 547909614186372 934091516150002 638271359360576 809799051957934 710785883242539 165838064206795 252915765868189 838217669746150 226214556793719 764007553992349 5207624387367 525792588578705
197160939314894 825976166599442 882194299826068 571569909876893 533759572811480 427627301661739 788097756753722 636569250683071 934303811884914 790389467622253 885608230432370 224568533425881 291992966282186 369647095041526 574022286553176 924397789819138 414496122156000 643049321380834 664121856344114 632579586795494
72156138950864 807865672041079 712634344148034 801463471238171 924563421756256 983392624299823 574479958172413 820902218739910 954464335905628 893766849962781 610180414557014 439859238070353 702688980399093 797555197305242 703735027314279 920170249103721 365254579606214 413494948430880 968299620727369 652823663972259
19244276347581 325744798631925 543723759954960 932815966599953 591263075500838 316873664510066 571522292455707 909719367547140 564591446872496 159141637722346 488740657447141 715095909906719 925645966873284 197304232510871 612902955451510 258655959073512 675962613316773 683695948162365 457958689401692 519766295128305
688153757880609 302412711411376 429046363708813 522430331047077 749227500441215 387353608878856 956361414965172 991593292850978 751706816920751 785000052099908 762876844161568 899629450078990 387907726367666 741815420258804 473669067501103 232009299789453 87936189240606 479013008800910 136403369924102 553910606384991
848378432881938 284273095860123 577945374319828 775634593268343 651333542800614 551919599547215 608250514835618 543550062906608 956181443904923 760104087655798 447482929176696 696655442714336 663273335108330 754191697545494 269204827746871 556730016751598 45885195871616 231142129722629 292217940493545 5310656569987
798358175308775 583048650861873 505160633439401 793677117573576 657897723962653 453621453122440 959805849817459 544023557329319 809324177551850 129833240868257 58824637981177 380836503564469 629585612509170 399662366830127 445609226710840 393536412545570 498246428865085 346456908907999 102287673870899 260128168565636
748952623795063 437719117171265 85251207079042 611378493074776 986823502151444 40306010872537 794731651652951 351942192788188 598432429909173 288730252897483 57561585366002 28394441627198 574033567281807 758070757574557 797621638689073 443503358528686 639535585900829 429745054091490 13937822821792 44086989864999
680018875606838 871723388287779 316612426597840 706471664501224 899172760869086 103992946486614 644269803067783 312607938988316 889539038874978 253740866145289 255043930949638 234285158787154 920518848770747 814383240365562 732631548054667 391293417294493 44547585374120 993709426420945 81359913930533 341198395049085
776413525605129 45451509437304 652910744984385 72569123234467 900077910639679 385015889657830 763236095681093 800055647288977 822074484092669 342914329151501 425947927081353 256687880462735 613838050965111 755782683857766 968684210567805 236302525945083 132567775451914 178304146830258 495637087525970 20421791805626
900765076039243 328671502817943 604860518853726 501250484552496 794516926136668 302483024142960 491473989231118 403555194413205 123520432587968 417688106087062 784156807452998 665514928354027 874422381658167 328629886642169 277613144907912 969224006044938 520978154167143 426154500907729 480621813223687 272434390752463
625451493116538 493211398604114 151441349388657 175911317117689 838288220928024 941877428974014 711584143073641 872582685275022 92198977362079 420546624600598 683932616172544 995875871919443 772104941001772 820046346652581 156462802355726 821074093266212 250414157595817 389258509506111 124480801677574 265303279018518
296224017793228 323699146147931 26937270780938 151147592228 243098544086802 1893941401872 237004181481512 292899991818658 283180677808010 827559698472961 949931218909468 755504041717633 645481132359462 954087665401178 760171954641986 591360845568750 331004979994844 176811136527626 574024993915629 753488586662711
550911962993884 257485669477134 322465398809755 232723440976823 822121586662326 780442788542084 331602211381168 302706402090080 819614551733396 822606867677510 560206106256484 782282959097622 629610476468267 336194087722529 955773137313758 872737759827033 83026590454238 519202246118405 909523494282981 192982460602876
464145457012461 718000713131192 163691841906261 518405082923469 196369733247856 74973415603240 488779682707188 986150105403029 989831362390460 453410336073641 228146708767636 224857872061765 619575795741777 309595391963467 471559501699228 852154884338757 907164316770564 364909076142106 219217581263672 454097850395056
20 20 92
484882256425352 484882256425318 81391377916985 523743859032214 740096915946176 740096915946115 740096915946062 494638229516952 494638229516950 494638229516997 912699671591712 504532822930735 504532822930796 609827958624768 609827958624817 536601071873207 719475378402960 655496063843100 655496063843046 912937011803461
932053517827426 104435426056384 81391377916903 81391377916958 340520096568558 740096915945948 740096915946032 456131176388948 456131176388972 494638229516970 912699671591645 504532822930796 504532822930746 504532822930659 272379588344057 5307699627783 5307699627794 699759161395763 342940957214554 342940957214508
604961381493604 176021089856778 81391377916845 81391377917012 583982776434414 838422073839475 740096915946047 504532822930739 504532822930767 504532822930693 504532822930856 504532822930809 504532822930819 504532822930743 122161890868900 342940957214336 342940957214428 342940957214400 342940957214462 210976667516580
461298932739747 176021089856782 81391377916775 144699477421414 583982776434434 740096915946022 740096915945967 504532822930761 504532822930759 504532822930730 504532822930819 504532822930818 504532822930790 408799072962612 122161890868839 951104289635063 308361962211571 308361962211641 342940957214398 496297370630324
461298932739681 790354340741207 692922469038736 144699477421430 583982776434509 504532822930817 504532822930767 504532822930813 504532822930895 504532822930765 504532822930749 504532822930903 751800744811755 968795719112041 951104289635045 951104289634981 308361962211635 308361962211581 308361962211603 101673782708184
39518866780676 692922469038704 692922469038715 692922469038748 579324483611313 211563596373927 504532822930686 672403737952259 559629733720596 424458246164562 504532822930810 504532822930874 537916931089985 814677025869019 951104289634969 951104289634890 395511577726998 395511577727060 191518619433435 472149043813131
531114770744449 531114770744492 793521824816698 793521824816752 997707902031278 752621365603737 752621365603717 559629733720535 559629733720553 207164243721935 504532822930805 504532822930883 814677025869086 814677025869005 814677025869038 951104289634846 395511577726962 395511577726892 887766187510802 293755256310486
138307190618690 138307190618685 694076090739050 768017738224897 760641868185866 200368951947488 73426448611269 593618687410169 217250351072246 890600205038712 554222705703213 554222705703160 541036842463472 744219166430951 269035871612417 269035871612412 327416260045845 920926868935968 579774197011000 429818001023459
620680254597610 647770693146082 647770693146088 647770693146010 532072206306026 111640783406110 111640783406186 111640783406236 111640783406280 111640783406271 293735236780923 293735236781008 744219166430869 744219166430945 951231923486984 269035871612479 269035871612559 542385111031576 542385111031546 88242403381087
108298618184092 108298618184140 532072206306001 532072206306061 532072206306073 111640783406176 111640783406240 111640783406215 111640783406314 293735236781010 293735236781007 293735236780960 293735236780936 622437667150118 293735236780821 872547159308908 269035871612545 552983592744715 196295187557018 88242403381063
955899097290410 316120433520934 316120433521013 111640783405987 111640783405937 111640783406087 191609808314165 191609808314236 199753534414367 293735236781013 345605654094114 293735236780936 293735236780903 293735236780920 293735236780868 269035871612589 269035871612581 961296068447356 913070887288386 88242403381125
968592685413788 312453248213053 111640783406041 111640783406029 111640783406055 111640783406006 111640783406064 911242628518301 293735236780977 293735236780992 293735236781091 293735236781010 293735236780964 619545635269439 587037110096433 55591446615 55591446528 55591446493 790132622488731 790132622488684
615193889937591 312453248213077 280667511535192 116075799684522 73237374648245 111640783406094 111640783406125 380599089189493 736844901006416 458976273899537 959791766999851 488575321727186 918498089803280 872203149439765 981416654232521 55591446697 946234641091255 668641241135982 668641241135902 668641241135942
112605949660145 761131891912114 761131891912077 761131891912143 73237374648157 111640783406035 111640783406098 163931019865002 736844901006432 736844901006459 803338339677304 32560567353000 223923594995885 981416654232558 981416654232563 867994985608575 655225870671200 587339095365328 668641241135836 668641241135748
112605949660081 761131891912121 223284589861201 633571530710656 111640783405965 111640783405972 111640783405976 736844901006536 736844901006485 736844901006393 736844901006308 717631385850558 717631385850548 77882649216395 77882649216433 867994985608650 575996940947628 532300143501457 13297250892444 668641241135806
731600662856835 761131891912057 761131891912052 564502750787606 138017158331325 664281403811798 664281403811884 50126241355677 200405856398795 200405856398806 200405856398764 717631385850531 717631385850589 575996940947685 575996940947769 575996940947685 575996940947715 432242232858317 432242232858344 668641241135866
21162617152046 981969356743237 761131891911976 564502750787601 138017158331243 872731940484757 872731940484665 200744015415848 200405856398737 200405856398687 200405856398742 717631385850530 717631385850581 415946524775458 464610986301358 288911337840728 288911337840739 457140607079733 432242232858314 432242232858230
21162617152078 836174916193083 761131891912059 761131891912116 138017158331275 935997812036581 610703968511207 315755580860619 290087732111912 200405856398630 200405856398655 250067301343569 90439056763725 288911337840702 288911337840746 288911337840789 53913138042379 345026542224283 725548869403305 43483270233687
119445626688115 119445626688098 665678065321002 761131891912103 761131891912142 538635898237808 610703968511163 610703968511243 290087732111870 641362670041570 200405856398643 250067301343657 288911337840767 288911337840714 288911337840788 651896136090900 942898843045110 981280790030120 981280790030069 594273083962651
483197235844083 801876212729416 801876212729454 741876871949978 857349451231946 783819587046423 233338737032814 202303019810340 202303019810411 202303019810319 202303019810240 964258519170249 56201945864468 400500553927472 347661460382410 347661460382427 347661460382416 652541941739787 652541941739854 594273083962636
20 20 93234648492247
853793851628685 443813933252670 527389664550250 540574805974725 797177247095273 627958139477533 108341199687670 167262844486122 135278385078534 640639156963351 626767406224509 717061236468099 564050365486507 210735197599078 148023812291141 593407496222189 464436295006117 689613020004943 300639684391006 433113290112560
806386411494944 783679125225539 884047234389988 611690671306965 990934313067494 465171800577905 20299202285414 490925610644192 970726759542780 318826269225676 937097537379955 664408891840837 294188684157144 215337175178028 185587249331169 557538925331008 486727194300784 773951549420123 858422200734860 128618598132633
597145272953448 543159970347890 670836712615382 595579659236773 934650065093535 845457465352358 867246276405154 473116104190249 883636561370187 812062139972098 555256483231322 579777092760604 592905515706494 612332404122229 189543083436541 387384106891213 493719894749995 931970788267114 881682647754512 812377609890584
517702760799985 91417615747905 650120144952626 612568507616117 57920348376227 470374771709633 744647082295049 477026403604855 253389290931633 569279180402382 485448194667210 538906786570322 627576796386196 717200145353651 200117574879237 131534577273171 66297407863899 838263927697 48262154670519 769297533055451
126919450602115 907731196148068 135969602133199 699979603046478 731576795961704 653654837320841 639514494777700 778990828704209 495203575260548 503639671582248 312775416883992 769863920374094 716040349459278 734846785368529 909196631125697 118144818455512 26403381998806 538454768571370 148607365882716 839469521660867
664321706674979 901311127455539 921129329580962 186327800011893 639450262707367 96323329219025 880244134403435 796806400423893 780982661259918 556751748806109 565993241740441 656241609400188 425359936209152 713826685162222 846216480829339 52575221524650 75871017995143 75617642972349 67690432146505 56333533853488
648514161566896 325008533778301 247768300951349 229782955975923 721396075274318 51138604418323 97389043088270 761379443185039 157197100446373 584528551914383 557890454035187 620364393103265 700836893742894 667842599834243 341162301578464 278715664284848 440144448557351 158924798212978 80498923486856 387189567692228
84987486023714 273918546791617 217754165547155 158110957794313 154856224780742 98776068458074 800023782922639 744123091849737 167416446369749 196780012468493 151389766578499 82787977713642 109227350287814 280124623726635 318630387052497 395194108413034 669352184060235 254774521816288 349261905217532 302835647806994
716986875551696 24759569571114 387577555429500 341165126980675 617697918897707 575472149642965 570921699654712 911091028946443 176916628328432 280596675561399 77476897643205 108054298921202 95529809500645 109644597125097 644703264013756 804622986121195 105838508308993 195799521696896 86772940277980 118146610745142
614455850812871 228094890119762 206875560860507 336739918541093 549337809310737 504353221399263 568084007802258 978807566502617 255936000967891 141685989609997 135381576649693 149561008694799 24981685141529 58981595169933 598179198709516 612295869947249 693232494079493 187547055382216 134521261276956 907032401722815
504110309969309 470411692832478 389237301579352 15966887870568 44873008217655 156379555343196 966123969126044 953384546282231 222084490968753 528939585654600 589736983504108 512431253903043 446462786572259 537143594033478 722633641485543 630726448445651 649436355524480 870049502414840 325192196217897 918639299522593
240812898593085 202996519293150 142779313940461 66468237050082 208303260232481 734560290733151 898832873890393 919761308894058 360723261645196 356777642083238 810254047637277 902870356483167 487161094378885 217651737665644 205764156236850 444807875638302 361937386807669 727696553046619 615112780956814 617195099075519
231265969163718 87592006840650 74244711015696 65956973611444 225471320452331 278904506354135 82792168129325 120193786705329 147605432981867 804053405208591 764296966428624 843028282429712 137984317597296 56583969832287 248544199759204 406032913112864 421703627858100 972644068902341 692838495351028 674354768058545
521156542280775 5233926634232 772324557482513 691307280445769 758849415323959 678823685764604 125830050355784 41393116712085 96324822600712 414344566866154 690653586680459 842978594710386 706178027761474 752698666645059 334029702901189 365344420390972 480553133812316 465074287585751 165302428122012 736753672962352
604746268719367 604281622016519 645564328118139 620752870210922 48160874157918 741419933415898 576906236423407 123605215159894 48348966515489 186588358895951 680606512288028 635115036340463 706295940400788 677671539839751 625611051094689 444254276340861 489359939863016 576770302342757 106145269530738 91171625446409
590801015728035 644151953040864 709128713237509 113957713672466 952633981305889 674919875670026 80472105099336 80142319393526 140967793465706 88829886087146 120057911674447 61876214230129 87798339224196 165012229055230 408033709996242 355871216048332 659958531457456 515346531796626 63241273393099 137479870693763
106469379922163 298125988722450 221522826891304 273323191903483 321366327488056 699002005092909 654881536987533 253822545884777 404233374245066 152331530496215 270727209608739 95821819438324 141907212229370 90169425840535 10768390043494 864898731745067 929362564351053 931969074068007 68449270565238 89097706576807
371877631608586 215482240750227 393659825438667 441708501933830 381598566850912 730407405459527 325114608205658 229575222949714 173838748162578 118171131148479 86837935141786 63914652027381 145044643688963 908437709905857 175664358635929 691468623038022 850621086098790 797023093202833 483394353860553 474220290777849
453219680441599 170300249848013 657350025998944 906721783386103 835221963702417 872878392990690 390761507326911 428797460240393 569088809736472 148594538157568 106445797995967 156871671850872 176946061897634 881541319321726 633305131745298 619403857597630 319470761072965 14314319830879 283434949352296 395481294683318
596467756909926 908507761019900 834356245381529 860775806538461 887325519728164 713272373956853 412264304016431 390543000604596 360087316892739 136082698200370 863635098101598 785312257571537 746807719565183 753453290858257 556945328462966 879215881202289 814068233841539 845680770392741 964909579352794 381582025047119
20 20 715162823407506
502054297867205 540819813834159 931880691698578 642140460776309 978368443057946 596377518392108 864278976079087 196015286045689 678756616743954 377254603413297 521964396128042 428658079328851 423656926869486 324714452424372 638101629265405 663786604934157 939032762998319 297577882409089 116188929945276 81243113552408
714566069825765 522052303081114 93515269607820 361797747807389 83058081880557 744697379956277 314101152082932 874541397660724 208360026094394 324715949416168 392876451376001 627951864994676 670623330512315 167786128238454 412499054279077 825366069401322 314467791979238 183799726716359 632970874652804 797556332663978
392058174029233 459103931560597 111822648958830 89336390488862 542746196936505 640962149310800 172659230758330 95491119786634 404798937710073 356421284013780 225427676083449 872283551128052 491305462221280 222195347477912 736222440823042 166073799245480 716661980010482 890821230071842 988385836052130 312955148689172
722007737211707 24789865091047 25463131175439 60926978939660 10444252959837 713240583623704 479370295513959 209573080731925 471612422902743 857600285024324 749867813447916 34914301601950 874836982666723 908836798717523 553737723452950 24965243627789 409201351162417 185868207613430 39794321332120 717073801809669
646870984388017 678570613778890 421384497597563 461982583027392 460714044430288 770113505445509 633035722067300 776332149422338 226979503227235 188768129746420 571125347692712 345265669925288 449817617868904 112629245401913 159400840665751 333422529812401 823549778440777 373226415638232 21674248769612 420624565789302
594639745383915 534177620584391 609294961852548 31828142456036 154444818223681 186171136499579 502630840887908 896337657170390 721211006775055 44089404542063 609290696943445 842292909549207 165225438865621 220857942100833 621452956020041 524841080605811 587268090784700 56731771473206 598088662157765 958597883314353
165269692136081 603667041015505 893218269362443 347717376296938 808978665049797 682873048518109 535179993985110 312471297248018 70071183072301 781007993873171 288817646042291 771458234439065 450926346537508 491614667980700 746031110409736 36882465009279 215514232267082 27536878498955 564378499610395 745622325796554
472745337840815 279640843856546 173852547733557 102055594487148 216145307754036 797602756016867 596085493033928 551819988819417 20797950953414 412985858932992 338023792329398 24611321974068 26024753828800 973405879482141 112243035477590 295516985854975 420954384893458 498931881791182 591009034197991 85898031036204
232762247421893 460485623369890 471430672080256 14425067906971 517026090738201 216314440363331 350311291171884 515333307941805 706065891016754 122036045848517 900752451041211 14636378867125 719090124601203 929568607955387 177147346379699 465425232624738 371124798253911 455449918756233 403485995979269 709558361989785
19721543990882 19107178744492 930897819022600 903590070055471 51299102088066 210774070016893 164006817515166 662668589489647 656093046211123 630615777020951 857466673391230 727844854809465 336095670131154 679518370039770 135762110614931 669630563204154 521751332890782 359975078150384 617141611082861 757571119070883
682749530393791 843664880386364 670282456782830 801320893750440 814903370832586 2512888603569 491945841742698 650869862275919 227715479911210 650605563926295 227659064403654 356091212843949 824718140821190 563416451793369 768843104373617 241844294951264 743747088717002 143179639159680 413618000756428 571098364603105
668809846932521 362151665035992 647638524865944 930599695328899 546684312353324 426004185795244 463811020829934 230990318439523 186238709248466 651892052997037 1507311525742 517627988858110 39379467632153 694113557515285 266739124503289 570316271558123 311449133730049 507348020267112 297214182249456 179914326947281
811832375941821 799569118432169 347743594272666 479297739365959 249621131646664 463614439302508 874345493576577 815520211472891 893924915307028 502811304830474 21862591013084 59949716283469 636823465644257 763709735015332 96784213137533 422777885990760 622218855490254 729679487267983 218462555849722 809566309917244
391806921078568 780225854234565 328954626806921 909838164463489 825143907402093 809333546493135 886506326214377 885947497175801 16526754298460 153734587588678 25457646825572 629945896357342 336740575300955 191493776933128 22395424503541 604097096534462 3738624429542 847341801901598 720662054739071 618032465398059
618320080952423 478469507028225 324505562946627 255555499980253 350853216980157 936857966489974 741161102535607 876749656715394 282169966114149 949430609952616 298971982103776 761722913850081 561226497396623 657179520519951 648619602045373 224118853401448 848350135338111 592572731192726 650083472867529 183081588949855
903515190747717 564185045551429 805874408410174 726815164344507 881380651060502 709612439438331 66878484444121 893512076776191 848020492207950 612080997930676 787470109558788 373280985786878 385376180381490 632255463043483 666798974429721 976944425487132 973357589541528 424876746172281 844120638084235 256927656579922
794506766935193 881727607591998 245512374096894 172053689000790 124599511903406 737591470675837 739276300008191 297101867121133 724844777596828 645332289663075 938004401709481 544312187502032 381835534025183 858102690723720 283387164729147 886884543161920 737744713898208 609364856055231 284491891166199 589562443446381
344475525019724 337984566295523 817687699884630 506280557892534 654256837192206 521391072693561 412926208550999 254733919736838 615208097683985 883051901565946 224605299962687 899599591818620 316015952460674 694778544301682 422323808940503 299068445388521 99259763957360 500256178639257 566906437896899 385913115718722
614511851199063 92998537630804 117058853374052 115735570111369 499945074542853 347882862920392 569848197646929 182911061823925 989237130826031 710055987096585 840854892651991 647840396773296 908840831454271 216421927236827 484137116113039 215199460491589 886658362697245 690911877794129 825964103088434 293385686565582
702149525031409 791182587032364 548747564516661 398952189630182 713658625600182 529539466617314 535727339165347 300541948633747 894125486761486 795741546335820 350513595377347 949594142081819 656721069049830 674648077961402 436152976405277 576285262008026 425032608704496 579747356344378 325273131919431 214341079168373
